0 0.564453125 0.3876953125 0.5546875 0.3544921875 0.4814453125 0.3515625 0.4169921875 0.275390625 0.3544921875 0.3046875 0.2861328125 0.29296875 0.2568359375 0.30859375 0.234375 0.3974609375 0.2783203125 0.43359375 0.3623046875 0.447265625 0.404296875 0.4794921875 0.4482421875 0.431640625 0.5126953125 0.4375 0.5439453125 0.41796875 0.564453125 0.3876953125
0 0.501953125 0.1611328125 0.5341796875 0.16015625 0.5654296875 0.126953125 0.6005859375 0.162109375 0.58203125 0.1181640625 0.59765625 0.1083984375 0.4912109375 0.11328125 0.3505859375 0.208984375 0.337890625 0.2255859375 0.34375 0.2587890625 0.376953125 0.2705078125 0.4755859375 0.251953125 0.47265625 0.2158203125 0.515625 0.2060546875 0.501953125 0.1611328125
0 0.1796875 0.5341796875 0.1611328125 0.501953125 0.1025390625 0.46484375 0.072265625 0.6025390625 0.076171875 0.6357421875 0.09375 0.6494140625 0.1142578125 0.59765625 0.173828125 0.5908203125 0.1171875 0.5380859375 0.1796875 0.5341796875
0 0.501953125 0.5224609375 0.4970703125 0.498046875 0.4697265625 0.494140625 0.4443359375 0.517578125 0.4248046875 0.515625 0.36328125 0.5732421875 0.357421875 0.5908203125 0.384765625 0.6083984375 0.390625 0.6357421875 0.419921875 0.6435546875 0.482421875 0.6240234375 0.498046875 0.5634765625 0.4765625 0.5400390625 0.501953125 0.5224609375
0 0.3427734375 0.69921875 0.349609375 0.6826171875 0.31640625 0.6630859375 0.3095703125 0.634765625 0.2646484375 0.638671875 0.2587890625 0.654296875 0.2470703125 0.634765625 0.2236328125 0.65234375 0.2001953125 0.630859375 0.1630859375 0.640625 0.1484375 0.6650390625 0.1552734375 0.67578125 0.2236328125 0.671875 0.265625 0.7041015625 0.3017578125 0.6875 0.318359375 0.6884765625 0.3134765625 0.703125 0.3427734375 0.69921875
0 0.3203125 0.7548828125 0.341796875 0.8017578125 0.37890625 0.8291015625 0.43359375 0.7197265625 0.3291015625 0.69921875 0.310546875 0.7216796875 0.3203125 0.7548828125
0 0.3623046875 0.71875 0.380859375 0.7099609375 0.3505859375 0.703125 0.3125 0.7197265625 0.328125 0.7822265625 0.263671875 0.8212890625 0.2607421875 0.85546875 0.22265625 0.8623046875 0.2333984375 0.884765625 0.2802734375 0.875 0.298828125 0.9169921875 0.390625 0.8466796875 0.390625 0.8095703125 0.4287109375 0.720703125 0.3623046875 0.71875
0 0.447265625 0.7216796875 0.439453125 0.7490234375 0.462890625 0.7568359375 0.5546875 0.6728515625 0.4873046875 0.650390625 0.47265625 0.7041015625 0.447265625 0.7216796875
0 0.4384765625 0.80078125 0.4130859375 0.802734375 0.38671875 0.8349609375 0.390625 0.8955078125 0.408203125 0.9013671875 0.4345703125 0.892578125 0.443359375 0.8720703125 0.451171875 0.8388671875 0.4384765625 0.80078125
0 0.4375 0.7529296875 0.46875 0.7646484375 0.4921875 0.7216796875 0.4755859375 0.705078125 0.44921875 0.7197265625 0.4375 0.7529296875
0 0.4794921875 0.8125 0.517578125 0.8134765625 0.53515625 0.7998046875 0.5126953125 0.775390625 0.451171875 0.7880859375 0.4794921875 0.8125
0 0.55859375 0.7626953125 0.5771484375 0.810546875 0.615234375 0.8134765625 0.64453125 0.7939453125 0.6259765625 0.759765625 0.5830078125 0.75 0.55859375 0.7626953125
0 0.662109375 0.6982421875 0.734375 0.7216796875 0.755859375 0.6943359375 0.74609375 0.6728515625 0.6826171875 0.65234375 0.662109375 0.6982421875
0 0.6455078125 0.462890625 0.6796875 0.4658203125 0.703125 0.4443359375 0.6845703125 0.419921875 0.6328125 0.4326171875 0.6455078125 0.462890625
0 0.68359375 0.3994140625 0.716796875 0.3837890625 0.6943359375 0.34765625 0.625 0.3759765625 0.68359375 0.3994140625
0 0.6728515625 0.326171875 0.76953125 0.3505859375 0.771484375 0.3310546875 0.7021484375 0.28125 0.654296875 0.3017578125 0.6728515625 0.326171875
0 0.8115234375 0.533203125 0.734375 0.5712890625 0.7353515625 0.595703125 0.771484375 0.6044921875 0.8017578125 0.58203125 0.8486328125 0.583984375 0.861328125 0.5419921875 0.8115234375 0.533203125
0 0.7841796875 0.173828125 0.7490234375 0.17578125 0.6787109375 0.103515625 0.6318359375 0.076171875 0.6181640625 0.08203125 0.69921875 0.1552734375 0.701171875 0.2080078125 0.7548828125 0.21875 0.7578125 0.2490234375 0.7734375 0.2509765625 0.7900390625 0.234375 0.8291015625 0.248046875 0.83984375 0.2216796875 0.7841796875 0.173828125