0 0.51953125 0.7763671875 0.5517578125 0.806640625 0.609375 0.8095703125 0.640625 0.7724609375 0.5986328125 0.7109375 0.51953125 0.7587890625 0.51953125 0.7763671875
0 0.6005859375 0.8125 0.5380859375 0.810546875 0.50390625 0.8349609375 0.5146484375 0.875 0.5576171875 0.8984375 0.6025390625 0.900390625 0.681640625 0.9443359375 0.70703125 0.9013671875 0.6806640625 0.857421875 0.6572265625 0.859375 0.6005859375 0.8125
0 0.2900390625 0.55859375 0.361328125 0.5693359375 0.400390625 0.5361328125 0.3876953125 0.505859375 0.27734375 0.4892578125 0.2900390625 0.55859375
0 0.333984375 0.4208984375 0.390625 0.4501953125 0.421875 0.4130859375 0.419921875 0.3935546875 0.3349609375 0.38671875 0.333984375 0.4208984375
0 0.5859375 0.2841796875 0.5693359375 0.25 0.5341796875 0.232421875 0.4951171875 0.255859375 0.373046875 0.2392578125 0.36328125 0.2802734375 0.408203125 0.3154296875 0.4404296875 0.37890625 0.5419921875 0.396484375 0.5751953125 0.375 0.6171875 0.3994140625 0.6328125 0.3896484375 0.623046875 0.3427734375 0.556640625 0.3134765625 0.5859375 0.2841796875
0 0.189453125 0.0966796875 0.2294921875 0.109375 0.26171875 0.1728515625 0.3056640625 0.18359375 0.3125 0.2041015625 0.33203125 0.1708984375 0.3125 0.0830078125 0.2099609375 0.056640625 0.189453125 0.0966796875
0 0.59375 0.1923828125 0.5166015625 0.16796875 0.53125 0.2333984375 0.59375 0.1923828125
0 0.724609375 0.7314453125 0.7587890625 0.73828125 0.783203125 0.7666015625 0.81640625 0.7314453125 0.810546875 0.6943359375 0.7353515625 0.693359375 0.724609375 0.7314453125
0 0.7919921875 0.80078125 0.7685546875 0.771484375 0.748046875 0.8251953125 0.783203125 0.8662109375 0.787109375 0.8408203125 0.828125 0.8173828125 0.8212890625 0.798828125 0.7919921875 0.80078125
0 0.240234375 0.6904296875 0.1943359375 0.669921875 0.205078125 0.7314453125 0.240234375 0.6904296875
0 0.6962890625 0.447265625 0.642578125 0.4580078125 0.654296875 0.4970703125 0.6328125 0.5439453125 0.677734375 0.5751953125 0.7470703125 0.560546875 0.796875 0.5302734375 0.7626953125 0.458984375 0.6962890625 0.447265625