0 0.4853515625 0.21875 0.4228515625 0.234375 0.40625 0.2177734375 0.4501953125 0.154296875 0.3408203125 0.126953125 0.3037109375 0.103515625 0.2919921875 0.142578125 0.2490234375 0.125 0.2373046875 0.140625 0.228515625 0.1279296875 0.2265625 0.1552734375 0.21484375 0.1572265625 0.2275390625 0.17578125 0.2744140625 0.185546875 0.3837890625 0.306640625 0.4140625 0.3076171875 0.4443359375 0.28515625 0.4892578125 0.294921875 0.501953125 0.2822265625 0.4853515625 0.21875
0 0.486328125 0.3408203125 0.4599609375 0.314453125 0.3896484375 0.314453125 0.353515625 0.3525390625 0.349609375 0.4072265625 0.40625 0.4658203125 0.46875 0.4033203125 0.46875 0.3779296875 0.490234375 0.3720703125 0.486328125 0.3408203125
0 0.705078125 0.4501953125 0.7109375 0.4150390625 0.6953125 0.3701171875 0.6259765625 0.279296875 0.583984375 0.3310546875 0.583984375 0.3994140625 0.607421875 0.4287109375 0.59765625 0.5029296875 0.6259765625 0.509765625 0.66015625 0.5478515625 0.6845703125 0.525390625 0.724609375 0.5244140625 0.677734375 0.4814453125 0.705078125 0.4501953125
0 0.845703125 0.5283203125 0.8056640625 0.439453125 0.79296875 0.5107421875 0.8046875 0.5478515625 0.734375 0.6240234375 0.755859375 0.6806640625 0.76953125 0.6826171875 0.8125 0.6474609375 0.833984375 0.5869140625 0.82421875 0.5556640625 0.845703125 0.5283203125
0 0.291015625 0.6416015625 0.3134765625 0.669921875 0.35546875 0.6748046875 0.37109375 0.6572265625 0.3642578125 0.626953125 0.3193359375 0.62109375 0.291015625 0.6416015625
0 0.22265625 0.6611328125 0.2216796875 0.69140625 0.283203125 0.6982421875 0.310546875 0.6748046875 0.2900390625 0.64453125 0.2548828125 0.642578125 0.22265625 0.6611328125
0 0.3583984375 0.74609375 0.3193359375 0.75 0.306640625 0.7958984375 0.369140625 0.8583984375 0.39453125 0.8447265625 0.3955078125 0.8125 0.4375 0.8232421875 0.3583984375 0.74609375
0 0.4169921875 0.556640625 0.4453125 0.5595703125 0.45703125 0.5341796875 0.4443359375 0.515625 0.3984375 0.5322265625 0.4169921875 0.556640625
0 0.412109375 0.6123046875 0.4521484375 0.642578125 0.484375 0.6455078125 0.505859375 0.6240234375 0.4892578125 0.587890625 0.4423828125 0.5859375 0.412109375 0.6123046875
0 0.4306640625 0.82421875 0.453125 0.8271484375 0.4521484375 0.748046875 0.4306640625 0.736328125 0.361328125 0.7431640625 0.4306640625 0.82421875
0 0.5966796875 0.90625 0.662109375 0.9072265625 0.6630859375 0.861328125 0.6103515625 0.861328125 0.580078125 0.8857421875 0.5966796875 0.90625
0 0.142578125 0.2685546875 0.177734375 0.3037109375 0.240234375 0.2841796875 0.1845703125 0.21875 0.158203125 0.2275390625 0.142578125 0.2685546875