0 0.171875 0.4228515625 0.185546875 0.4013671875 0.1533203125 0.375 0.1484375 0.4091796875 0.171875 0.4228515625
0 0.2314453125 0.466796875 0.1875 0.5322265625 0.251953125 0.5595703125 0.27734375 0.5400390625 0.259765625 0.5009765625 0.287109375 0.4775390625 0.2314453125 0.466796875
0 0.3984375 0.5927734375 0.443359375 0.6162109375 0.48046875 0.5791015625 0.4541015625 0.486328125 0.390625 0.5126953125 0.3984375 0.5927734375
0 0.228515625 0.2099609375 0.2265625 0.2236328125 0.248046875 0.2294921875 0.27734375 0.2138671875 0.287109375 0.1865234375 0.2744140625 0.171875 0.228515625 0.2099609375
0 0.5068359375 0.05859375 0.4501953125 0.0625 0.439453125 0.0751953125 0.48828125 0.1025390625 0.46484375 0.1455078125 0.5 0.1513671875 0.5224609375 0.11328125 0.56640625 0.1025390625 0.5126953125 0.078125 0.5068359375 0.05859375
0 0.591796875 0.3779296875 0.5751953125 0.361328125 0.470703125 0.4404296875 0.4892578125 0.458984375 0.529296875 0.4619140625 0.5537109375 0.458984375 0.580078125 0.4306640625 0.56640625 0.4013671875 0.591796875 0.3779296875
0 0.5478515625 0.599609375 0.515625 0.6240234375 0.5205078125 0.6484375 0.55859375 0.6494140625 0.6337890625 0.625 0.650390625 0.6083984375 0.642578125 0.5849609375 0.5478515625 0.599609375
0 0.1904296875 0.609375 0.1025390625 0.640625 0.0791015625 0.60546875 0.044921875 0.6064453125 0.0712890625 0.673828125 0.134765625 0.6923828125 0.1533203125 0.64453125 0.2080078125 0.640625 0.22265625 0.6201171875 0.1904296875 0.609375
0 0.2607421875 0.662109375 0.25 0.7021484375 0.3046875 0.7314453125 0.328125 0.7158203125 0.322265625 0.6962890625 0.2919921875 0.66796875 0.2607421875 0.662109375
0 0.453125 0.7958984375 0.4658203125 0.771484375 0.41015625 0.7548828125 0.4248046875 0.794921875 0.453125 0.7958984375
0 0.455078125 0.8544921875 0.4599609375 0.880859375 0.52734375 0.8935546875 0.548828125 0.8623046875 0.5361328125 0.83203125 0.4794921875 0.83203125 0.455078125 0.8544921875
0 0.3056640625 0.8515625 0.388671875 0.8681640625 0.3916015625 0.8125 0.3251953125 0.80859375 0.283203125 0.8271484375 0.3056640625 0.8515625
0 0.685546875 0.7939453125 0.7265625 0.7509765625 0.6474609375 0.734375 0.646484375 0.7822265625 0.685546875 0.7939453125
0 0.6875 0.8779296875 0.70703125 0.8798828125 0.771484375 0.8505859375 0.7509765625 0.80078125 0.689453125 0.8076171875 0.6875 0.8779296875
0 0.783203125 0.7138671875 0.8671875 0.6767578125 0.7490234375 0.671875 0.751953125 0.7041015625 0.783203125 0.7138671875
0 0.75390625 0.3701171875 0.7890625 0.3583984375 0.7783203125 0.3359375 0.7421875 0.3466796875 0.75390625 0.3701171875
0 0.8046875 0.4658203125 0.873046875 0.4912109375 0.8515625 0.4091796875 0.8232421875 0.412109375 0.806640625 0.4267578125 0.8046875 0.4658203125
0 0.8642578125 0.630859375 0.90234375 0.6357421875 0.923828125 0.6337890625 0.9169921875 0.591796875 0.853515625 0.6123046875 0.8642578125 0.630859375
0 0.34375 0.4794921875 0.369140625 0.4423828125 0.3056640625 0.412109375 0.314453125 0.4736328125 0.34375 0.4794921875