0 0.6328125 0.0654296875 0.662109375 0.0634765625 0.6376953125 0.013671875 0.572265625 0.0615234375 0.6328125 0.0654296875
0 0.6650390625 0.0703125 0.658203125 0.1162109375 0.591796875 0.1513671875 0.6376953125 0.173828125 0.736328125 0.1787109375 0.7783203125 0.171875 0.796875 0.1494140625 0.6865234375 0.109375 0.6650390625 0.0703125
0 0.486328125 0.3662109375 0.4677734375 0.341796875 0.42578125 0.3544921875 0.439453125 0.3232421875 0.4306640625 0.296875 0.3544921875 0.337890625 0.328125 0.3759765625 0.3447265625 0.4140625 0.396484375 0.4208984375 0.4375 0.4052734375 0.4345703125 0.3671875 0.4736328125 0.380859375 0.486328125 0.3662109375
0 0.455078125 0.2080078125 0.50390625 0.1767578125 0.4541015625 0.17578125 0.443359375 0.2001953125 0.455078125 0.2080078125
0 0.69140625 0.3388671875 0.712890625 0.2939453125 0.70703125 0.2626953125 0.6826171875 0.244140625 0.57421875 0.2666015625 0.576171875 0.3681640625 0.583984375 0.4111328125 0.6015625 0.4169921875 0.6318359375 0.396484375 0.6630859375 0.396484375 0.701171875 0.3583984375 0.69140625 0.3388671875
0 0.0888671875 0.52734375 0.095703125 0.5517578125 0.07421875 0.5869140625 0.12890625 0.5986328125 0.2021484375 0.572265625 0.212890625 0.5458984375 0.1591796875 0.5625 0.0888671875 0.52734375
0 0.4677734375 0.591796875 0.453125 0.5341796875 0.4208984375 0.5078125 0.3271484375 0.4921875 0.232421875 0.5146484375 0.23828125 0.5380859375 0.2666015625 0.556640625 0.3896484375 0.56640625 0.4052734375 0.60546875 0.4482421875 0.595703125 0.431640625 0.6396484375 0.484375 0.6474609375 0.5517578125 0.630859375 0.560546875 0.5986328125 0.5244140625 0.5859375 0.4677734375 0.591796875
0 0.59765625 0.5654296875 0.6171875 0.6220703125 0.703125 0.5810546875 0.7021484375 0.53515625 0.6435546875 0.53515625 0.59765625 0.5654296875
0 0.736328125 0.5751953125 0.75390625 0.5986328125 0.80078125 0.5283203125 0.7705078125 0.501953125 0.751953125 0.5068359375 0.736328125 0.5751953125
0 0.8359375 0.5634765625 0.8544921875 0.591796875 0.8974609375 0.580078125 0.908203125 0.6083984375 0.9296875 0.5205078125 0.876953125 0.4775390625 0.8642578125 0.44140625 0.8359375 0.5634765625
0 0.630859375 0.7099609375 0.662109375 0.7373046875 0.669921875 0.8369140625 0.693359375 0.8623046875 0.8232421875 0.689453125 0.7060546875 0.646484375 0.646484375 0.6728515625 0.630859375 0.7099609375