0 0.537109375 0.4462890625 0.587890625 0.4677734375 0.611328125 0.4384765625 0.5849609375 0.4140625 0.5458984375 0.4140625 0.537109375 0.4462890625
0 0.6982421875 0.462890625 0.6318359375 0.466796875 0.62890625 0.4912109375 0.666015625 0.5244140625 0.66796875 0.5712890625 0.681640625 0.5751953125 0.708984375 0.5537109375 0.681640625 0.5224609375 0.71875 0.4814453125 0.6982421875 0.462890625
0 0.3671875 0.4677734375 0.3642578125 0.431640625 0.326171875 0.4404296875 0.3271484375 0.458984375 0.3671875 0.4677734375
0 0.1953125 0.3916015625 0.25 0.4013671875 0.240234375 0.3447265625 0.2099609375 0.349609375 0.224609375 0.3642578125 0.1953125 0.3916015625
0 0.427734375 0.1728515625 0.4423828125 0.19921875 0.5185546875 0.18359375 0.509765625 0.2080078125 0.529296875 0.2177734375 0.5390625 0.1884765625 0.5205078125 0.123046875 0.4697265625 0.130859375 0.427734375 0.1728515625
0 0.55078125 0.3115234375 0.625 0.3232421875 0.646484375 0.2998046875 0.5986328125 0.275390625 0.5615234375 0.2890625 0.55078125 0.3115234375
0 0.6611328125 0.171875 0.626953125 0.2021484375 0.6572265625 0.248046875 0.6865234375 0.25 0.72265625 0.2900390625 0.751953125 0.2119140625 0.7060546875 0.1640625 0.6865234375 0.177734375 0.6611328125 0.171875
0 0.712890625 0.3583984375 0.7333984375 0.3125 0.6962890625 0.31640625 0.669921875 0.3447265625 0.712890625 0.3583984375
0 0.3984375 0.5439453125 0.435546875 0.5146484375 0.3955078125 0.498046875 0.357421875 0.5205078125 0.3984375 0.5439453125
0 0.552734375 0.8701171875 0.552734375 0.9169921875 0.564453125 0.9228515625 0.6015625 0.8759765625 0.5986328125 0.85546875 0.5732421875 0.849609375 0.552734375 0.8701171875
0 0.587890625 0.7353515625 0.59765625 0.6845703125 0.5322265625 0.626953125 0.544921875 0.7998046875 0.5712890625 0.822265625 0.623046875 0.8310546875 0.65625 0.7978515625 0.6015625 0.7822265625 0.603515625 0.7529296875 0.587890625 0.7353515625
0 0.0849609375 0.529296875 0.0712890625 0.498046875 0.05078125 0.5498046875 0.052734375 0.6083984375 0.0595703125 0.623046875 0.0654296875 0.61328125 0.107421875 0.6240234375 0.15625 0.5478515625 0.1044921875 0.529296875 0.0966796875 0.51171875 0.0849609375 0.529296875
0 0.2099609375 0.625 0.1640625 0.6357421875 0.203125 0.6416015625 0.2099609375 0.625
0 0.13671875 0.7041015625 0.162109375 0.7138671875 0.189453125 0.7060546875 0.1845703125 0.6796875 0.1611328125 0.677734375 0.13671875 0.7041015625