0 0.240234375 0.2509765625 0.25 0.2119140625 0.2216796875 0.203125 0.203125 0.2451171875 0.240234375 0.2509765625
0 0.3623046875 0.119140625 0.345703125 0.1435546875 0.388671875 0.1650390625 0.40234375 0.1591796875 0.400390625 0.1337890625 0.3876953125 0.1171875 0.3623046875 0.119140625
0 0.357421875 0.2919921875 0.376953125 0.2353515625 0.3427734375 0.21875 0.33203125 0.2451171875 0.357421875 0.2919921875
0 0.224609375 0.3173828125 0.265625 0.3564453125 0.291015625 0.3212890625 0.27734375 0.2919921875 0.2568359375 0.28515625 0.224609375 0.3173828125
0 0.146484375 0.3837890625 0.171875 0.4013671875 0.21875 0.3798828125 0.2080078125 0.359375 0.158203125 0.3603515625 0.146484375 0.3837890625
0 0.447265625 0.5947265625 0.4658203125 0.615234375 0.490234375 0.6162109375 0.529296875 0.5888671875 0.5068359375 0.564453125 0.4560546875 0.5625 0.447265625 0.5947265625
0 0.2822265625 0.630859375 0.28125 0.6552734375 0.30078125 0.6591796875 0.3466796875 0.65234375 0.353515625 0.6240234375 0.3291015625 0.615234375 0.2822265625 0.630859375
0 0.2373046875 0.736328125 0.27734375 0.7470703125 0.302734375 0.7255859375 0.2900390625 0.705078125 0.232421875 0.7099609375 0.2373046875 0.736328125
0 0.146484375 0.7685546875 0.181640625 0.7783203125 0.205078125 0.7607421875 0.2001953125 0.744140625 0.1630859375 0.75 0.146484375 0.7685546875
0 0.4013671875 0.705078125 0.345703125 0.7294921875 0.359375 0.7333984375 0.4521484375 0.712890625 0.453125 0.6943359375 0.4248046875 0.677734375 0.4013671875 0.705078125
0 0.5576171875 0.73828125 0.525390625 0.7861328125 0.521484375 0.8564453125 0.578125 0.8662109375 0.697265625 0.8564453125 0.64453125 0.7607421875 0.6083984375 0.734375 0.5576171875 0.73828125
0 0.4384765625 0.87109375 0.421875 0.8916015625 0.404296875 0.9423828125 0.44140625 0.9541015625 0.43359375 0.9443359375 0.5 0.8896484375 0.4990234375 0.87109375 0.4384765625 0.87109375
0 0.6376953125 0.8984375 0.6103515625 0.900390625 0.5849609375 0.8828125 0.515625 0.9130859375 0.5576171875 0.9453125 0.5654296875 0.9296875 0.5693359375 0.9453125 0.5986328125 0.943359375 0.57421875 0.9365234375 0.5966796875 0.921875 0.646484375 0.9443359375 0.7080078125 0.927734375 0.720703125 0.8994140625 0.6455078125 0.8828125 0.6376953125 0.8984375