0 0.5302734375 0.583984375 0.458984375 0.6005859375 0.4853515625 0.63671875 0.51953125 0.6455078125 0.5908203125 0.62890625 0.60546875 0.6181640625 0.6015625 0.6005859375 0.5302734375 0.583984375
0 0.6337890625 0.580078125 0.619140625 0.5966796875 0.6396484375 0.61328125 0.732421875 0.6162109375 0.74609375 0.6103515625 0.73828125 0.5966796875 0.6982421875 0.57421875 0.6337890625 0.580078125
0 0.4111328125 0.701171875 0.458984375 0.7119140625 0.53515625 0.6865234375 0.4951171875 0.66015625 0.404296875 0.6748046875 0.4111328125 0.701171875
0 0.4609375 0.8310546875 0.4912109375 0.859375 0.515625 0.8583984375 0.62109375 0.7841796875 0.4853515625 0.75390625 0.515625 0.7939453125 0.4609375 0.8310546875
0 0.62109375 0.6904296875 0.6337890625 0.71484375 0.720703125 0.7177734375 0.734375 0.7080078125 0.7255859375 0.68359375 0.6494140625 0.673828125 0.62109375 0.6904296875
0 0.7880859375 0.697265625 0.875 0.7021484375 0.9140625 0.6650390625 0.7880859375 0.66015625 0.771484375 0.6708984375 0.7880859375 0.697265625
0 0.9111328125 0.513671875 0.8974609375 0.5 0.923828125 0.6064453125 0.96875 0.6513671875 0.9765625 0.5888671875 0.953125 0.5322265625 0.9306640625 0.5 0.9111328125 0.513671875
0 0.783203125 0.5439453125 0.7900390625 0.5625 0.818359375 0.5693359375 0.8359375 0.5595703125 0.8310546875 0.54296875 0.8017578125 0.53125 0.783203125 0.5439453125
0 0.765625 0.5068359375 0.798828125 0.5126953125 0.833984375 0.4951171875 0.8212890625 0.46875 0.76953125 0.4833984375 0.765625 0.5068359375
0 0.7197265625 0.388671875 0.736328125 0.3662109375 0.6728515625 0.341796875 0.6455078125 0.3515625 0.634765625 0.3388671875 0.6484375 0.3330078125 0.6435546875 0.314453125 0.5458984375 0.2734375 0.5146484375 0.30859375 0.4306640625 0.310546875 0.416015625 0.3251953125 0.4111328125 0.35546875 0.474609375 0.3603515625 0.4609375 0.3720703125 0.4677734375 0.3984375 0.6015625 0.4326171875 0.61328125 0.4287109375 0.6162109375 0.384765625 0.6826171875 0.39453125 0.7197265625 0.388671875
0 0.2666015625 0.314453125 0.18359375 0.3212890625 0.1865234375 0.341796875 0.1923828125 0.328125 0.2275390625 0.330078125 0.265625 0.3916015625 0.2783203125 0.3671875 0.3525390625 0.380859375 0.35546875 0.3369140625 0.2666015625 0.314453125
0 0.2265625 0.4990234375 0.21875 0.4833984375 0.2001953125 0.486328125 0.171875 0.5185546875 0.16796875 0.5771484375 0.25 0.5927734375 0.265625 0.5888671875 0.265625 0.5634765625 0.212890625 0.5126953125 0.2265625 0.4990234375
0 0.0908203125 0.609375 0.0830078125 0.57421875 0.048828125 0.5732421875 0.0693359375 0.658203125 0.20703125 0.6787109375 0.240234375 0.6611328125 0.1728515625 0.591796875 0.1669921875 0.60546875 0.0908203125 0.609375
0 0.224609375 0.2021484375 0.263671875 0.2255859375 0.28515625 0.1826171875 0.2568359375 0.162109375 0.23046875 0.1787109375 0.224609375 0.2021484375
0 0.44140625 0.2412109375 0.4677734375 0.232421875 0.4638671875 0.22265625 0.5419921875 0.236328125 0.55078125 0.2548828125 0.5859375 0.2197265625 0.5546875 0.1279296875 0.4404296875 0.12890625 0.44140625 0.2412109375