0 0.3037109375 0.325 0.296875 0.3390625 0.294921875 0.3640625 0.3017578125 0.384375 0.310546875 0.3828125 0.3291015625 0.38125 0.34765625 0.3609375 0.3271484375 0.328125 0.3037109375 0.325
0 0.384765625 0.3578125 0.38671875 0.3734375 0.3994140625 0.39375 0.41796875 0.3921875 0.419921875 0.3546875 0.4130859375 0.34375 0.3896484375 0.34375 0.384765625 0.3578125
0 0.4697265625 0.384375 0.4482421875 0.3875 0.439453125 0.4046875 0.44140625 0.4390625 0.451171875 0.4546875 0.453125 0.4734375 0.4609375 0.4734375 0.4775390625 0.46875 0.490234375 0.4296875 0.486328125 0.4046875 0.4697265625 0.384375
0 0.5556640625 0.390625 0.5341796875 0.384375 0.521484375 0.3984375 0.5234375 0.4328125 0.525390625 0.4546875 0.5302734375 0.4625 0.541015625 0.4609375 0.5654296875 0.45 0.5703125 0.4421875 0.5703125 0.4171875 0.5556640625 0.390625
0 0.2822265625 0.38125 0.26171875 0.3921875 0.267578125 0.4359375 0.2919921875 0.475 0.3251953125 0.503125 0.34375 0.5078125 0.349609375 0.4546875 0.326171875 0.4171875 0.3291015625 0.38125 0.2822265625 0.38125
0 0.2890625 0.5453125 0.365234375 0.5546875 0.375 0.5484375 0.3779296875 0.53125 0.3251953125 0.53125 0.2890625 0.5453125
0 0.3828125 0.5859375 0.3701171875 0.55625 0.3369140625 0.5875 0.2958984375 0.584375 0.2822265625 0.59375 0.283203125 0.5203125 0.2783203125 0.51875 0.27734375 0.6109375 0.271484375 0.6484375 0.3076171875 0.675 0.32421875 0.6734375 0.3369140625 0.671875 0.3798828125 0.6375 0.384765625 0.6296875 0.3828125 0.5859375
0 0.5126953125 0.54375 0.4912109375 0.5375 0.4794921875 0.55 0.4521484375 0.515625 0.4287109375 0.509375 0.4150390625 0.515625 0.390625 0.5546875 0.390625 0.5640625 0.4091796875 0.58125 0.4208984375 0.603125 0.4833984375 0.64375 0.49609375 0.6421875 0.51171875 0.6203125 0.5234375 0.5828125 0.521484375 0.5546875 0.5126953125 0.54375
0 0.4345703125 0.71875 0.4443359375 0.7 0.466796875 0.6828125 0.46484375 0.6640625 0.474609375 0.6390625 0.4306640625 0.6125 0.3994140625 0.628125 0.396484375 0.6640625 0.3544921875 0.690625 0.3359375 0.7171875 0.3369140625 0.725 0.34375 0.7234375 0.3662109375 0.70625 0.3837890625 0.70625 0.4052734375 0.71875 0.4345703125 0.71875
0 0.5654296875 0.678125 0.4833984375 0.646875 0.4736328125 0.65 0.46484375 0.6640625 0.4697265625 0.6875 0.4912109375 0.703125 0.58203125 0.7140625 0.5830078125 0.703125 0.56640625 0.6953125 0.5703125 0.6859375 0.5654296875 0.678125
0 0.6650390625 0.634375 0.6416015625 0.63125 0.634765625 0.6203125 0.6376953125 0.60625 0.5947265625 0.56875 0.5830078125 0.565625 0.57421875 0.5796875 0.560546875 0.6265625 0.5615234375 0.675 0.6533203125 0.690625 0.6650390625 0.725 0.67578125 0.7234375 0.701171875 0.6828125 0.7041015625 0.665625 0.6826171875 0.659375 0.6650390625 0.634375
0 0.580078125 0.5671875 0.5458984375 0.540625 0.5244140625 0.5375 0.51953125 0.5453125 0.5234375 0.5828125 0.509765625 0.6234375 0.505859375 0.6546875 0.5439453125 0.671875 0.5703125 0.6703125 0.576171875 0.6578125 0.56640625 0.6421875 0.564453125 0.6140625 0.580078125 0.5671875