0 0.197265625 0.2587890625 0.2109375 0.2470703125 0.2080078125 0.205078125 0.13671875 0.2373046875 0.197265625 0.2587890625
0 0.111328125 0.2001953125 0.0751953125 0.1796875 0.044921875 0.1923828125 0.029296875 0.2373046875 0.0419921875 0.271484375 0.0859375 0.2861328125 0.1142578125 0.2734375 0.12890625 0.2431640625 0.091796875 0.2236328125 0.111328125 0.2001953125
0 0.0546875 0.3017578125 0.0634765625 0.279296875 0.0380859375 0.271484375 0.01953125 0.2880859375 0.0546875 0.3017578125
0 0.0791015625 0.337890625 0.1142578125 0.353515625 0.2421875 0.3623046875 0.2890625 0.3330078125 0.2666015625 0.296875 0.068359375 0.3134765625 0.0791015625 0.337890625
0 0.22265625 0.1279296875 0.251953125 0.1552734375 0.2919921875 0.140625 0.296875 0.1103515625 0.2216796875 0.08984375 0.22265625 0.1279296875
0 0.294921875 0.1943359375 0.3056640625 0.21875 0.33984375 0.2255859375 0.4111328125 0.130859375 0.34765625 0.1240234375 0.357421875 0.1669921875 0.294921875 0.1943359375
0 0.3896484375 0.330078125 0.44140625 0.3310546875 0.45703125 0.3017578125 0.4423828125 0.271484375 0.3828125 0.3095703125 0.3896484375 0.330078125
0 0.41796875 0.4267578125 0.455078125 0.4365234375 0.509765625 0.4033203125 0.4775390625 0.36328125 0.44140625 0.3720703125 0.41796875 0.4267578125
0 0.3134765625 0.515625 0.265625 0.5498046875 0.2978515625 0.576171875 0.333984375 0.5751953125 0.3447265625 0.548828125 0.375 0.5400390625 0.3740234375 0.521484375 0.3134765625 0.515625
0 0.2783203125 0.599609375 0.287109375 0.6396484375 0.31640625 0.6572265625 0.3720703125 0.634765625 0.38671875 0.6142578125 0.3271484375 0.595703125 0.2783203125 0.599609375
0 0.3564453125 0.67578125 0.31640625 0.6845703125 0.318359375 0.7021484375 0.3955078125 0.775390625 0.455078125 0.7958984375 0.4375 0.7548828125 0.4755859375 0.73828125 0.4755859375 0.71875 0.3564453125 0.67578125
0 0.515625 0.7490234375 0.5498046875 0.77734375 0.609375 0.7900390625 0.5908203125 0.7265625 0.5322265625 0.720703125 0.517578125 0.7333984375 0.515625 0.7490234375
0 0.552734375 0.4599609375 0.578125 0.5107421875 0.603515625 0.5185546875 0.6640625 0.4716796875 0.6474609375 0.4453125 0.6103515625 0.435546875 0.552734375 0.4599609375
0 0.73046875 0.3212890625 0.73828125 0.3505859375 0.7900390625 0.35546875 0.8154296875 0.390625 0.833984375 0.3916015625 0.84375 0.3798828125 0.7314453125 0.28125 0.74609375 0.3017578125 0.73046875 0.3212890625