0 0.447265625 0.2294921875 0.484375 0.2490234375 0.498046875 0.2119140625 0.4794921875 0.1875 0.4619140625 0.1875 0.447265625 0.2294921875
0 0.5859375 0.2060546875 0.619140625 0.1943359375 0.5908203125 0.1640625 0.556640625 0.1904296875 0.5859375 0.2060546875
0 0.751953125 0.3251953125 0.763671875 0.3291015625 0.8046875 0.2978515625 0.7861328125 0.263671875 0.75 0.2841796875 0.751953125 0.3251953125
0 0.83984375 0.3427734375 0.875 0.3525390625 0.900390625 0.3193359375 0.8876953125 0.28515625 0.8359375 0.3076171875 0.83984375 0.3427734375
0 0.357421875 0.4775390625 0.400390625 0.4912109375 0.41796875 0.4775390625 0.419921875 0.4423828125 0.3623046875 0.439453125 0.357421875 0.4775390625
0 0.51953125 0.3935546875 0.52734375 0.3369140625 0.5029296875 0.328125 0.484375 0.3681640625 0.51953125 0.3935546875
0 0.53125 0.5888671875 0.595703125 0.6123046875 0.625 0.5927734375 0.623046875 0.5537109375 0.5517578125 0.548828125 0.53125 0.5888671875
0 0.7109375 0.5146484375 0.7421875 0.4951171875 0.7431640625 0.46875 0.69140625 0.4716796875 0.7109375 0.5146484375
0 0.2421875 0.7041015625 0.267578125 0.7158203125 0.298828125 0.6923828125 0.2802734375 0.662109375 0.25 0.6748046875 0.2421875 0.7041015625
0 0.4609375 0.7333984375 0.482421875 0.7119140625 0.4560546875 0.69921875 0.4375 0.7275390625 0.4609375 0.7333984375
0 0.4140625 0.7275390625 0.439453125 0.6943359375 0.4267578125 0.673828125 0.390625 0.6884765625 0.4140625 0.7275390625
0 0.498046875 0.8134765625 0.505859375 0.7958984375 0.4873046875 0.77734375 0.47265625 0.8076171875 0.498046875 0.8134765625
0 0.4921875 0.8818359375 0.5 0.8603515625 0.4716796875 0.833984375 0.455078125 0.8681640625 0.4921875 0.8818359375