0 0.2578125 0.2568359375 0.234375 0.2724609375 0.2509765625 0.294921875 0.306640625 0.3056640625 0.3359375 0.2880859375 0.3359375 0.2724609375 0.2607421875 0.2265625 0.2578125 0.2568359375
0 0.40234375 0.2216796875 0.38671875 0.2529296875 0.4140625 0.2783203125 0.45703125 0.2431640625 0.458984375 0.2236328125 0.4345703125 0.203125 0.40234375 0.2216796875
0 0.716796875 0.3349609375 0.701171875 0.3857421875 0.802734375 0.4482421875 0.703125 0.2841796875 0.6708984375 0.27734375 0.68359375 0.3134765625 0.716796875 0.3349609375
0 0.30078125 0.3876953125 0.33984375 0.3642578125 0.2978515625 0.361328125 0.283203125 0.3818359375 0.30078125 0.3876953125
0 0.306640625 0.5048828125 0.318359375 0.4404296875 0.2802734375 0.427734375 0.25 0.4716796875 0.306640625 0.5048828125
0 0.3798828125 0.533203125 0.341796875 0.5556640625 0.3564453125 0.587890625 0.4609375 0.6083984375 0.484375 0.5810546875 0.4560546875 0.55859375 0.4248046875 0.560546875 0.3798828125 0.533203125
0 0.62109375 0.5615234375 0.662109375 0.5322265625 0.6357421875 0.517578125 0.5859375 0.5322265625 0.62109375 0.5615234375
0 0.701171875 0.7294921875 0.7099609375 0.673828125 0.61328125 0.6943359375 0.6220703125 0.708984375 0.701171875 0.7294921875
0 0.228515625 0.7802734375 0.248046875 0.8076171875 0.3095703125 0.806640625 0.3125 0.7900390625 0.2431640625 0.75 0.228515625 0.7802734375
0 0.32421875 0.8017578125 0.3359375 0.8369140625 0.4375 0.8173828125 0.3818359375 0.78515625 0.3388671875 0.78515625 0.32421875 0.8017578125
0 0.408203125 0.7548828125 0.48828125 0.7666015625 0.498046875 0.7509765625 0.4521484375 0.71875 0.4248046875 0.72265625 0.408203125 0.7548828125
0 0.5419921875 0.798828125 0.5078125 0.8271484375 0.55078125 0.8662109375 0.6142578125 0.849609375 0.64453125 0.8193359375 0.6201171875 0.79296875 0.5419921875 0.798828125
0 0.64453125 0.9169921875 0.6162109375 0.890625 0.5400390625 0.896484375 0.5185546875 0.8828125 0.400390625 0.9091796875 0.4052734375 0.939453125 0.474609375 0.9619140625 0.5341796875 0.947265625 0.5361328125 0.9296875 0.5927734375 0.939453125 0.64453125 0.9169921875