0 0.5224609375 0.201171875 0.4716796875 0.201171875 0.439453125 0.2490234375 0.482421875 0.2705078125 0.5224609375 0.255859375 0.513671875 0.2392578125 0.55078125 0.2216796875 0.5224609375 0.201171875
0 0.6376953125 0.302734375 0.603515625 0.3349609375 0.5859375 0.3798828125 0.5859375 0.3974609375 0.603515625 0.4033203125 0.681640625 0.3603515625 0.693359375 0.3330078125 0.6826171875 0.306640625 0.6376953125 0.302734375
0 0.619140625 0.7236328125 0.6455078125 0.75390625 0.7109375 0.7685546875 0.7470703125 0.755859375 0.81640625 0.6806640625 0.7333984375 0.578125 0.619140625 0.7236328125
0 0.7880859375 0.814453125 0.75390625 0.8681640625 0.796875 0.8994140625 0.8525390625 0.8828125 0.9140625 0.8037109375 0.8427734375 0.798828125 0.7880859375 0.814453125
0 0.43359375 0.5986328125 0.4365234375 0.611328125 0.490234375 0.6220703125 0.515625 0.6025390625 0.5068359375 0.5703125 0.4580078125 0.572265625 0.43359375 0.5986328125
0 0.5537109375 0.517578125 0.5400390625 0.486328125 0.5126953125 0.486328125 0.4619140625 0.52734375 0.4228515625 0.537109375 0.41015625 0.5576171875 0.421875 0.5732421875 0.4794921875 0.552734375 0.5888671875 0.56640625 0.59375 0.5341796875 0.5537109375 0.517578125
0 0.453125 0.3505859375 0.4482421875 0.328125 0.4130859375 0.330078125 0.3955078125 0.369140625 0.3037109375 0.390625 0.2724609375 0.421875 0.2197265625 0.40234375 0.2138671875 0.458984375 0.1650390625 0.455078125 0.1484375 0.4697265625 0.27734375 0.5068359375 0.3642578125 0.47265625 0.4296875 0.4677734375 0.427734375 0.3662109375 0.453125 0.3505859375
0 0.2333984375 0.21875 0.1796875 0.2470703125 0.1826171875 0.259765625 0.234375 0.2705078125 0.224609375 0.2900390625 0.2353515625 0.310546875 0.2890625 0.3271484375 0.306640625 0.3076171875 0.3125 0.2607421875 0.2861328125 0.2265625 0.2333984375 0.21875
0 0.4365234375 0.779296875 0.470703125 0.7841796875 0.51953125 0.7529296875 0.4775390625 0.724609375 0.412109375 0.7451171875 0.4365234375 0.779296875
0 0.541015625 0.9462890625 0.5380859375 0.916015625 0.4814453125 0.904296875 0.462890625 0.9267578125 0.541015625 0.9462890625
0 0.5986328125 0.861328125 0.6640625 0.8994140625 0.666015625 0.8779296875 0.6279296875 0.81640625 0.5859375 0.8330078125 0.5986328125 0.861328125
0 0.373046875 0.0888671875 0.34765625 0.1337890625 0.36328125 0.1591796875 0.357421875 0.2353515625 0.41796875 0.1826171875 0.42578125 0.1298828125 0.4833984375 0.083984375 0.373046875 0.0888671875