0 0.421875 0.1884765625 0.3876953125 0.1875 0.287109375 0.2568359375 0.3232421875 0.34375 0.412109375 0.3681640625 0.4296875 0.3544921875 0.419921875 0.2255859375 0.404296875 0.2119140625 0.421875 0.1884765625
0 0.5458984375 0.37109375 0.5048828125 0.37109375 0.4619140625 0.412109375 0.3916015625 0.3984375 0.36328125 0.4130859375 0.361328125 0.4345703125 0.3876953125 0.47265625 0.45703125 0.4814453125 0.5986328125 0.451171875 0.6328125 0.4287109375 0.6142578125 0.40234375 0.5458984375 0.37109375
0 0.6455078125 0.400390625 0.6796875 0.4072265625 0.720703125 0.3564453125 0.7119140625 0.33203125 0.626953125 0.3662109375 0.6455078125 0.400390625
0 0.890625 0.5244140625 0.9521484375 0.453125 0.830078125 0.4794921875 0.8271484375 0.5234375 0.890625 0.5244140625
0 0.7841796875 0.623046875 0.80078125 0.6220703125 0.828125 0.5595703125 0.7861328125 0.53515625 0.759765625 0.5830078125 0.7841796875 0.623046875
0 0.26953125 0.5654296875 0.2783203125 0.59375 0.3681640625 0.6171875 0.3759765625 0.642578125 0.396484375 0.6416015625 0.41015625 0.6318359375 0.40234375 0.5966796875 0.3427734375 0.546875 0.26953125 0.5654296875
0 0.4052734375 0.875 0.36328125 0.9091796875 0.3896484375 0.927734375 0.451171875 0.9287109375 0.5439453125 0.923828125 0.56640625 0.9072265625 0.4853515625 0.8671875 0.4052734375 0.875
0 0.5185546875 0.75 0.486328125 0.7861328125 0.5087890625 0.818359375 0.544921875 0.8232421875 0.564453125 0.8134765625 0.57421875 0.7802734375 0.5556640625 0.75 0.5185546875 0.75
0 0.5341796875 0.716796875 0.513671875 0.6748046875 0.5615234375 0.6875 0.5634765625 0.705078125 0.5751953125 0.6953125 0.6357421875 0.720703125 0.65625 0.6884765625 0.6552734375 0.59765625 0.5439453125 0.609375 0.505859375 0.6396484375 0.51171875 0.6630859375 0.46875 0.6904296875 0.4794921875 0.71875 0.5859375 0.7373046875 0.6015625 0.7314453125 0.5986328125 0.71484375 0.5810546875 0.705078125 0.5341796875 0.716796875
0 0.130859375 0.5634765625 0.1396484375 0.583984375 0.171875 0.5888671875 0.142578125 0.6064453125 0.1435546875 0.626953125 0.22265625 0.6357421875 0.23828125 0.6123046875 0.1884765625 0.58984375 0.1845703125 0.55859375 0.130859375 0.5634765625
0 0.142578125 0.4365234375 0.14453125 0.4072265625 0.1103515625 0.40234375 0.09765625 0.4248046875 0.142578125 0.4365234375