0 0.3193359375 0.419921875 0.298828125 0.4248046875 0.318359375 0.3916015625 0.2841796875 0.37890625 0.2685546875 0.39453125 0.23828125 0.3916015625 0.240234375 0.4326171875 0.2109375 0.4619140625 0.2275390625 0.4921875 0.2734375 0.5087890625 0.3046875 0.4853515625 0.310546875 0.4482421875 0.330078125 0.4345703125 0.3193359375 0.419921875
0 0.4267578125 0.2734375 0.3662109375 0.314453125 0.34375 0.2919921875 0.3408203125 0.248046875 0.3095703125 0.25 0.2880859375 0.2265625 0.267578125 0.2353515625 0.267578125 0.2666015625 0.3408203125 0.34765625 0.3798828125 0.33203125 0.40234375 0.3583984375 0.462890625 0.3427734375 0.4560546875 0.3125 0.421875 0.3095703125 0.4267578125 0.2734375
0 0.8154296875 0.560546875 0.80859375 0.5068359375 0.7724609375 0.498046875 0.7431640625 0.44140625 0.7119140625 0.44140625 0.666015625 0.4873046875 0.673828125 0.5400390625 0.6923828125 0.55078125 0.6943359375 0.525390625 0.7314453125 0.521484375 0.748046875 0.5908203125 0.830078125 0.6220703125 0.8525390625 0.60546875 0.9052734375 0.603515625 0.916015625 0.5693359375 0.8154296875 0.560546875
0 0.908203125 0.4521484375 0.8369140625 0.34765625 0.828125 0.4501953125 0.8876953125 0.435546875 0.908203125 0.4521484375
0 0.6259765625 0.197265625 0.6015625 0.2216796875 0.6015625 0.2431640625 0.6328125 0.3076171875 0.67578125 0.3271484375 0.6875 0.2880859375 0.640625 0.2763671875 0.65625 0.2177734375 0.6259765625 0.197265625
0 0.52734375 0.7314453125 0.5234375 0.7587890625 0.59375 0.7841796875 0.61328125 0.7783203125 0.609375 0.7626953125 0.5595703125 0.69921875 0.52734375 0.7314453125
0 0.3984375 0.7607421875 0.4287109375 0.7578125 0.462890625 0.7314453125 0.47265625 0.6826171875 0.498046875 0.6748046875 0.4853515625 0.640625 0.529296875 0.6357421875 0.505859375 0.5732421875 0.4580078125 0.51171875 0.41796875 0.5244140625 0.390625 0.5810546875 0.4111328125 0.62109375 0.458984375 0.6357421875 0.4404296875 0.662109375 0.3818359375 0.642578125 0.3173828125 0.5546875 0.259765625 0.5791015625 0.3134765625 0.64453125 0.3515625 0.6494140625 0.38671875 0.7119140625 0.38671875 0.7822265625 0.419921875 0.7919921875 0.4228515625 0.78125 0.390625 0.7744140625 0.43359375 0.7685546875 0.3984375 0.7607421875
0 0.65234375 0.7314453125 0.669921875 0.7158203125 0.6435546875 0.693359375 0.623046875 0.7177734375 0.65234375 0.7314453125
0 0.7294921875 0.75 0.6787109375 0.751953125 0.658203125 0.7763671875 0.6640625 0.8251953125 0.6875 0.8408203125 0.7373046875 0.828125 0.7578125 0.7998046875 0.7578125 0.7783203125 0.7294921875 0.75
0 0.201171875 0.5966796875 0.203125 0.5732421875 0.1865234375 0.556640625 0.1025390625 0.560546875 0.0908203125 0.541015625 0.125 0.6044921875 0.263671875 0.7470703125 0.28125 0.7314453125 0.25 0.6650390625 0.265625 0.6396484375 0.201171875 0.5966796875
0 0.51953125 0.8662109375 0.5146484375 0.830078125 0.4931640625 0.837890625 0.443359375 0.8193359375 0.4375 0.7548828125 0.458984375 0.7392578125 0.431640625 0.7353515625 0.4453125 0.7255859375 0.4345703125 0.697265625 0.4013671875 0.6875 0.37890625 0.7001953125 0.3759765625 0.779296875 0.28515625 0.7548828125 0.291015625 0.7841796875 0.3291015625 0.828125 0.4111328125 0.857421875 0.486328125 0.9208984375 0.484375 0.8935546875 0.5244140625 0.89453125 0.533203125 0.8720703125 0.51953125 0.8662109375
0 0.048828125 0.4150390625 0.064453125 0.4189453125 0.119140625 0.3662109375 0.1083984375 0.3515625 0.052734375 0.3486328125 0.048828125 0.4150390625