0 0.552734375 0.4248046875 0.5888671875 0.453125 0.634765625 0.4560546875 0.701171875 0.4033203125 0.6357421875 0.3515625 0.5849609375 0.37890625 0.552734375 0.4248046875
0 0.404296875 0.6474609375 0.4169921875 0.66796875 0.44140625 0.6689453125 0.5029296875 0.65625 0.513671875 0.6220703125 0.4267578125 0.587890625 0.404296875 0.6474609375
0 0.462890625 0.7998046875 0.50390625 0.8115234375 0.5478515625 0.8046875 0.578125 0.7763671875 0.5048828125 0.732421875 0.462890625 0.7998046875
0 0.736328125 0.5576171875 0.7373046875 0.5859375 0.796875 0.6025390625 0.81640625 0.5810546875 0.8076171875 0.54296875 0.7626953125 0.541015625 0.736328125 0.5576171875
0 0.7255859375 0.51171875 0.783203125 0.5224609375 0.80859375 0.5029296875 0.7939453125 0.466796875 0.71875 0.4619140625 0.7255859375 0.51171875
0 0.1767578125 0.517578125 0.16015625 0.5283203125 0.1591796875 0.564453125 0.2197265625 0.580078125 0.2373046875 0.609375 0.263671875 0.6123046875 0.291015625 0.5791015625 0.2783203125 0.537109375 0.2216796875 0.546875 0.1767578125 0.517578125
0 0.22265625 0.4384765625 0.216796875 0.4814453125 0.23828125 0.4970703125 0.28125 0.4677734375 0.2802734375 0.41796875 0.2451171875 0.416015625 0.22265625 0.4384765625
0 0.4609375 0.3486328125 0.49609375 0.3564453125 0.4931640625 0.328125 0.4912109375 0.34375 0.4677734375 0.3359375 0.4609375 0.3486328125
0 0.46484375 0.4990234375 0.5 0.4580078125 0.4912109375 0.392578125 0.439453125 0.4208984375 0.46484375 0.4990234375
0 0.44921875 0.3525390625 0.48828125 0.3662109375 0.50390625 0.3466796875 0.498046875 0.2998046875 0.4658203125 0.29296875 0.44921875 0.3525390625
0 0.5498046875 0.095703125 0.48046875 0.1142578125 0.50390625 0.1435546875 0.486328125 0.1884765625 0.5234375 0.1904296875 0.548828125 0.1689453125 0.546875 0.1435546875 0.5234375 0.1298828125 0.5498046875 0.095703125
0 0.7470703125 0.330078125 0.712890625 0.3154296875 0.705078125 0.3720703125 0.6640625 0.3935546875 0.6796875 0.4208984375 0.7060546875 0.39453125 0.7412109375 0.3984375 0.763671875 0.3837890625 0.7470703125 0.330078125
0 0.328125 0.5869140625 0.357421875 0.5673828125 0.3232421875 0.548828125 0.30859375 0.5810546875 0.328125 0.5869140625
0 0.3359375 0.7001953125 0.330078125 0.6650390625 0.3037109375 0.654296875 0.296875 0.6923828125 0.3359375 0.7001953125