0 0.375 0.3603515625 0.375 0.4365234375 0.392578125 0.4384765625 0.4326171875 0.412109375 0.509765625 0.4111328125 0.4716796875 0.34375 0.375 0.3603515625
0 0.31640625 0.5283203125 0.3330078125 0.5625 0.3671875 0.5693359375 0.416015625 0.5615234375 0.4306640625 0.48828125 0.3818359375 0.482421875 0.31640625 0.5283203125
0 0.251953125 0.6103515625 0.283203125 0.6162109375 0.34375 0.5849609375 0.3232421875 0.56640625 0.2685546875 0.55859375 0.251953125 0.6103515625
0 0.1015625 0.5439453125 0.142578125 0.5537109375 0.205078125 0.5322265625 0.1943359375 0.484375 0.095703125 0.4892578125 0.1015625 0.5439453125
0 0.68359375 0.3837890625 0.6865234375 0.349609375 0.6044921875 0.35546875 0.552734375 0.4287109375 0.5693359375 0.47265625 0.630859375 0.5009765625 0.666015625 0.4736328125 0.671875 0.4404296875 0.6484375 0.4033203125 0.68359375 0.3837890625
0 0.544921875 0.6650390625 0.646484375 0.6865234375 0.65234375 0.6669921875 0.5712890625 0.533203125 0.544921875 0.5986328125 0.544921875 0.6650390625
0 0.4130859375 0.734375 0.46875 0.7529296875 0.48828125 0.7353515625 0.4658203125 0.685546875 0.4140625 0.7060546875 0.4130859375 0.734375
0 0.357421875 0.8544921875 0.4296875 0.8330078125 0.3740234375 0.8125 0.34765625 0.8408203125 0.357421875 0.8544921875
0 0.6328125 0.6923828125 0.5869140625 0.689453125 0.560546875 0.7177734375 0.572265625 0.7548828125 0.5380859375 0.759765625 0.529296875 0.7958984375 0.5478515625 0.8125 0.6201171875 0.818359375 0.65234375 0.8486328125 0.671875 0.8154296875 0.6376953125 0.759765625 0.59765625 0.7470703125 0.6328125 0.6923828125
0 0.720703125 0.2216796875 0.740234375 0.3291015625 0.7734375 0.2939453125 0.7529296875 0.193359375 0.7373046875 0.193359375 0.720703125 0.2216796875
0 0.837890625 0.5791015625 0.8515625 0.5908203125 0.90234375 0.5498046875 0.8662109375 0.509765625 0.837890625 0.5263671875 0.837890625 0.5791015625
0 0.8134765625 0.7109375 0.865234375 0.7138671875 0.900390625 0.6376953125 0.8857421875 0.619140625 0.814453125 0.6884765625 0.8134765625 0.7109375
0 0.767578125 0.5810546875 0.78125 0.5556640625 0.7392578125 0.498046875 0.73828125 0.5517578125 0.767578125 0.5810546875