0 0.111328125 0.0908203125 0.1474609375 0.10546875 0.1875 0.1533203125 0.189453125 0.0595703125 0.1533203125 0.033203125 0.1142578125 0.037109375 0.111328125 0.0908203125
0 0.314453125 0.2138671875 0.341796875 0.2001953125 0.3330078125 0.18359375 0.27734375 0.2021484375 0.314453125 0.2138671875
0 0.22265625 0.2705078125 0.244140625 0.2744140625 0.291015625 0.2431640625 0.2685546875 0.232421875 0.2412109375 0.244140625 0.22265625 0.2705078125
0 0.1708984375 0.330078125 0.240234375 0.3310546875 0.255859375 0.3193359375 0.2236328125 0.29296875 0.16796875 0.3173828125 0.1708984375 0.330078125
0 0.19921875 0.4560546875 0.2060546875 0.474609375 0.310546875 0.4951171875 0.33203125 0.4404296875 0.2685546875 0.4140625 0.2314453125 0.421875 0.19921875 0.4560546875
0 0.4052734375 0.470703125 0.412109375 0.4931640625 0.4375 0.5068359375 0.455078125 0.4638671875 0.3798828125 0.419921875 0.361328125 0.4521484375 0.4052734375 0.470703125
0 0.4404296875 0.283203125 0.48046875 0.2841796875 0.494140625 0.2685546875 0.4794921875 0.2578125 0.439453125 0.2587890625 0.4404296875 0.283203125
0 0.453125 0.3447265625 0.474609375 0.3564453125 0.541015625 0.3310546875 0.5087890625 0.3125 0.4619140625 0.314453125 0.453125 0.3447265625
0 0.6142578125 0.212890625 0.5341796875 0.1875 0.529296875 0.2138671875 0.55078125 0.2646484375 0.5791015625 0.2890625 0.619140625 0.2939453125 0.6455078125 0.267578125 0.6748046875 0.275390625 0.677734375 0.2646484375 0.6142578125 0.212890625
0 0.630859375 0.4248046875 0.640625 0.4365234375 0.6875 0.3974609375 0.6845703125 0.376953125 0.642578125 0.3857421875 0.630859375 0.4248046875
0 0.5361328125 0.416015625 0.5078125 0.4287109375 0.6474609375 0.556640625 0.6796875 0.5615234375 0.693359375 0.5341796875 0.609375 0.4794921875 0.6240234375 0.43359375 0.5361328125 0.416015625
0 0.7509765625 0.3359375 0.72265625 0.3662109375 0.73046875 0.4130859375 0.77734375 0.4228515625 0.7939453125 0.421875 0.8017578125 0.400390625 0.8203125 0.4033203125 0.7509765625 0.3359375
0 0.283203125 0.7080078125 0.337890625 0.6611328125 0.3349609375 0.640625 0.2421875 0.6767578125 0.283203125 0.7080078125
0 0.501953125 0.6005859375 0.5458984375 0.58203125 0.5703125 0.5615234375 0.568359375 0.5458984375 0.5419921875 0.53515625 0.4912109375 0.55859375 0.4814453125 0.52734375 0.4794921875 0.5390625 0.4658203125 0.52734375 0.4462890625 0.54296875 0.4365234375 0.525390625 0.4052734375 0.537109375 0.39453125 0.6220703125 0.408203125 0.6513671875 0.52734375 0.6669921875 0.541015625 0.6552734375 0.53515625 0.6298828125 0.5048828125 0.6171875 0.501953125 0.6005859375
0 0.3828125 0.7138671875 0.3896484375 0.736328125 0.41796875 0.7412109375 0.4609375 0.7314453125 0.4541015625 0.689453125 0.4169921875 0.6875 0.3828125 0.7138671875
0 0.6748046875 0.765625 0.7353515625 0.755859375 0.7607421875 0.779296875 0.80078125 0.7783203125 0.833984375 0.7626953125 0.7060546875 0.72265625 0.646484375 0.7373046875 0.6748046875 0.765625
0 0.912109375 0.5439453125 0.919921875 0.5341796875 0.8759765625 0.46875 0.857421875 0.4912109375 0.912109375 0.5439453125
0 0.7373046875 0.619140625 0.650390625 0.5595703125 0.6748046875 0.607421875 0.763671875 0.6552734375 0.755859375 0.6455078125 0.779296875 0.6279296875 0.7705078125 0.60546875 0.7373046875 0.619140625
0 0.1328125 0.2255859375 0.154296875 0.2333984375 0.169921875 0.2138671875 0.1357421875 0.185546875 0.1162109375 0.1875 0.1328125 0.2255859375