0 0.544921875 0.4892578125 0.552734375 0.3779296875 0.5087890625 0.36328125 0.474609375 0.4404296875 0.544921875 0.4892578125
0 0.3671875 0.7001953125 0.431640625 0.7236328125 0.453125 0.7021484375 0.4326171875 0.673828125 0.3916015625 0.677734375 0.3671875 0.7001953125
0 0.671875 0.6572265625 0.671875 0.6845703125 0.6982421875 0.705078125 0.740234375 0.7041015625 0.767578125 0.6708984375 0.765625 0.6513671875 0.6943359375 0.62890625 0.671875 0.6572265625
0 0.654296875 0.3876953125 0.6787109375 0.390625 0.6953125 0.4189453125 0.734375 0.3779296875 0.7060546875 0.361328125 0.6552734375 0.37109375 0.654296875 0.3876953125
0 0.623046875 0.3974609375 0.6669921875 0.328125 0.57421875 0.3447265625 0.58984375 0.3876953125 0.623046875 0.3974609375
0 0.310546875 0.3251953125 0.3359375 0.3017578125 0.2919921875 0.267578125 0.2890625 0.3134765625 0.310546875 0.3251953125
0 0.857421875 0.4873046875 0.8251953125 0.478515625 0.712890625 0.6005859375 0.7177734375 0.626953125 0.7666015625 0.64453125 0.7783203125 0.6328125 0.814453125 0.6591796875 0.86328125 0.6123046875 0.904296875 0.5361328125 0.8642578125 0.53125 0.857421875 0.4873046875
0 0.4306640625 0.673828125 0.3916015625 0.677734375 0.361328125 0.7236328125 0.3837890625 0.76953125 0.423828125 0.7724609375 0.451171875 0.7548828125 0.435546875 0.7197265625 0.4453125 0.6943359375 0.4306640625 0.673828125
0 0.6728515625 0.748046875 0.6455078125 0.796875 0.5869140625 0.796875 0.5625 0.8154296875 0.578125 0.8271484375 0.6845703125 0.81640625 0.7255859375 0.791015625 0.748046875 0.7529296875 0.6728515625 0.748046875
0 0.2314453125 0.65234375 0.26171875 0.6591796875 0.2939453125 0.65234375 0.294921875 0.6279296875 0.2265625 0.6298828125 0.2314453125 0.65234375
0 0.7109375 0.2978515625 0.72265625 0.2919921875 0.7177734375 0.267578125 0.666015625 0.2744140625 0.7109375 0.2978515625
0 0.5517578125 0.515625 0.556640625 0.5615234375 0.6025390625 0.546875 0.6015625 0.5224609375 0.5849609375 0.509765625 0.5517578125 0.515625