0 0.8154296875 0.529296875 0.80859375 0.5419921875 0.8154296875 0.56640625 0.857421875 0.5849609375 0.87109375 0.5654296875 0.8701171875 0.5078125 0.8642578125 0.5234375 0.8154296875 0.529296875
0 0.3837890625 0.423828125 0.322265625 0.4794921875 0.3671875 0.5634765625 0.421875 0.5849609375 0.46484375 0.5361328125 0.48046875 0.4853515625 0.4130859375 0.423828125 0.3837890625 0.423828125
0 0.7626953125 0.482421875 0.8203125 0.4482421875 0.83203125 0.4248046875 0.8134765625 0.3984375 0.7705078125 0.400390625 0.7587890625 0.38671875 0.7548828125 0.400390625 0.6982421875 0.41796875 0.7041015625 0.431640625 0.6416015625 0.431640625 0.501953125 0.4892578125 0.5126953125 0.5390625 0.5615234375 0.56640625 0.638671875 0.5771484375 0.681640625 0.5537109375 0.689453125 0.5166015625 0.7216796875 0.4765625 0.7626953125 0.482421875
0 0.8291015625 0.150390625 0.7880859375 0.13671875 0.693359375 0.2158203125 0.7333984375 0.240234375 0.8076171875 0.251953125 0.87109375 0.3076171875 0.890625 0.3388671875 0.875 0.4130859375 0.91796875 0.4482421875 0.935546875 0.3330078125 0.90625 0.2861328125 0.890625 0.2119140625 0.8291015625 0.150390625
0 0.56640625 0.2001953125 0.54296875 0.2607421875 0.55859375 0.2802734375 0.642578125 0.2373046875 0.6337890625 0.19140625 0.6005859375 0.185546875 0.56640625 0.2001953125
0 0.1923828125 0.40625 0.1494140625 0.423828125 0.1025390625 0.474609375 0.0654296875 0.46875 0.05859375 0.4541015625 0.056640625 0.5380859375 0.076171875 0.6044921875 0.1298828125 0.54296875 0.23828125 0.5693359375 0.259765625 0.4931640625 0.1923828125 0.40625
0 0.28125 0.8134765625 0.2880859375 0.841796875 0.375 0.8447265625 0.3828125 0.8310546875 0.3408203125 0.794921875 0.2998046875 0.794921875 0.28125 0.8134765625
0 0.3408203125 0.6015625 0.2978515625 0.61328125 0.251953125 0.6533203125 0.251953125 0.6962890625 0.2666015625 0.712890625 0.3251953125 0.74609375 0.404296875 0.7568359375 0.388671875 0.7333984375 0.3984375 0.6943359375 0.376953125 0.6376953125 0.3408203125 0.6015625
0 0.10546875 0.3916015625 0.2001953125 0.32421875 0.232421875 0.2822265625 0.1787109375 0.26953125 0.10546875 0.3916015625
0 0.677734375 0.0048828125 0.6533203125 0.001953125 0.6103515625 0.044921875 0.4716796875 0.09375 0.5 0.1435546875 0.5234375 0.1474609375 0.7060546875 0.10546875 0.7109375 0.0712890625 0.68359375 0.0439453125 0.677734375 0.0048828125
0 0.6064453125 0.185546875 0.564453125 0.2041015625 0.54296875 0.2607421875 0.55859375 0.2802734375 0.642578125 0.2392578125 0.6484375 0.2158203125 0.6337890625 0.19140625 0.6064453125 0.185546875
0 0.310546875 0.1708984375 0.3828125 0.2041015625 0.412109375 0.1845703125 0.4033203125 0.158203125 0.3486328125 0.142578125 0.310546875 0.1708984375