0 0.1123046875 0.24609375 0.130859375 0.2470703125 0.1484375 0.2099609375 0.1181640625 0.18359375 0.099609375 0.2236328125 0.1123046875 0.24609375
0 0.2099609375 0.03125 0.1748046875 0.03515625 0.12109375 0.1240234375 0.1982421875 0.1484375 0.2294921875 0.1171875 0.251953125 0.1279296875 0.251953125 0.1591796875 0.2734375 0.1630859375 0.27734375 0.1318359375 0.3125 0.1181640625 0.2626953125 0.09375 0.2099609375 0.03125
0 0.458984375 0.3017578125 0.4404296875 0.291015625 0.423828125 0.2998046875 0.400390625 0.3720703125 0.431640625 0.3876953125 0.47265625 0.3662109375 0.470703125 0.3330078125 0.453125 0.3212890625 0.458984375 0.3017578125
0 0.2841796875 0.439453125 0.3125 0.4443359375 0.330078125 0.4306640625 0.3173828125 0.40234375 0.251953125 0.4013671875 0.2841796875 0.439453125
0 0.2734375 0.4677734375 0.2587890625 0.455078125 0.2255859375 0.458984375 0.203125 0.5205078125 0.265625 0.5478515625 0.283203125 0.5439453125 0.291015625 0.5166015625 0.265625 0.4912109375 0.2734375 0.4677734375
0 0.373046875 0.4443359375 0.37890625 0.4638671875 0.4306640625 0.517578125 0.462890625 0.5185546875 0.48046875 0.4853515625 0.4287109375 0.42578125 0.3955078125 0.421875 0.373046875 0.4443359375
0 0.54296875 0.4951171875 0.5576171875 0.52734375 0.587890625 0.5283203125 0.640625 0.4775390625 0.638671875 0.4482421875 0.6220703125 0.4375 0.54296875 0.4951171875
0 0.34765625 0.6455078125 0.3720703125 0.69140625 0.41796875 0.7001953125 0.4375 0.6806640625 0.4267578125 0.658203125 0.3701171875 0.63671875 0.34765625 0.6455078125
0 0.2861328125 0.607421875 0.2529296875 0.619140625 0.2060546875 0.673828125 0.1630859375 0.650390625 0.125 0.6591796875 0.1708984375 0.724609375 0.244140625 0.7373046875 0.26171875 0.7216796875 0.251953125 0.6650390625 0.2890625 0.6357421875 0.2861328125 0.607421875
0 0.591796875 0.7080078125 0.615234375 0.6904296875 0.6083984375 0.671875 0.541015625 0.6748046875 0.591796875 0.7080078125
0 0.599609375 0.8251953125 0.6171875 0.8115234375 0.6083984375 0.80078125 0.5625 0.8037109375 0.599609375 0.8251953125
0 0.482421875 0.8330078125 0.5078125 0.8427734375 0.5361328125 0.837890625 0.541015625 0.8212890625 0.5048828125 0.79296875 0.482421875 0.8330078125
0 0.66796875 0.7490234375 0.6767578125 0.80859375 0.76171875 0.8173828125 0.779296875 0.8017578125 0.7451171875 0.73828125 0.7001953125 0.732421875 0.66796875 0.7490234375
0 0.9169921875 0.625 0.8408203125 0.626953125 0.8193359375 0.572265625 0.75 0.5849609375 0.7607421875 0.625 0.8154296875 0.6640625 0.8662109375 0.67578125 0.9296875 0.7353515625 0.947265625 0.7275390625 0.951171875 0.6650390625 0.923828125 0.6630859375 0.9169921875 0.625
0 0.7958984375 0.498046875 0.822265625 0.5009765625 0.857421875 0.4248046875 0.8427734375 0.408203125 0.76953125 0.4638671875 0.7958984375 0.498046875
0 0.8125 0.3388671875 0.837890625 0.3251953125 0.8056640625 0.296875 0.77734375 0.3291015625 0.8125 0.3388671875
0 0.5625 0.2490234375 0.587890625 0.2197265625 0.5615234375 0.208984375 0.541015625 0.2373046875 0.5625 0.2490234375
0 0.5947265625 0.234375 0.6015625 0.2626953125 0.669921875 0.3173828125 0.6826171875 0.298828125 0.724609375 0.2861328125 0.73046875 0.2490234375 0.5947265625 0.234375
0 0.6162109375 0.36328125 0.595703125 0.3876953125 0.625 0.3955078125 0.6162109375 0.36328125