0 0.4658203125 0.435546875 0.43359375 0.4560546875 0.375 0.5498046875 0.3955078125 0.572265625 0.4755859375 0.5625 0.494140625 0.5888671875 0.513671875 0.5693359375 0.52734375 0.5029296875 0.51171875 0.4404296875 0.4658203125 0.435546875
0 0.431640625 0.2392578125 0.4609375 0.2548828125 0.4697265625 0.279296875 0.51171875 0.2841796875 0.5546875 0.2333984375 0.5224609375 0.22265625 0.5107421875 0.19921875 0.431640625 0.2392578125
0 0.53515625 0.3251953125 0.576171875 0.3408203125 0.595703125 0.3369140625 0.5908203125 0.3125 0.5576171875 0.30859375 0.53515625 0.3251953125
0 0.7490234375 0.244140625 0.728515625 0.2509765625 0.75 0.2568359375 0.7490234375 0.244140625
0 0.68359375 0.2744140625 0.712890625 0.3173828125 0.75 0.2880859375 0.7490234375 0.26953125 0.6943359375 0.263671875 0.68359375 0.2744140625
0 0.84375 0.1689453125 0.810546875 0.2158203125 0.833984375 0.2509765625 0.8828125 0.2080078125 0.9033203125 0.1640625 0.8583984375 0.15234375 0.84375 0.1689453125
0 0.7177734375 0.46484375 0.6953125 0.5068359375 0.73046875 0.5205078125 0.7626953125 0.513671875 0.8125 0.4541015625 0.7783203125 0.44140625 0.7177734375 0.46484375
0 0.6181640625 0.73046875 0.5576171875 0.7578125 0.4873046875 0.767578125 0.4873046875 0.779296875 0.51953125 0.7841796875 0.5205078125 0.814453125 0.560546875 0.8095703125 0.55078125 0.8388671875 0.59765625 0.8056640625 0.6357421875 0.751953125 0.66796875 0.7373046875 0.6181640625 0.73046875
0 0.376953125 0.8798828125 0.375 0.8330078125 0.3486328125 0.830078125 0.3212890625 0.8515625 0.3037109375 0.810546875 0.232421875 0.8974609375 0.21484375 0.9306640625 0.232421875 0.9423828125 0.2724609375 0.90234375 0.4052734375 0.91015625 0.404296875 0.8935546875 0.376953125 0.8798828125
0 0.130859375 0.5126953125 0.17578125 0.4970703125 0.1767578125 0.431640625 0.107421875 0.5009765625 0.130859375 0.5126953125
0 0.24609375 0.6884765625 0.2333984375 0.654296875 0.171875 0.6630859375 0.2001953125 0.68359375 0.24609375 0.6884765625
0 0.2890625 0.5380859375 0.32421875 0.5126953125 0.3017578125 0.501953125 0.251953125 0.5205078125 0.2890625 0.5380859375
0 0.3447265625 0.70703125 0.373046875 0.7119140625 0.390625 0.7021484375 0.3740234375 0.673828125 0.322265625 0.6806640625 0.3447265625 0.70703125
0 0.04296875 0.6708984375 0.103515625 0.6787109375 0.09375 0.5927734375 0.0693359375 0.578125 0.0390625 0.6416015625 0.04296875 0.6708984375