0 0.2421875 0.3681640625 0.25 0.3408203125 0.265625 0.3388671875 0.259765625 0.3232421875 0.279296875 0.3154296875 0.2568359375 0.287109375 0.2001953125 0.283203125 0.181640625 0.3017578125 0.19140625 0.2978515625 0.189453125 0.3232421875 0.1455078125 0.337890625 0.11328125 0.3896484375 0.1416015625 0.451171875 0.2138671875 0.470703125 0.25390625 0.5009765625 0.326171875 0.4228515625 0.328125 0.4033203125 0.2900390625 0.375 0.2421875 0.3681640625
0 0.6376953125 0.4765625 0.712890625 0.4833984375 0.73828125 0.4619140625 0.6982421875 0.400390625 0.599609375 0.4541015625 0.6376953125 0.4765625
0 0.361328125 0.4638671875 0.359375 0.4892578125 0.3798828125 0.50390625 0.466796875 0.5146484375 0.47265625 0.4931640625 0.4580078125 0.470703125 0.3876953125 0.455078125 0.361328125 0.4638671875
0 0.568359375 0.2041015625 0.560546875 0.2431640625 0.59375 0.2490234375 0.666015625 0.1982421875 0.6572265625 0.15625 0.6357421875 0.15234375 0.568359375 0.2041015625
0 0.794921875 0.2763671875 0.818359375 0.2646484375 0.7822265625 0.240234375 0.771484375 0.2607421875 0.794921875 0.2763671875
0 0.783203125 0.2802734375 0.7998046875 0.328125 0.841796875 0.3310546875 0.873046875 0.3232421875 0.8544921875 0.291015625 0.8193359375 0.271484375 0.783203125 0.2802734375
0 0.833984375 0.3974609375 0.876953125 0.4228515625 0.875 0.4638671875 0.890625 0.4658203125 0.923828125 0.4365234375 0.9296875 0.3974609375 0.9111328125 0.373046875 0.833984375 0.3974609375
0 0.578125 0.7001953125 0.609375 0.7119140625 0.64453125 0.6982421875 0.6357421875 0.671875 0.578125 0.6767578125 0.578125 0.7001953125
0 0.775390625 0.8173828125 0.7822265625 0.83203125 0.845703125 0.8369140625 0.873046875 0.8232421875 0.8466796875 0.79296875 0.7998046875 0.794921875 0.775390625 0.8173828125
0 0.2158203125 0.4765625 0.08203125 0.4599609375 0.0615234375 0.578125 0.1259765625 0.5546875 0.1376953125 0.58984375 0.2734375 0.6318359375 0.3095703125 0.611328125 0.314453125 0.5927734375 0.251953125 0.5361328125 0.2158203125 0.4765625
0 0.59765625 0.5185546875 0.626953125 0.5068359375 0.6240234375 0.486328125 0.568359375 0.5029296875 0.59765625 0.5185546875
0 0.4052734375 0.375 0.4453125 0.3779296875 0.455078125 0.3642578125 0.4443359375 0.3359375 0.40234375 0.3466796875 0.4052734375 0.375
0 0.6484375 0.8505859375 0.67578125 0.8408203125 0.6669921875 0.81640625 0.615234375 0.8330078125 0.6484375 0.8505859375
0 0.69140625 0.7626953125 0.720703125 0.7392578125 0.6767578125 0.720703125 0.65625 0.7548828125 0.69140625 0.7626953125
0 0.724609375 0.6884765625 0.763671875 0.7099609375 0.7705078125 0.6953125 0.744140625 0.6962890625 0.7666015625 0.68359375 0.724609375 0.6884765625
0 0.7919921875 0.623046875 0.748046875 0.6611328125 0.7607421875 0.677734375 0.8359375 0.6787109375 0.853515625 0.6591796875 0.81640625 0.6455078125 0.8310546875 0.619140625 0.7919921875 0.623046875