0 0.171875 0.5322265625 0.177734375 0.5712890625 0.1923828125 0.595703125 0.2265625 0.6025390625 0.25 0.5908203125 0.25 0.5302734375 0.2001953125 0.5 0.171875 0.5322265625
0 0.30078125 0.5087890625 0.32421875 0.5166015625 0.3671875 0.4931640625 0.3662109375 0.470703125 0.302734375 0.4794921875 0.30078125 0.5087890625
0 0.275390625 0.4052734375 0.296875 0.4052734375 0.306640625 0.3798828125 0.2919921875 0.375 0.29296875 0.3935546875 0.275390625 0.4052734375
0 0.4150390625 0.361328125 0.3955078125 0.375 0.3857421875 0.349609375 0.3486328125 0.390625 0.291015625 0.4189453125 0.2880859375 0.435546875 0.3671875 0.4580078125 0.3916015625 0.40625 0.44921875 0.3876953125 0.4384765625 0.369140625 0.4150390625 0.361328125
0 0.4375 0.5126953125 0.45703125 0.5146484375 0.49609375 0.4873046875 0.4814453125 0.458984375 0.435546875 0.4873046875 0.4375 0.5126953125
0 0.4072265625 0.75390625 0.400390625 0.7255859375 0.3662109375 0.7109375 0.3193359375 0.7265625 0.267578125 0.7978515625 0.296875 0.7998046875 0.3447265625 0.783203125 0.3779296875 0.7421875 0.3935546875 0.736328125 0.4072265625 0.75390625
0 0.37890625 0.6044921875 0.3798828125 0.630859375 0.4296875 0.6474609375 0.482421875 0.6376953125 0.4736328125 0.58984375 0.4150390625 0.5859375 0.37890625 0.6044921875
0 0.5185546875 0.51171875 0.498046875 0.5537109375 0.5068359375 0.583984375 0.5693359375 0.583984375 0.6103515625 0.5625 0.6259765625 0.58984375 0.67578125 0.6064453125 0.6787109375 0.546875 0.6103515625 0.5546875 0.5751953125 0.513671875 0.5185546875 0.51171875
0 0.5302734375 0.70703125 0.57421875 0.7236328125 0.6064453125 0.6796875 0.5654296875 0.662109375 0.513671875 0.6748046875 0.5302734375 0.70703125
0 0.435546875 0.7724609375 0.3935546875 0.744140625 0.3720703125 0.74609375 0.3232421875 0.794921875 0.2685546875 0.8046875 0.248046875 0.8681640625 0.271484375 0.8720703125 0.3662109375 0.830078125 0.3857421875 0.806640625 0.4287109375 0.798828125 0.435546875 0.7724609375
0 0.697265625 0.7509765625 0.748046875 0.6865234375 0.6435546875 0.67578125 0.640625 0.7177734375 0.697265625 0.7509765625
0 0.5751953125 0.25 0.5390625 0.2783203125 0.529296875 0.3076171875 0.54296875 0.3134765625 0.5712890625 0.287109375 0.6279296875 0.296875 0.650390625 0.2607421875 0.5751953125 0.25
0 0.67578125 0.2802734375 0.6484375 0.3408203125 0.6962890625 0.34765625 0.736328125 0.3798828125 0.767578125 0.3349609375 0.767578125 0.2724609375 0.6982421875 0.263671875 0.67578125 0.2802734375
0 0.783203125 0.3798828125 0.818359375 0.3876953125 0.83984375 0.3779296875 0.826171875 0.3447265625 0.7900390625 0.33984375 0.783203125 0.3798828125
0 0.763671875 0.5029296875 0.771484375 0.5224609375 0.748046875 0.5693359375 0.765625 0.5751953125 0.828125 0.5361328125 0.8271484375 0.470703125 0.7822265625 0.48046875 0.763671875 0.5029296875