0 0.24609375 0.0927734375 0.2001953125 0.103515625 0.1416015625 0.09375 0.0888671875 0.05859375 0.0673828125 0.0234375 0.0478515625 0.02734375 0.033203125 0.0732421875 0.0546875 0.1181640625 0.0947265625 0.1171875 0.111328125 0.1572265625 0.185546875 0.2392578125 0.173828125 0.1572265625 0.2412109375 0.15625 0.26171875 0.1259765625 0.24609375 0.0927734375
0 0.1318359375 0.31640625 0.1064453125 0.294921875 0.056640625 0.3115234375 0.0966796875 0.34765625 0.1318359375 0.330078125 0.185546875 0.3486328125 0.2265625 0.3447265625 0.2314453125 0.283203125 0.1572265625 0.2890625 0.1318359375 0.31640625
0 0.4248046875 0.267578125 0.458984375 0.2744140625 0.47265625 0.2529296875 0.4580078125 0.23046875 0.41015625 0.2451171875 0.4248046875 0.267578125
0 0.296875 0.2705078125 0.353515625 0.2763671875 0.365234375 0.2607421875 0.353515625 0.2099609375 0.3095703125 0.212890625 0.296875 0.2705078125
0 0.23828125 0.4482421875 0.2568359375 0.470703125 0.2841796875 0.42578125 0.3173828125 0.421875 0.314453125 0.4599609375 0.369140625 0.4833984375 0.3828125 0.4072265625 0.3447265625 0.376953125 0.2880859375 0.396484375 0.23828125 0.4482421875
0 0.6015625 0.4638671875 0.5595703125 0.4375 0.5048828125 0.447265625 0.486328125 0.4794921875 0.5078125 0.5244140625 0.494140625 0.5595703125 0.517578125 0.5869140625 0.546875 0.5693359375 0.5576171875 0.533203125 0.609375 0.5029296875 0.6015625 0.4638671875
0 0.1715319265625 0.5229893859375 0.0927734375 0.47265625 0.12109375 0.5478515625 0.1715319265625 0.5229893859375
0 0.2763671875 0.5 0.21484375 0.5361328125 0.2294921875 0.556640625 0.2900390625 0.55078125 0.3125 0.5673828125 0.3232421875 0.60546875 0.36328125 0.6083984375 0.3662109375 0.533203125 0.3193359375 0.548828125 0.30078125 0.5087890625 0.2763671875 0.5
0 0.51171875 0.6787109375 0.501953125 0.6240234375 0.51953125 0.5810546875 0.4287109375 0.61328125 0.4375 0.6572265625 0.501953125 0.7451171875 0.58203125 0.7861328125 0.609375 0.7724609375 0.6015625 0.6943359375 0.5419921875 0.69921875 0.51171875 0.6787109375
0 0.6953125 0.6552734375 0.744140625 0.6396484375 0.7080078125 0.623046875 0.6875 0.6455078125 0.6953125 0.6552734375
0 0.8876953125 0.6328125 0.86328125 0.6376953125 0.8583984375 0.58984375 0.826171875 0.6259765625 0.8515625 0.7216796875 0.8759765625 0.69140625 0.9111328125 0.6875 0.921875 0.6708984375 0.8876953125 0.6328125
0 0.681640625 0.4619140625 0.716796875 0.4951171875 0.724609375 0.4384765625 0.6806640625 0.412109375 0.669921875 0.4306640625 0.681640625 0.4619140625
0 0.662109375 0.3232421875 0.6904296875 0.3359375 0.7158203125 0.3125 0.7431640625 0.341796875 0.7646484375 0.337890625 0.765625 0.3974609375 0.783203125 0.4072265625 0.798828125 0.3955078125 0.80078125 0.3642578125 0.6845703125 0.2734375 0.662109375 0.3232421875