0 0.365234375 0.0947265625 0.3330078125 0.025390625 0.29296875 0.0302734375 0.28515625 0.0966796875 0.19921875 0.1630859375 0.21875 0.1767578125 0.2294921875 0.154296875 0.3134765625 0.12890625 0.3212890625 0.08203125 0.365234375 0.0947265625
0 0.4931640625 0.19921875 0.4462890625 0.16015625 0.3974609375 0.158203125 0.3662109375 0.138671875 0.3447265625 0.14453125 0.341796875 0.1669921875 0.294921875 0.2021484375 0.4287109375 0.24609375 0.439453125 0.2431640625 0.421875 0.2119140625 0.4306640625 0.201171875 0.46484375 0.2158203125 0.4755859375 0.248046875 0.5390625 0.2587890625 0.552734375 0.2236328125 0.53515625 0.2001953125 0.5380859375 0.17578125 0.4931640625 0.19921875
0 0.4248046875 0.06640625 0.3994140625 0.09765625 0.373046875 0.1005859375 0.5185546875 0.115234375 0.54296875 0.1298828125 0.5517578125 0.158203125 0.5908203125 0.134765625 0.6181640625 0.17578125 0.7197265625 0.201171875 0.716796875 0.2509765625 0.7509765625 0.27734375 0.7978515625 0.26953125 0.7998046875 0.29296875 0.83984375 0.2958984375 0.82421875 0.2646484375 0.7314453125 0.181640625 0.5849609375 0.107421875 0.4248046875 0.06640625
0 0.1533203125 0.328125 0.05859375 0.3369140625 0.0556640625 0.357421875 0.119140625 0.3798828125 0.1611328125 0.359375 0.205078125 0.3115234375 0.1826171875 0.30078125 0.1533203125 0.328125
0 0.4365234375 0.162109375 0.4052734375 0.16796875 0.3837890625 0.150390625 0.3759765625 0.162109375 0.3740234375 0.14453125 0.361328125 0.1494140625 0.3681640625 0.173828125 0.3330078125 0.17578125 0.3125 0.2041015625 0.3603515625 0.232421875 0.4248046875 0.24609375 0.416015625 0.2041015625 0.4482421875 0.203125 0.4775390625 0.248046875 0.537109375 0.2568359375 0.546875 0.2294921875 0.5322265625 0.205078125 0.4912109375 0.20703125 0.4365234375 0.162109375
0 0.486328125 0.3427734375 0.478515625 0.3232421875 0.3818359375 0.326171875 0.2802734375 0.2890625 0.2431640625 0.294921875 0.234375 0.3134765625 0.2646484375 0.349609375 0.3232421875 0.330078125 0.36328125 0.3466796875 0.3447265625 0.400390625 0.251953125 0.4404296875 0.306640625 0.4501953125 0.3759765625 0.412109375 0.4287109375 0.41015625 0.4580078125 0.392578125 0.486328125 0.3427734375
0 0.513671875 0.3642578125 0.546875 0.3935546875 0.6484375 0.3740234375 0.6240234375 0.3125 0.51953125 0.3447265625 0.513671875 0.3642578125
0 0.5966796875 0.49609375 0.5166015625 0.4296875 0.4921875 0.4560546875 0.513671875 0.4990234375 0.451171875 0.5322265625 0.4658203125 0.552734375 0.5205078125 0.5625 0.5419921875 0.58203125 0.6201171875 0.556640625 0.6591796875 0.5625 0.6787109375 0.59375 0.7109375 0.5927734375 0.736328125 0.5673828125 0.708984375 0.5556640625 0.7001953125 0.48046875 0.5966796875 0.49609375
0 0.8681640625 0.55078125 0.8203125 0.6162109375 0.81640625 0.6689453125 0.849609375 0.6826171875 0.927734375 0.6416015625 0.9609375 0.5556640625 0.9619140625 0.48828125 0.8681640625 0.55078125
0 0.44921875 0.8232421875 0.525390625 0.7841796875 0.4189453125 0.75390625 0.4375 0.8212890625 0.44921875 0.8232421875
0 0.609375 0.7626953125 0.6162109375 0.7890625 0.67578125 0.7919921875 0.69140625 0.7705078125 0.6708984375 0.75 0.6201171875 0.75 0.609375 0.7626953125
0 0.859375 0.8623046875 0.875 0.8662109375 0.91796875 0.8251953125 0.9033203125 0.802734375 0.857421875 0.8193359375 0.859375 0.8623046875
0 0.052734375 0.4970703125 0.09765625 0.4736328125 0.0830078125 0.427734375 0.044921875 0.4306640625 0.052734375 0.4970703125
0 0.216796875 0.7021484375 0.15625 0.6845703125 0.16015625 0.6591796875 0.1875 0.6376953125 0.185546875 0.5810546875 0.0966796875 0.55859375 0.0615234375 0.564453125 0.201171875 0.8251953125 0.294921875 0.9091796875 0.326171875 0.8466796875 0.2412109375 0.828125 0.216796875 0.7724609375 0.216796875 0.7021484375