0 0.30859375 0.1513671875 0.333984375 0.1240234375 0.2939453125 0.09375 0.28515625 0.1513671875 0.30859375 0.1513671875
0 0.48046875 0.2626953125 0.513671875 0.2724609375 0.529296875 0.2548828125 0.47265625 0.1708984375 0.4326171875 0.150390625 0.48046875 0.2626953125
0 0.5859375 0.3427734375 0.6337890625 0.365234375 0.634765625 0.3857421875 0.65234375 0.3935546875 0.673828125 0.3544921875 0.6142578125 0.3125 0.5849609375 0.318359375 0.5859375 0.3427734375
0 0.162109375 0.5693359375 0.17578125 0.5439453125 0.1376953125 0.53125 0.1328125 0.5693359375 0.162109375 0.5693359375
0 0.189453125 0.5654296875 0.2060546875 0.5859375 0.24609375 0.5908203125 0.275390625 0.5673828125 0.2666015625 0.552734375 0.2197265625 0.546875 0.189453125 0.5654296875
0 0.2587890625 0.46875 0.306640625 0.4716796875 0.314453125 0.4521484375 0.3017578125 0.4375 0.25 0.4482421875 0.2587890625 0.46875
0 0.439453125 0.2978515625 0.46484375 0.3134765625 0.4853515625 0.310546875 0.490234375 0.2919921875 0.4599609375 0.2734375 0.439453125 0.2978515625
0 0.419921875 0.3623046875 0.423828125 0.3212890625 0.3974609375 0.310546875 0.380859375 0.3349609375 0.419921875 0.3623046875
0 0.5205078125 0.494140625 0.435546875 0.4912109375 0.4443359375 0.521484375 0.501953125 0.5205078125 0.5576171875 0.51171875 0.59375 0.4814453125 0.5654296875 0.46875 0.5205078125 0.494140625
0 0.3583984375 0.53125 0.3515625 0.5478515625 0.380859375 0.5595703125 0.4130859375 0.546875 0.419921875 0.5263671875 0.4033203125 0.517578125 0.3583984375 0.53125
0 0.60546875 0.5791015625 0.6640625 0.5244140625 0.5673828125 0.525390625 0.587890625 0.5732421875 0.60546875 0.5791015625
0 0.5556640625 0.62890625 0.55078125 0.6884765625 0.5908203125 0.720703125 0.634765625 0.7314453125 0.6328125 0.6611328125 0.6005859375 0.658203125 0.5908203125 0.62890625 0.5556640625 0.62890625
0 0.720703125 0.5810546875 0.71875 0.5361328125 0.6845703125 0.53125 0.6484375 0.5654296875 0.669921875 0.5712890625 0.65625 0.5830078125 0.6865234375 0.623046875 0.724609375 0.6298828125 0.7490234375 0.623046875 0.75 0.6044921875 0.703125 0.5869140625 0.720703125 0.5810546875
0 0.7060546875 0.34375 0.71875 0.4033203125 0.751953125 0.4033203125 0.77734375 0.3876953125 0.775390625 0.3720703125 0.7333984375 0.3359375 0.7060546875 0.34375
0 0.818359375 0.5673828125 0.826171875 0.5498046875 0.7919921875 0.52734375 0.748046875 0.5361328125 0.818359375 0.5673828125
0 0.7822265625 0.421875 0.755859375 0.4794921875 0.798828125 0.4833984375 0.845703125 0.4619140625 0.80859375 0.4384765625 0.8115234375 0.423828125 0.7822265625 0.421875
0 0.2705078125 0.712890625 0.267578125 0.7431640625 0.2431640625 0.744140625 0.240234375 0.7646484375 0.279296875 0.8232421875 0.3046875 0.8349609375 0.328125 0.8212890625 0.3203125 0.8037109375 0.33984375 0.7705078125 0.2705078125 0.712890625
0 0.5078125 0.8251953125 0.548828125 0.8408203125 0.56640625 0.8291015625 0.55859375 0.8037109375 0.5224609375 0.798828125 0.5078125 0.8251953125
0 0.57421875 0.8583984375 0.603515625 0.9052734375 0.6484375 0.8779296875 0.6123046875 0.83984375 0.5771484375 0.845703125 0.57421875 0.8583984375
0 0.458984375 0.9072265625 0.474609375 0.8896484375 0.4482421875 0.84375 0.419921875 0.8896484375 0.458984375 0.9072265625
0 0.693359375 0.7958984375 0.73046875 0.8134765625 0.7578125 0.7919921875 0.7509765625 0.78125 0.7099609375 0.78125 0.693359375 0.7958984375
0 0.2666015625 0.640625 0.353515625 0.6884765625 0.3544921875 0.650390625 0.3056640625 0.625 0.263671875 0.6259765625 0.2666015625 0.640625
0 0.2705078125 0.21875 0.2890625 0.2177734375 0.2939453125 0.193359375 0.2646484375 0.185546875 0.251953125 0.1962890625 0.2705078125 0.21875