0 0.5732421875 0.681640625 0.5595703125 0.65234375 0.5302734375 0.6484375 0.478515625 0.6708984375 0.474609375 0.7138671875 0.486328125 0.7197265625 0.5263671875 0.703125 0.5927734375 0.7109375 0.6015625 0.6923828125 0.5732421875 0.681640625
0 0.3837890625 0.630859375 0.349609375 0.6689453125 0.35546875 0.6923828125 0.337890625 0.7119140625 0.35546875 0.7158203125 0.4560546875 0.6875 0.46484375 0.6708984375 0.4072265625 0.630859375 0.3837890625 0.630859375
0 0.7216796875 0.595703125 0.7373046875 0.60546875 0.755859375 0.5947265625 0.7236328125 0.59375 0.7177734375 0.578125 0.6826171875 0.578125 0.6748046875 0.591796875 0.6708984375 0.578125 0.6083984375 0.578125 0.57421875 0.6474609375 0.564453125 0.6416015625 0.572265625 0.6767578125 0.587890625 0.6787109375 0.7080078125 0.62890625 0.6875 0.6181640625 0.7275390625 0.615234375 0.7216796875 0.595703125
0 0.8408203125 0.607421875 0.884765625 0.6064453125 0.8955078125 0.560546875 0.8134765625 0.56640625 0.798828125 0.5810546875 0.8408203125 0.607421875
0 0.826171875 0.4267578125 0.85546875 0.4072265625 0.8095703125 0.392578125 0.810546875 0.4228515625 0.826171875 0.4267578125
0 0.5625 0.3974609375 0.5732421875 0.419921875 0.685546875 0.4501953125 0.701171875 0.4248046875 0.6787109375 0.396484375 0.5947265625 0.375 0.5625 0.3974609375
0 0.458984375 0.3173828125 0.525390625 0.3525390625 0.544921875 0.3330078125 0.5380859375 0.28515625 0.4873046875 0.2890625 0.458984375 0.3173828125
0 0.58984375 0.1376953125 0.5703125 0.1435546875 0.685546875 0.1572265625 0.69921875 0.1298828125 0.6806640625 0.080078125 0.6044921875 0.099609375 0.58984375 0.1376953125
0 0.2236328125 0.517578125 0.2109375 0.5380859375 0.240234375 0.5908203125 0.28125 0.6142578125 0.296875 0.5947265625 0.28515625 0.5634765625 0.2451171875 0.517578125 0.2236328125 0.517578125
0 0.3662109375 0.400390625 0.296875 0.4267578125 0.298828125 0.4716796875 0.314453125 0.4814453125 0.3427734375 0.474609375 0.3828125 0.4287109375 0.3935546875 0.37109375 0.3662109375 0.400390625
0 0.904296875 0.4482421875 0.90625 0.4677734375 0.951171875 0.5009765625 0.970703125 0.4267578125 0.9658203125 0.38671875 0.9150390625 0.41015625 0.904296875 0.4482421875
0 0.7197265625 0.685546875 0.67578125 0.7197265625 0.724609375 0.8173828125 0.771484375 0.7783203125 0.7265625 0.7392578125 0.740234375 0.6943359375 0.7197265625 0.685546875
0 0.72265625 0.9072265625 0.736328125 0.8603515625 0.7158203125 0.822265625 0.66015625 0.8623046875 0.72265625 0.9072265625
0 0.5322265625 0.861328125 0.625 0.8701171875 0.642578125 0.8525390625 0.6376953125 0.794921875 0.53125 0.8212890625 0.5322265625 0.861328125
0 0.22265625 0.7685546875 0.25390625 0.7451171875 0.1728515625 0.736328125 0.18359375 0.7451171875 0.1640625 0.7529296875 0.14453125 0.7939453125 0.162109375 0.8115234375 0.1484375 0.8466796875 0.2158203125 0.88671875 0.28125 0.8896484375 0.298828125 0.8779296875 0.25390625 0.8466796875 0.267578125 0.8134765625 0.22265625 0.7685546875