0 0.3671875 0.5498046875 0.384765625 0.5517578125 0.4765625 0.5400390625 0.3876953125 0.44140625 0.341796875 0.4951171875 0.3671875 0.5498046875
0 0.5361328125 0.353515625 0.5009765625 0.33984375 0.515625 0.4580078125 0.537109375 0.4619140625 0.55859375 0.4443359375 0.587890625 0.3642578125 0.5556640625 0.33984375 0.5361328125 0.353515625
0 0.619140625 0.8388671875 0.6396484375 0.787109375 0.5625 0.7919921875 0.5634765625 0.833984375 0.619140625 0.8388671875
0 0.697265625 0.8232421875 0.716796875 0.7470703125 0.6845703125 0.70703125 0.654296875 0.7744140625 0.697265625 0.8232421875
0 0.740234375 0.6806640625 0.76953125 0.6884765625 0.83203125 0.6357421875 0.8076171875 0.60546875 0.75390625 0.6298828125 0.740234375 0.6806640625
0 0.7578125 0.4814453125 0.798828125 0.4560546875 0.7763671875 0.42578125 0.734375 0.4423828125 0.7578125 0.4814453125
0 0.625 0.5205078125 0.625 0.5576171875 0.642578125 0.5595703125 0.681640625 0.5302734375 0.669921875 0.4775390625 0.6552734375 0.470703125 0.625 0.5205078125
0 0.87890625 0.7705078125 0.888671875 0.7158203125 0.8271484375 0.712890625 0.8203125 0.7353515625 0.87890625 0.7705078125
0 0.3076171875 0.130859375 0.365234375 0.1630859375 0.388671875 0.1455078125 0.3837890625 0.126953125 0.29296875 0.1025390625 0.3076171875 0.130859375
0 0.14453125 0.6240234375 0.203125 0.6884765625 0.22265625 0.6669921875 0.224609375 0.6318359375 0.1435546875 0.595703125 0.14453125 0.6240234375
0 0.2978515625 0.78125 0.26953125 0.8017578125 0.3046875 0.8154296875 0.2978515625 0.78125
0 0.45703125 0.9267578125 0.4990234375 0.873046875 0.451171875 0.8955078125 0.439453125 0.9228515625 0.45703125 0.9267578125