0 0.5625 0.6025390625 0.580078125 0.6044921875 0.62109375 0.5751953125 0.6201171875 0.552734375 0.546875 0.5615234375 0.5625 0.6025390625
0 0.4208984375 0.4140625 0.4248046875 0.396484375 0.4384765625 0.416015625 0.453125 0.3818359375 0.4287109375 0.37109375 0.3642578125 0.37890625 0.3515625 0.4130859375 0.41015625 0.4384765625 0.39453125 0.4306640625 0.4296875 0.4228515625 0.3828125 0.4189453125 0.4208984375 0.4140625
0 0.392578125 0.4794921875 0.408203125 0.4970703125 0.3984375 0.5244140625 0.46875 0.5439453125 0.5234375 0.5146484375 0.52734375 0.4794921875 0.4287109375 0.451171875 0.392578125 0.4794921875
0 0.42578125 0.7958984375 0.4072265625 0.783203125 0.3486328125 0.79296875 0.3408203125 0.76171875 0.2626953125 0.7109375 0.2177734375 0.69921875 0.1904296875 0.7109375 0.1923828125 0.697265625 0.1591796875 0.6875 0.107421875 0.6201171875 0.119140625 0.5361328125 0.060546875 0.4775390625 0.052734375 0.4267578125 0.0244140625 0.423828125 0.0078125 0.4619140625 0.013671875 0.6591796875 0.0439453125 0.69140625 0.1572265625 0.75 0.2802734375 0.857421875 0.353515625 0.8857421875 0.416015625 0.8603515625 0.396484375 0.8271484375 0.42578125 0.8173828125 0.42578125 0.7958984375
0 0.66015625 0.7744140625 0.69921875 0.7548828125 0.6728515625 0.74609375 0.65234375 0.7666015625 0.66015625 0.7744140625
0 0.6015625 0.8134765625 0.6015625 0.8388671875 0.6376953125 0.8671875 0.671875 0.8701171875 0.697265625 0.8447265625 0.69140625 0.8037109375 0.6494140625 0.78125 0.6015625 0.8134765625
0 0.330078125 0.6748046875 0.330078125 0.7080078125 0.353515625 0.7099609375 0.396484375 0.6826171875 0.3740234375 0.65625 0.3447265625 0.65625 0.330078125 0.6748046875
0 0.1953125 0.4482421875 0.2021484375 0.474609375 0.2431640625 0.482421875 0.2734375 0.5126953125 0.310546875 0.4931640625 0.3037109375 0.455078125 0.2470703125 0.4296875 0.1953125 0.4482421875
0 0.1884765625 0.27734375 0.158203125 0.2607421875 0.1591796875 0.23828125 0.1953125 0.2470703125 0.18359375 0.2412109375 0.189453125 0.2119140625 0.1689453125 0.19921875 0.119140625 0.3232421875 0.244140625 0.4150390625 0.333984375 0.3994140625 0.265625 0.3271484375 0.2705078125 0.28515625 0.1884765625 0.27734375
0 0.4375 0.0810546875 0.4111328125 0.048828125 0.2978515625 0.01953125 0.291015625 0.0947265625 0.3203125 0.1455078125 0.349609375 0.1552734375 0.3759765625 0.125 0.3974609375 0.14453125 0.43359375 0.1064453125 0.4375 0.0810546875
0 0.548828125 0.2978515625 0.580078125 0.2568359375 0.5556640625 0.22265625 0.51171875 0.2724609375 0.548828125 0.2978515625
0 0.51953125 0.2060546875 0.556640625 0.1572265625 0.4990234375 0.123046875 0.494140625 0.1923828125 0.51953125 0.2060546875
0 0.7236328125 0.421875 0.6533203125 0.4140625 0.61328125 0.4638671875 0.609375 0.5087890625 0.654296875 0.5341796875 0.7138671875 0.4921875 0.740234375 0.5068359375 0.7421875 0.4482421875 0.7236328125 0.421875
0 0.7724609375 0.560546875 0.76953125 0.6005859375 0.7955543671875 0.6600673484375 0.8076171875 0.65625 0.890625 0.6845703125 0.90625 0.6650390625 0.876953125 0.6357421875 0.876953125 0.6201171875 0.890625 0.6220703125 0.8828125 0.5654296875 0.7724609375 0.560546875