0 0.4775390625 0.498046875 0.533203125 0.5048828125 0.576171875 0.4892578125 0.5166015625 0.4296875 0.458984375 0.4580078125 0.4775390625 0.498046875
0 0.4619140625 0.283203125 0.4619140625 0.26953125 0.4169921875 0.265625 0.3466796875 0.3515625 0.25390625 0.4228515625 0.2568359375 0.44140625 0.333984375 0.4658203125 0.373046875 0.4541015625 0.376953125 0.4091796875 0.42578125 0.3037109375 0.4619140625 0.283203125
0 0.6552734375 0.169921875 0.6796875 0.1708984375 0.732421875 0.1240234375 0.7294921875 0.099609375 0.626953125 0.1337890625 0.6552734375 0.169921875
0 0.166015625 0.6474609375 0.2548828125 0.703125 0.294921875 0.7080078125 0.318359375 0.6943359375 0.2734375 0.6689453125 0.2568359375 0.626953125 0.166015625 0.6474609375
0 0.3046875 0.5810546875 0.283203125 0.6220703125 0.3017578125 0.65625 0.40625 0.6708984375 0.470703125 0.6416015625 0.3779296875 0.5625 0.3408203125 0.560546875 0.3046875 0.5810546875
0 0.6845703125 0.517578125 0.689453125 0.5556640625 0.724609375 0.5654296875 0.7783203125 0.5625 0.791015625 0.5400390625 0.7294921875 0.50390625 0.6845703125 0.517578125
0 0.548828125 0.6162109375 0.5478515625 0.64453125 0.6328125 0.6611328125 0.6640625 0.6220703125 0.6552734375 0.609375 0.5830078125 0.603515625 0.548828125 0.6162109375
0 0.87109375 0.5107421875 0.939453125 0.5322265625 0.94921875 0.5009765625 0.9345703125 0.490234375 0.8974609375 0.48828125 0.87109375 0.5107421875
0 0.8486328125 0.6015625 0.7998046875 0.59765625 0.791015625 0.6162109375 0.810546875 0.6376953125 0.7421875 0.6591796875 0.736328125 0.6982421875 0.7578125 0.7275390625 0.8115234375 0.69140625 0.828125 0.6513671875 0.861328125 0.6318359375 0.8486328125 0.6015625
0 0.626953125 0.8271484375 0.666015625 0.8408203125 0.69921875 0.8310546875 0.7041015625 0.787109375 0.626953125 0.7998046875 0.626953125 0.8271484375
0 0.662109375 0.7509765625 0.6318359375 0.75 0.640625 0.7626953125 0.662109375 0.7509765625
0 0.7412109375 0.673828125 0.7314453125 0.73046875 0.6962890625 0.71875 0.66796875 0.7392578125 0.66796875 0.7548828125 0.693359375 0.7666015625 0.76953125 0.7197265625 0.7548828125 0.685546875 0.744140625 0.7001953125 0.7412109375 0.673828125
0 0.822265625 0.4423828125 0.828125 0.4150390625 0.8115234375 0.40625 0.794921875 0.4326171875 0.822265625 0.4423828125
0 0.75 0.4345703125 0.763671875 0.4091796875 0.7470703125 0.39453125 0.6953125 0.4228515625 0.75 0.4345703125
0 0.662109375 0.8994140625 0.6796875 0.8916015625 0.6748046875 0.87890625 0.626953125 0.8935546875 0.662109375 0.8994140625
0 0.53125 0.9072265625 0.5341796875 0.935546875 0.5625 0.9365234375 0.607421875 0.9267578125 0.5908203125 0.892578125 0.5595703125 0.88671875 0.53125 0.9072265625