0 0.953125 0.3466796875 0.9443359375 0.287109375 0.8359375 0.3056640625 0.859375 0.3369140625 0.828125 0.3642578125 0.87109375 0.3779296875 0.8701171875 0.412109375 0.8154296875 0.390625 0.7099609375 0.408203125 0.650390625 0.4404296875 0.6748046875 0.4765625 0.7021484375 0.48828125 0.7939453125 0.47265625 0.908203125 0.5185546875 0.93359375 0.4833984375 0.939453125 0.4306640625 0.98828125 0.4189453125 0.953125 0.3466796875
0 0.4111328125 0.75 0.44140625 0.7314453125 0.4453125 0.6904296875 0.4072265625 0.66796875 0.2919921875 0.646484375 0.291015625 0.6279296875 0.3173828125 0.623046875 0.328125 0.5966796875 0.2451171875 0.5859375 0.2490234375 0.541015625 0.1533203125 0.55078125 0.14453125 0.5712890625 0.18359375 0.5888671875 0.19140625 0.6318359375 0.138671875 0.6357421875 0.15234375 0.6533203125 0.13671875 0.6572265625 0.1328125 0.6904296875 0.14453125 0.7001953125 0.12890625 0.7216796875 0.1533203125 0.74609375 0.2236328125 0.765625 0.2861328125 0.814453125 0.330078125 0.8173828125 0.3310546875 0.794921875 0.357421875 0.7939453125 0.3701171875 0.74609375 0.4111328125 0.75
0 0.439453125 0.4521484375 0.4326171875 0.4375 0.4033203125 0.431640625 0.32421875 0.4541015625 0.3720703125 0.521484375 0.40234375 0.5263671875 0.4375 0.5185546875 0.4345703125 0.501953125 0.40625 0.4931640625 0.439453125 0.4521484375
0 0.30859375 0.5400390625 0.333984375 0.5126953125 0.3037109375 0.494140625 0.27734375 0.5205078125 0.30859375 0.5400390625
0 0.40234375 0.6376953125 0.435546875 0.6474609375 0.5 0.6220703125 0.4541015625 0.603515625 0.4052734375 0.609375 0.40234375 0.6376953125
0 0.5732421875 0.49609375 0.5576171875 0.470703125 0.53515625 0.4755859375 0.53125 0.5712890625 0.5546875 0.5869140625 0.6328125 0.5283203125 0.640625 0.5048828125 0.6220703125 0.48828125 0.5732421875 0.49609375
0 0.2275390625 0.2578125 0.25390625 0.3193359375 0.296875 0.3291015625 0.31640625 0.3154296875 0.30859375 0.2548828125 0.2509765625 0.24609375 0.2275390625 0.2578125
0 0.5107421875 0.25390625 0.5546875 0.2548828125 0.560546875 0.2275390625 0.5302734375 0.2109375 0.46875 0.2236328125 0.5107421875 0.25390625
0 0.6875 0.2607421875 0.708984375 0.3017578125 0.73046875 0.3115234375 0.779296875 0.2880859375 0.767578125 0.2744140625 0.7861328125 0.2265625 0.6875 0.2607421875
0 0.2978515625 0.392578125 0.234375 0.3994140625 0.283203125 0.4365234375 0.2978515625 0.392578125
0 0.6171875 0.8779296875 0.634765625 0.8779296875 0.74609375 0.8212890625 0.7099609375 0.8125 0.6337890625 0.8359375 0.6171875 0.8779296875
0 0.955078125 0.6064453125 0.9765625 0.5478515625 0.9482421875 0.53125 0.9296875 0.5498046875 0.955078125 0.6064453125
0 0.3681640625 0.8359375 0.447265625 0.8642578125 0.4208984375 0.814453125 0.3779296875 0.78125 0.35546875 0.7861328125 0.3681640625 0.8359375