0 0.5888671875 0.5 0.5341796875 0.517578125 0.53125 0.5380859375 0.5625 0.5849609375 0.60546875 0.6064453125 0.6630859375 0.5859375 0.673828125 0.5673828125 0.6357421875 0.552734375 0.5888671875 0.5
0 0.849609375 0.4150390625 0.8076171875 0.359375 0.796875 0.3876953125 0.810546875 0.4169921875 0.7626953125 0.427734375 0.724609375 0.4560546875 0.71875 0.5068359375 0.734375 0.5146484375 0.7724609375 0.509765625 0.8134765625 0.46875 0.8515625 0.4619140625 0.849609375 0.4150390625
0 0.853515625 0.5888671875 0.87890625 0.5927734375 0.93359375 0.5615234375 0.9072265625 0.54296875 0.8759765625 0.544921875 0.853515625 0.5888671875
0 0.876953125 0.7802734375 0.8984375 0.8056640625 0.9482421875 0.568359375 0.8984375 0.6357421875 0.869140625 0.7119140625 0.876953125 0.7802734375
0 0.4384765625 0.76171875 0.51171875 0.7783203125 0.517578125 0.7685546875 0.4755859375 0.73828125 0.42578125 0.7236328125 0.4384765625 0.76171875
0 0.55078125 0.7451171875 0.59375 0.7783203125 0.609375 0.7646484375 0.6005859375 0.748046875 0.5791015625 0.734375 0.55078125 0.7451171875
0 0.6328125 0.8408203125 0.5654296875 0.814453125 0.533203125 0.8427734375 0.52734375 0.9013671875 0.5126953125 0.89453125 0.509765625 0.9072265625 0.599609375 0.9482421875 0.59375 0.9384765625 0.611328125 0.9365234375 0.609375 0.8642578125 0.6328125 0.8408203125
0 0.638671875 0.9619140625 0.66796875 0.9736328125 0.7080078125 0.8984375 0.6708984375 0.91015625 0.64453125 0.9384765625 0.638671875 0.9619140625
0 0.2529296875 0.580078125 0.28515625 0.5830078125 0.302734375 0.5693359375 0.2861328125 0.552734375 0.251953125 0.5654296875 0.2529296875 0.580078125
0 0.25 0.6025390625 0.1767578125 0.607421875 0.126953125 0.5693359375 0.0927734375 0.5078125 0.0537109375 0.498046875 0.05859375 0.5517578125 0.111328125 0.6533203125 0.1337890625 0.63671875 0.2255859375 0.6484375 0.248046875 0.6337890625 0.25 0.6025390625
0 0.2021484375 0.12890625 0.1689453125 0.130859375 0.11328125 0.2099609375 0.1162109375 0.248046875 0.1357421875 0.240234375 0.177734375 0.2666015625 0.22265625 0.2470703125 0.2109375 0.1982421875 0.220703125 0.1435546875 0.2021484375 0.12890625