0 0.287109375 0.4541015625 0.388671875 0.4404296875 0.3232421875 0.375 0.240234375 0.4287109375 0.287109375 0.4541015625
0 0.43359375 0.5751953125 0.4404296875 0.533203125 0.3642578125 0.53125 0.3193359375 0.599609375 0.2431640625 0.576171875 0.21484375 0.5869140625 0.2197265625 0.607421875 0.255859375 0.6201171875 0.2470703125 0.640625 0.205078125 0.6455078125 0.234375 0.7021484375 0.228515625 0.7509765625 0.251953125 0.7529296875 0.3828125 0.6748046875 0.388671875 0.6572265625 0.353515625 0.6240234375 0.43359375 0.5751953125
0 0.46875 0.5380859375 0.482421875 0.4951171875 0.4404296875 0.4765625 0.42578125 0.5302734375 0.46875 0.5380859375
0 0.419921875 0.3720703125 0.439453125 0.3779296875 0.45703125 0.3486328125 0.4443359375 0.32421875 0.40625 0.3388671875 0.419921875 0.3720703125
0 0.43359375 0.4169921875 0.451171875 0.4267578125 0.4990234375 0.408203125 0.5 0.3896484375 0.4404296875 0.388671875 0.43359375 0.4169921875
0 0.435546875 0.4189453125 0.451171875 0.4267578125 0.4990234375 0.408203125 0.5 0.3876953125 0.4501953125 0.384765625 0.435546875 0.4189453125
0 0.6279296875 0.291015625 0.5986328125 0.318359375 0.5625 0.3076171875 0.58984375 0.2939453125 0.607421875 0.2392578125 0.5693359375 0.21484375 0.5576171875 0.25 0.5439453125 0.23828125 0.5185546875 0.26171875 0.5126953125 0.232421875 0.478515625 0.3095703125 0.4951171875 0.306640625 0.5126953125 0.34375 0.5576171875 0.34375 0.5625 0.3759765625 0.59375 0.3857421875 0.625 0.3720703125 0.623046875 0.3447265625 0.650390625 0.3271484375 0.6279296875 0.291015625
0 0.625 0.4111328125 0.68359375 0.4228515625 0.708984375 0.4033203125 0.6708984375 0.3828125 0.6494140625 0.380859375 0.625 0.4111328125
0 0.513671875 0.7431640625 0.5263671875 0.697265625 0.4892578125 0.689453125 0.451171875 0.7568359375 0.390625 0.8193359375 0.427734375 0.8291015625 0.4580078125 0.822265625 0.5048828125 0.767578125 0.568359375 0.7587890625 0.513671875 0.7431640625
0 0.6240234375 0.71875 0.5966796875 0.724609375 0.560546875 0.7685546875 0.5625 0.8212890625 0.6240234375 0.8125 0.654296875 0.7783203125 0.65625 0.7509765625 0.6240234375 0.71875
0 0.7255859375 0.728515625 0.75390625 0.7392578125 0.77734375 0.7216796875 0.7705078125 0.685546875 0.703125 0.6943359375 0.7255859375 0.728515625
0 0.1513671875 0.48828125 0.1875 0.5283203125 0.208984375 0.4794921875 0.1787109375 0.44921875 0.130859375 0.4873046875 0.1513671875 0.48828125
0 0.23828125 0.7978515625 0.251953125 0.7509765625 0.2373046875 0.744140625 0.21875 0.7646484375 0.23828125 0.7978515625
0 0.1640625 0.7119140625 0.181640625 0.6650390625 0.1279296875 0.6328125 0.109375 0.6806640625 0.107421875 0.7744140625 0.138671875 0.8271484375 0.173828125 0.8037109375 0.1640625 0.7705078125 0.1796875 0.7451171875 0.1640625 0.7119140625
0 0.7646484375 0.306640625 0.78515625 0.3076171875 0.80859375 0.2939453125 0.8037109375 0.275390625 0.751953125 0.2822265625 0.7646484375 0.306640625
0 0.861328125 0.2275390625 0.890625 0.2099609375 0.8447265625 0.19140625 0.83203125 0.2177734375 0.861328125 0.2275390625