0 0.3544921875 0.21875 0.314453125 0.2294921875 0.3046875 0.2685546875 0.3330078125 0.3125 0.380859375 0.3330078125 0.435546875 0.2353515625 0.3857421875 0.185546875 0.3662109375 0.185546875 0.3544921875 0.21875
0 0.087890625 0.6181640625 0.1015625 0.6181640625 0.171875 0.6044921875 0.1298828125 0.478515625 0.099609375 0.5498046875 0.087890625 0.6181640625
0 0.4453125 0.6103515625 0.4501953125 0.501953125 0.3515625 0.5205078125 0.3623046875 0.544921875 0.4453125 0.6103515625
0 0.3759765625 0.640625 0.3427734375 0.642578125 0.345703125 0.6728515625 0.4453125 0.7490234375 0.458984375 0.7392578125 0.458984375 0.6943359375 0.4287109375 0.6875 0.3759765625 0.640625
0 0.431640625 0.4208984375 0.455078125 0.4970703125 0.490234375 0.5009765625 0.560546875 0.4697265625 0.5537109375 0.37890625 0.4892578125 0.38671875 0.431640625 0.4208984375
0 0.6767578125 0.205078125 0.6455078125 0.1953125 0.5888671875 0.2265625 0.5361328125 0.2265625 0.513671875 0.2529296875 0.5283203125 0.267578125 0.6679217390625001 0.27313424531249997 0.669921875 0.2783203125 0.6689453125 0.259765625 0.751953125 0.2333984375 0.6962890625 0.1875 0.6767578125 0.205078125
0 0.8515625 0.7255859375 0.861328125 0.5693359375 0.92578125 0.5107421875 0.857421875 0.3388671875 0.7548828125 0.236328125 0.6640625 0.2705078125 0.65234375 0.3427734375 0.568359375 0.4482421875 0.5751953125 0.474609375 0.6982421875 0.458984375 0.7305444578125 0.4663258 0.701171875 0.5146484375 0.70703125 0.6083984375 0.751953125 0.6357421875 0.7294921875 0.677734375 0.658203125 0.7275390625 0.681640625 0.8134765625 0.703125 0.8232421875 0.734375 0.7978515625 0.7373046875 0.771484375 0.7490234375 0.787109375 0.7919921875 0.744140625 0.8515625 0.7255859375
0 0.462890625 0.7822265625 0.484375 0.8095703125 0.640625 0.7216796875 0.5400390625 0.685546875 0.4775390625 0.697265625 0.462890625 0.7822265625
0 0.462890625 0.6357421875 0.53515625 0.6513671875 0.63671875 0.5673828125 0.4794921875 0.533203125 0.462890625 0.5576171875 0.462890625 0.6357421875
0 0.701171875 0.9189453125 0.6767578125 0.9375 0.658203125 0.9345703125 0.6591796875 0.912109375 0.5693359375 0.90625 0.5078125 0.9345703125 0.5283203125 0.970703125 0.66015625 0.9833984375 0.755859375 0.9423828125 0.7060546875 0.9140625 0.6630859375 0.912109375 0.701171875 0.9189453125
0 0.7421875 0.8935546875 0.75390625 0.9033203125 0.8212890625 0.873046875 0.818359375 0.8525390625 0.7626953125 0.857421875 0.7421875 0.8935546875