0 0.6123046875 0.61328125 0.638671875 0.5849609375 0.6240234375 0.541015625 0.5830078125 0.55078125 0.4990234375 0.537109375 0.44921875 0.5517578125 0.44140625 0.6025390625 0.37890625 0.7314453125 0.376953125 0.8251953125 0.419921875 0.8330078125 0.470703125 0.8017578125 0.501953125 0.7412109375 0.484375 0.6689453125 0.6123046875 0.61328125
0 0.626953125 0.4365234375 0.6220703125 0.36328125 0.5625 0.3779296875 0.5654296875 0.431640625 0.626953125 0.4365234375
0 0.4375 0.5400390625 0.3271484375 0.51171875 0.3447265625 0.544921875 0.3017578125 0.5390625 0.26953125 0.5615234375 0.333984375 0.5927734375 0.3662109375 0.5859375 0.3798828125 0.5625 0.4287109375 0.568359375 0.4375 0.5400390625
0 0.6953125 0.8095703125 0.7333984375 0.798828125 0.724609375 0.8251953125 0.7548828125 0.81640625 0.7578125 0.7978515625 0.7177734375 0.791015625 0.6953125 0.8095703125
0 0.5927734375 0.720703125 0.58203125 0.7412109375 0.6083984375 0.775390625 0.62890625 0.7744140625 0.69140625 0.7548828125 0.6591796875 0.75 0.6220703125 0.71484375 0.5927734375 0.720703125
0 0.4931640625 0.833984375 0.4658203125 0.814453125 0.4091796875 0.841796875 0.3798828125 0.83203125 0.37109375 0.8486328125 0.37109375 0.9638671875 0.44921875 0.9853515625 0.58984375 0.9091796875 0.541015625 0.8955078125 0.5302734375 0.8359375 0.4931640625 0.833984375
0 0.69140625 0.8193359375 0.7216796875 0.830078125 0.7568359375 0.818359375 0.787109375 0.8603515625 0.830078125 0.8251953125 0.8056640625 0.794921875 0.7158203125 0.794921875 0.69140625 0.8193359375
0 0.2041015625 0.888671875 0.20703125 0.8603515625 0.177734375 0.8173828125 0.1337890625 0.796875 0.150390625 0.8994140625 0.1806640625 0.923828125 0.296875 0.9619140625 0.30859375 0.9560546875 0.287109375 0.9384765625 0.291015625 0.9013671875 0.2041015625 0.888671875
0 0.42578125 0.3642578125 0.478515625 0.3759765625 0.50390625 0.3662109375 0.4912109375 0.34375 0.4462890625 0.34375 0.42578125 0.3642578125
0 0.375 0.2470703125 0.4208984375 0.279296875 0.5029296875 0.29296875 0.50390625 0.3369140625 0.5390625 0.3193359375 0.5341796875 0.271484375 0.4580078125 0.240234375 0.375 0.2470703125
0 0.626953125 0.2509765625 0.66015625 0.2666015625 0.697265625 0.2158203125 0.6904296875 0.205078125 0.623046875 0.2216796875 0.626953125 0.2509765625
0 0.318359375 0.4541015625 0.283203125 0.4541015625 0.296875 0.4658203125 0.318359375 0.4541015625
0 0.25390625 0.5224609375 0.279296875 0.4814453125 0.2158203125 0.470703125 0.21484375 0.4970703125 0.25390625 0.5224609375
0 0.4443359375 0.34375 0.42578125 0.3623046875 0.4326171875 0.376953125 0.501953125 0.3759765625 0.482421875 0.4091796875 0.48046875 0.4560546875 0.494140625 0.4599609375 0.533203125 0.4267578125 0.529296875 0.3935546875 0.4990234375 0.3515625 0.4443359375 0.34375
0 0.208984375 0.7431640625 0.25390625 0.7646484375 0.29296875 0.7451171875 0.2626953125 0.708984375 0.2216796875 0.720703125 0.208984375 0.7431640625
0 0.166015625 0.6318359375 0.2001953125 0.626953125 0.205078125 0.5966796875 0.12109375 0.5966796875 0.166015625 0.6318359375