0 0.2119140625 0.61328125 0.21875 0.6669921875 0.287109375 0.7041015625 0.3681640625 0.6796875 0.4091796875 0.69140625 0.4453125 0.6279296875 0.2119140625 0.61328125
0 0.2275390625 0.681640625 0.19921875 0.6923828125 0.2138671875 0.701171875 0.1845703125 0.69921875 0.1884765625 0.71875 0.1650390625 0.71875 0.142578125 0.6962890625 0.1865234375 0.697265625 0.1796875 0.6689453125 0.1005859375 0.626953125 0.1064453125 0.6640625 0.15234375 0.6591796875 0.13671875 0.6689453125 0.146484375 0.6806640625 0.126953125 0.6865234375 0.150390625 0.7138671875 0.12890625 0.7392578125 0.130859375 0.7705078125 0.1943359375 0.837890625 0.25 0.8662109375 0.2998046875 0.822265625 0.3525390625 0.8046875 0.36328125 0.7724609375 0.2275390625 0.681640625
0 0.3837890625 0.291015625 0.357421875 0.3232421875 0.3759765625 0.34375 0.3984375 0.3427734375 0.4755859375 0.330078125 0.5078125 0.3037109375 0.4599609375 0.28515625 0.3837890625 0.291015625
0 0.755859375 0.1845703125 0.7353515625 0.16796875 0.6728515625 0.1875 0.5517578125 0.1796875 0.4853515625 0.15625 0.4404296875 0.185546875 0.361328125 0.1982421875 0.3818359375 0.2265625 0.55859375 0.2548828125 0.6298828125 0.20703125 0.6845703125 0.228515625 0.7490234375 0.2265625 0.755859375 0.1845703125
0 0.65625 0.3076171875 0.6728515625 0.33984375 0.720703125 0.3486328125 0.748046875 0.3251953125 0.7412109375 0.30859375 0.7197265625 0.294921875 0.65625 0.3076171875
0 0.5595703125 0.41796875 0.62890625 0.4189453125 0.6484375 0.3994140625 0.6064453125 0.376953125 0.5546875 0.4033203125 0.5595703125 0.41796875
0 0.6376953125 0.55859375 0.55859375 0.5751953125 0.5888671875 0.603515625 0.625 0.6025390625 0.685546875 0.5595703125 0.6787109375 0.53515625 0.6396484375 0.533203125 0.6376953125 0.55859375
0 0.783203125 0.6474609375 0.865234375 0.5810546875 0.7783203125 0.546875 0.7060546875 0.544921875 0.783203125 0.6474609375
0 0.4228515625 0.7109375 0.396484375 0.7626953125 0.427734375 0.7783203125 0.5166015625 0.748046875 0.529296875 0.7197265625 0.4775390625 0.705078125 0.4228515625 0.7109375
0 0.328125 0.5673828125 0.328125 0.5400390625 0.3115234375 0.53125 0.291015625 0.5498046875 0.328125 0.5673828125
0 0.3916015625 0.517578125 0.3828125 0.5400390625 0.39453125 0.5634765625 0.42578125 0.5732421875 0.4658203125 0.5703125 0.501953125 0.5146484375 0.4091796875 0.505859375 0.3916015625 0.517578125
0 0.150390625 0.2958984375 0.197265625 0.3173828125 0.2451171875 0.31640625 0.255859375 0.3037109375 0.1728515625 0.263671875 0.150390625 0.2958984375
0 0.2958984375 0.134765625 0.259765625 0.1728515625 0.314453125 0.2041015625 0.333984375 0.1904296875 0.34375 0.1337890625 0.3740234375 0.10546875 0.2958984375 0.134765625
0 0.6103515625 0.0625 0.6513671875 0.064453125 0.6875 0.0400390625 0.6416015625 0.01171875 0.5146484375 0.0546875 0.509765625 0.0732421875 0.5634765625 0.05078125 0.5673828125 0.06640625 0.5966796875 0.041015625 0.6103515625 0.0625
0 0.037109375 0.4833984375 0.08984375 0.5263671875 0.138671875 0.4873046875 0.134765625 0.4716796875 0.0400390625 0.40625 0.037109375 0.4833984375
0 0.677734375 0.7587890625 0.701171875 0.7373046875 0.6865234375 0.7109375 0.638671875 0.7392578125 0.677734375 0.7587890625
0 0.724609375 0.7607421875 0.73828125 0.7880859375 0.8056640625 0.74609375 0.8359375 0.7041015625 0.7646484375 0.71484375 0.724609375 0.7607421875