0 0.203125 0.6533203125 0.27734375 0.6865234375 0.255859375 0.6103515625 0.2138671875 0.59375 0.1875 0.6201171875 0.203125 0.6533203125
0 0.283203125 0.7138671875 0.330078125 0.7392578125 0.365234375 0.6787109375 0.3154296875 0.66015625 0.28515625 0.6826171875 0.283203125 0.7138671875
0 0.056640625 0.7197265625 0.087890625 0.7314453125 0.099609375 0.7197265625 0.091796875 0.7001953125 0.0576171875 0.68359375 0.056640625 0.7197265625
0 0.59765625 0.7353515625 0.66796875 0.7060546875 0.6103515625 0.697265625 0.58203125 0.7197265625 0.59765625 0.7353515625
0 0.501953125 0.6083984375 0.541015625 0.6259765625 0.552734375 0.6083984375 0.544921875 0.5810546875 0.5068359375 0.576171875 0.501953125 0.6083984375
0 0.451171875 0.8134765625 0.4609375 0.7900390625 0.4111328125 0.76171875 0.412109375 0.8076171875 0.451171875 0.8134765625
0 0.7548828125 0.279296875 0.712890625 0.2880859375 0.7421875 0.3037109375 0.7548828125 0.279296875
0 0.67578125 0.3154296875 0.708984375 0.2861328125 0.6962890625 0.25 0.6640625 0.2587890625 0.67578125 0.3154296875
0 0.626953125 0.3974609375 0.66796875 0.4091796875 0.673828125 0.3876953125 0.703125 0.3720703125 0.6591796875 0.353515625 0.626953125 0.3974609375
0 0.435546875 0.2041015625 0.46484375 0.1923828125 0.4619140625 0.1640625 0.3984375 0.1845703125 0.435546875 0.2041015625
0 0.814453125 0.2197265625 0.8173828125 0.25 0.9111328125 0.251953125 0.931640625 0.2666015625 0.9326171875 0.1875 0.8212890625 0.1953125 0.80078125 0.2138671875 0.814453125 0.2197265625