0 0.7421875 0.3974609375 0.72265625 0.4755859375 0.751953125 0.4755859375 0.81640625 0.4541015625 0.8173828125 0.396484375 0.7802734375 0.384765625 0.7421875 0.3974609375
0 0.4482421875 0.55859375 0.515625 0.5634765625 0.529296875 0.5537109375 0.5009765625 0.525390625 0.4375 0.5341796875 0.4482421875 0.55859375
0 0.416015625 0.6533203125 0.4765625 0.6806640625 0.5205078125 0.6640625 0.517578125 0.6435546875 0.4501953125 0.626953125 0.416015625 0.6533203125
0 0.486328125 0.7548828125 0.5126953125 0.779296875 0.5703125 0.7861328125 0.59375 0.7568359375 0.5712890625 0.73046875 0.5244140625 0.732421875 0.486328125 0.7548828125
0 0.4794921875 0.830078125 0.4033203125 0.8359375 0.390625 0.8720703125 0.369140625 0.8837890625 0.4267578125 0.9140625 0.515625 0.9326171875 0.515625 0.9033203125 0.47265625 0.8740234375 0.494140625 0.8486328125 0.4794921875 0.830078125
0 0.1728515625 0.6953125 0.1015625 0.7080078125 0.1826171875 0.765625 0.259765625 0.7666015625 0.275390625 0.7587890625 0.2685546875 0.734375 0.2138671875 0.734375 0.1728515625 0.6953125
0 0.494140625 0.4130859375 0.556640625 0.3837890625 0.5576171875 0.34375 0.4453125 0.3798828125 0.494140625 0.4130859375
0 0.1669921875 0.056640625 0.2138671875 0.041015625 0.326171875 0.0693359375 0.36328125 0.0439453125 0.2451171875 0.01953125 0.1640625 0.0419921875 0.1669921875 0.056640625
0 0.44140625 0.1572265625 0.4765625 0.1884765625 0.521484375 0.1455078125 0.5048828125 0.126953125 0.4267578125 0.1171875 0.44140625 0.1572265625
0 0.83203125 0.6123046875 0.8154296875 0.603515625 0.83203125 0.6318359375 0.83203125 0.6123046875
0 0.81640625 0.6845703125 0.814453125 0.7041015625 0.84375 0.7294921875 0.8671875 0.7001953125 0.8701171875 0.650390625 0.8388671875 0.658203125 0.81640625 0.6845703125
0 0.828125 0.3388671875 0.837890625 0.3525390625 0.8857421875 0.345703125 0.884765625 0.3095703125 0.8408203125 0.32421875 0.828125 0.3388671875
0 0.330078125 0.7685546875 0.3515625 0.7529296875 0.3408203125 0.724609375 0.30859375 0.7548828125 0.330078125 0.7685546875
0 0.30859375 0.6943359375 0.341796875 0.7158203125 0.373046875 0.6845703125 0.3583984375 0.662109375 0.3330078125 0.6640625 0.30859375 0.6943359375
0 0.310546875 0.8564453125 0.33203125 0.8408203125 0.3251953125 0.826171875 0.255859375 0.8134765625 0.310546875 0.8564453125
0 0.6259765625 0.828125 0.693359375 0.8349609375 0.716796875 0.8193359375 0.6259765625 0.79296875 0.607421875 0.8017578125 0.6259765625 0.828125
0 0.6162109375 0.849609375 0.5634765625 0.859375 0.5576171875 0.875 0.5078125 0.8935546875 0.5263671875 0.9296875 0.66015625 0.9404296875 0.673828125 0.9384765625 0.654296875 0.9267578125 0.6640625 0.8935546875 0.6162109375 0.849609375
0 0.55859375 0.5556640625 0.626953125 0.6142578125 0.654296875 0.5849609375 0.66796875 0.5224609375 0.5771484375 0.498046875 0.55859375 0.5556640625