0 0.2333984375 0.693359375 0.1552734375 0.708984375 0.10546875 0.6650390625 0.125 0.6181640625 0.125 0.5439453125 0.0869140625 0.517578125 0.060546875 0.5380859375 0.0390625 0.7509765625 0.056640625 0.8427734375 0.119140625 0.8720703125 0.1552734375 0.861328125 0.185546875 0.8310546875 0.25 0.7392578125 0.2333984375 0.693359375
0 0.29296875 0.5048828125 0.294921875 0.4775390625 0.2880859375 0.505859375 0.27734375 0.4814453125 0.28125 0.4326171875 0.2705078125 0.4375 0.2578125 0.4150390625 0.296875 0.3447265625 0.2626953125 0.3203125 0.1328125 0.4365234375 0.12890625 0.4619140625 0.146484375 0.4814453125 0.1328125 0.5185546875 0.2060546875 0.521484375 0.2314453125 0.546875 0.2607421875 0.546875 0.28125 0.5712890625 0.28125 0.6259765625 0.318359375 0.6455078125 0.3642578125 0.6328125 0.375 0.6044921875 0.341796875 0.5439453125 0.29296875 0.5048828125
0 0.412109375 0.5927734375 0.44921875 0.5615234375 0.4189453125 0.5234375 0.376953125 0.5517578125 0.412109375 0.5927734375
0 0.390625 0.8037109375 0.3701171875 0.759765625 0.2744140625 0.76171875 0.251953125 0.7763671875 0.259765625 0.8291015625 0.248046875 0.8544921875 0.2666015625 0.8828125 0.3115234375 0.890625 0.3408203125 0.873046875 0.380859375 0.8974609375 0.40625 0.8857421875 0.40625 0.8681640625 0.361328125 0.8369140625 0.390625 0.8037109375
0 0.537109375 0.6318359375 0.5068359375 0.615234375 0.466796875 0.6591796875 0.451171875 0.7099609375 0.546875 0.7255859375 0.60546875 0.6845703125 0.5771484375 0.666015625 0.5400390625 0.666015625 0.537109375 0.6318359375
0 0.6279296875 0.806640625 0.5869140625 0.8046875 0.6025390625 0.775390625 0.5517578125 0.79296875 0.5205078125 0.78125 0.501953125 0.8427734375 0.560546875 0.8662109375 0.6142578125 0.861328125 0.66015625 0.8291015625 0.6455078125 0.8359375 0.6279296875 0.806640625
0 0.48046875 0.5498046875 0.4951171875 0.57421875 0.5703125 0.5869140625 0.611328125 0.5537109375 0.6064453125 0.5234375 0.5029296875 0.5234375 0.48046875 0.5498046875
0 0.7763671875 0.27734375 0.7197265625 0.306640625 0.6884765625 0.30078125 0.650390625 0.3447265625 0.6689453125 0.361328125 0.76171875 0.3798828125 0.7919921875 0.369140625 0.8125 0.3388671875 0.80859375 0.3076171875 0.7763671875 0.27734375
0 0.3408203125 0.23828125 0.306640625 0.2744140625 0.3251953125 0.3046875 0.3515625 0.3076171875 0.36328125 0.2880859375 0.341796875 0.2705078125 0.3515625 0.2470703125 0.3408203125 0.23828125
0 0.564453125 0.2431640625 0.6328125 0.2724609375 0.642578125 0.2470703125 0.5693359375 0.19140625 0.548828125 0.2197265625 0.564453125 0.2431640625
0 0.54296875 0.2607421875 0.509765625 0.2431640625 0.53125 0.2060546875 0.51171875 0.1767578125 0.5380859375 0.138671875 0.57421875 0.1220703125 0.5751953125 0.083984375 0.5048828125 0.095703125 0.41015625 0.1669921875 0.412109375 0.2080078125 0.458984375 0.2548828125 0.41015625 0.2939453125 0.412109375 0.3115234375 0.4453125 0.3291015625 0.43359375 0.3720703125 0.451171875 0.3798828125 0.482421875 0.3662109375 0.5185546875 0.29296875 0.55078125 0.2939453125 0.54296875 0.2607421875
0 0.90625 0.2412109375 0.8984375 0.2060546875 0.8779296875 0.197265625 0.87890625 0.2236328125 0.90625 0.2412109375
0 0.8955078125 0.337890625 0.92578125 0.3408203125 0.9453125 0.2490234375 0.8818359375 0.25 0.865234375 0.3017578125 0.8955078125 0.337890625
0 0.642578125 0.1318359375 0.654296875 0.1025390625 0.6298828125 0.087890625 0.607421875 0.1201171875 0.642578125 0.1318359375
0 0.7109375 0.0595703125 0.6865234375 0.056640625 0.689453125 0.1474609375 0.7099609375 0.134765625 0.7578125 0.1669921875 0.80078125 0.0771484375 0.7431640625 0.0625 0.6962890625 0.107421875 0.7109375 0.0595703125