0 0.521484375 0.6142578125 0.5556640625 0.626953125 0.5751953125 0.65625 0.642578125 0.6826171875 0.7109375 0.6376953125 0.7001953125 0.595703125 0.52734375 0.6005859375 0.521484375 0.6142578125
0 0.3720703125 0.638671875 0.419921875 0.6455078125 0.4091796875 0.59375 0.36328125 0.5908203125 0.357421875 0.6162109375 0.3720703125 0.638671875
0 0.4267578125 0.439453125 0.37890625 0.4541015625 0.4189453125 0.544921875 0.4697265625 0.544921875 0.4990234375 0.568359375 0.52734375 0.5693359375 0.5361328125 0.552734375 0.458984375 0.5107421875 0.4658203125 0.462890625 0.4267578125 0.439453125
0 0.294921875 0.4814453125 0.306640625 0.4482421875 0.2451171875 0.419921875 0.24609375 0.4599609375 0.294921875 0.4814453125
0 0.1953125 0.3818359375 0.212890625 0.3447265625 0.1708984375 0.34375 0.171875 0.3720703125 0.1953125 0.3818359375
0 0.2470703125 0.654296875 0.2001953125 0.63671875 0.09375 0.6474609375 0.2119140625 0.783203125 0.310546875 0.8349609375 0.3984375 0.8291015625 0.2734375 0.7509765625 0.2734375 0.6943359375 0.2470703125 0.654296875
0 0.1474609375 0.482421875 0.107421875 0.5068359375 0.177734375 0.5244140625 0.1474609375 0.482421875
0 0.37109375 0.0517578125 0.392578125 0.0830078125 0.361328125 0.1064453125 0.404296875 0.1396484375 0.4208984375 0.11328125 0.4609375 0.0966796875 0.4970703125 0.033203125 0.37109375 0.0517578125
0 0.6171875 0.2392578125 0.640625 0.2021484375 0.5712890625 0.162109375 0.5244140625 0.197265625 0.5185546875 0.171875 0.4501953125 0.169921875 0.404296875 0.2216796875 0.47265625 0.2509765625 0.46484375 0.3251953125 0.5078125 0.3642578125 0.513671875 0.3935546875 0.53515625 0.4013671875 0.52734375 0.4619140625 0.556640625 0.4697265625 0.5888671875 0.423828125 0.62890625 0.4228515625 0.65625 0.3486328125 0.6171875 0.2392578125
0 0.3837890625 0.34765625 0.384765625 0.3740234375 0.41015625 0.3818359375 0.4482421875 0.3515625 0.484375 0.3447265625 0.4580078125 0.322265625 0.3837890625 0.34765625
0 0.28125 0.1279296875 0.240234375 0.1826171875 0.251953125 0.2080078125 0.314453125 0.1416015625 0.2939453125 0.109375 0.27734375 0.1142578125 0.28125 0.1279296875
0 0.744140625 0.3935546875 0.71875 0.4189453125 0.732421875 0.4365234375 0.71484375 0.4521484375 0.73828125 0.4794921875 0.828125 0.4033203125 0.7783203125 0.349609375 0.751953125 0.3564453125 0.744140625 0.3935546875
0 0.5625 0.7216796875 0.5751953125 0.736328125 0.6640625 0.7392578125 0.6865234375 0.734375 0.6875 0.7177734375 0.6318359375 0.69921875 0.5625 0.7216796875