0 0.4228515625 0.2421875 0.4501953125 0.234375 0.439453125 0.2568359375 0.4560546875 0.275390625 0.4814453125 0.23828125 0.5048828125 0.263671875 0.5693359375 0.2890625 0.599609375 0.2529296875 0.6005859375 0.2265625 0.6123046875 0.232421875 0.6376953125 0.2109375 0.6572265625 0.2265625 0.6865234375 0.21875 0.7099609375 0.23046875 0.69140625 0.2021484375 0.7001953125 0.193359375 0.791015625 0.1533203125 0.6865234375 0.046875 0.6396484375 0.041015625 0.6025390625 0.05859375 0.4736328125 0.013671875 0.3759765625 0.017578125 0.3505859375 0.052734375 0.2919921875 0.06640625 0.2578125 0.0966796875 0.1640625 0.2724609375 0.1689453125 0.291015625 0.2763671875 0.298828125 0.3203125 0.3173828125 0.3671875 0.2880859375 0.3515625 0.2490234375 0.3701171875 0.228515625 0.4228515625 0.2421875
0 0.1533203125 0.279296875 0.189453125 0.3720703125 0.232421875 0.4111328125 0.244140625 0.3623046875 0.3037109375 0.33203125 0.30859375 0.3154296875 0.1533203125 0.279296875
0 0.173828125 0.4970703125 0.20703125 0.5205078125 0.2646484375 0.515625 0.27734375 0.5009765625 0.1748046875 0.478515625 0.173828125 0.4970703125
0 0.287109375 0.4736328125 0.306640625 0.4345703125 0.2529296875 0.42578125 0.255859375 0.4560546875 0.287109375 0.4736328125
0 0.0947265625 0.578125 0.1484375 0.5810546875 0.16015625 0.5732421875 0.1533203125 0.5546875 0.07421875 0.5478515625 0.0947265625 0.578125
0 0.1953125 0.4677734375 0.1748046875 0.46484375 0.171875 0.4912109375 0.201171875 0.5166015625 0.205078125 0.5458984375 0.244140625 0.5654296875 0.2734375 0.5478515625 0.2734375 0.5146484375 0.2060546875 0.51171875 0.1953125 0.4677734375
0 0.2998046875 0.630859375 0.341796875 0.6357421875 0.376953125 0.6044921875 0.3662109375 0.580078125 0.279296875 0.5986328125 0.2998046875 0.630859375
0 0.4072265625 0.626953125 0.3662109375 0.6484375 0.365234375 0.6689453125 0.421875 0.7392578125 0.4609375 0.7529296875 0.48828125 0.7431640625 0.462890625 0.6416015625 0.4404296875 0.646484375 0.4072265625 0.626953125
0 0.5029296875 0.615234375 0.63671875 0.6474609375 0.650390625 0.6279296875 0.5556640625 0.564453125 0.482421875 0.5732421875 0.5029296875 0.615234375
0 0.5849609375 0.498046875 0.578125 0.5302734375 0.61328125 0.5400390625 0.6513671875 0.529296875 0.65625 0.5107421875 0.6162109375 0.4921875 0.5849609375 0.498046875
0 0.6025390625 0.728515625 0.5654296875 0.6953125 0.544921875 0.7275390625 0.578125 0.7587890625 0.6416015625 0.751953125 0.654296875 0.7333984375 0.6318359375 0.70703125 0.6025390625 0.728515625
0 0.7607421875 0.556640625 0.748046875 0.5810546875 0.7900390625 0.607421875 0.888671875 0.6142578125 0.9228515625 0.60546875 0.953125 0.5615234375 0.8408203125 0.5390625 0.7607421875 0.556640625
0 0.623046875 0.3486328125 0.6328125 0.3759765625 0.6611328125 0.40234375 0.703125 0.4033203125 0.72265625 0.3857421875 0.71484375 0.3486328125 0.6494140625 0.27734375 0.623046875 0.3486328125