0 0.7060546875 0.25390625 0.703125 0.2958984375 0.732421875 0.2998046875 0.7626953125 0.291015625 0.767578125 0.2666015625 0.7451171875 0.251953125 0.7060546875 0.25390625
0 0.3701171875 0.392578125 0.3310546875 0.380859375 0.3125 0.4033203125 0.328125 0.4814453125 0.3583984375 0.486328125 0.421875 0.5517578125 0.47265625 0.4697265625 0.4287109375 0.439453125 0.3935546875 0.435546875 0.3701171875 0.392578125
0 0.248046875 0.8271484375 0.318359375 0.8408203125 0.341796875 0.8154296875 0.2763671875 0.767578125 0.25 0.7978515625 0.248046875 0.8271484375
0 0.6005859375 0.14453125 0.646484375 0.1513671875 0.6494140625 0.123046875 0.6103515625 0.1171875 0.58984375 0.1298828125 0.6005859375 0.14453125
0 0.626953125 0.2294921875 0.63671875 0.2412109375 0.7021484375 0.22265625 0.70703125 0.1826171875 0.6494140625 0.189453125 0.626953125 0.2294921875
0 0.3779296875 0.3125 0.4130859375 0.296875 0.451171875 0.3134765625 0.4765625 0.3037109375 0.4560546875 0.265625 0.365234375 0.2841796875 0.3779296875 0.3125
0 0.595703125 0.3837890625 0.615234375 0.3623046875 0.5732421875 0.345703125 0.56640625 0.3779296875 0.595703125 0.3837890625
0 0.529296875 0.3271484375 0.546875 0.3115234375 0.5341796875 0.287109375 0.50390625 0.3017578125 0.529296875 0.3271484375
0 0.515625 0.1708984375 0.52734375 0.1591796875 0.5146484375 0.140625 0.4765625 0.1474609375 0.515625 0.1708984375
0 0.5615234375 0.513671875 0.537109375 0.5556640625 0.576171875 0.5615234375 0.5908203125 0.533203125 0.646484375 0.5166015625 0.6259765625 0.50390625 0.5615234375 0.513671875
0 0.658203125 0.5966796875 0.67578125 0.5732421875 0.6279296875 0.552734375 0.62890625 0.5751953125 0.658203125 0.5966796875
0 0.439453125 0.6435546875 0.4375 0.6103515625 0.4111328125 0.60546875 0.400390625 0.6318359375 0.439453125 0.6435546875
0 0.6943359375 0.8125 0.744140625 0.8310546875 0.75390625 0.8173828125 0.7314453125 0.7890625 0.689453125 0.7978515625 0.6943359375 0.8125