0 0.6572265625 0.25 0.7158203125 0.251953125 0.7265625 0.2373046875 0.6083984375 0.224609375 0.6103515625 0.185546875 0.505859375 0.1337890625 0.529296875 0.0537109375 0.4853515625 0.0390625 0.447265625 0.0673828125 0.470703125 0.2587890625 0.44140625 0.2900390625 0.4296875 0.3408203125 0.4541015625 0.3828125 0.525390625 0.3974609375 0.5546875 0.3779296875 0.576171875 0.3232421875 0.6240234375 0.271484375 0.6572265625 0.25
0 0.1708984375 0.234375 0.16015625 0.2939453125 0.2265625 0.3173828125 0.2568359375 0.314453125 0.263671875 0.2958984375 0.1904296875 0.26171875 0.1708984375 0.234375
0 0.28125 0.3935546875 0.2900390625 0.37109375 0.232421875 0.3779296875 0.2509765625 0.39453125 0.28125 0.3935546875
0 0.3505859375 0.373046875 0.322265625 0.3935546875 0.3173828125 0.416015625 0.26171875 0.4306640625 0.2744140625 0.455078125 0.341796875 0.4638671875 0.3984375 0.4404296875 0.35546875 0.4150390625 0.3935546875 0.375 0.3505859375 0.373046875
0 0.33984375 0.3369140625 0.373046875 0.3447265625 0.416015625 0.3271484375 0.3974609375 0.3125 0.3525390625 0.3125 0.33984375 0.3369140625
0 0.5126953125 0.53125 0.513671875 0.5556640625 0.484375 0.5947265625 0.6201171875 0.578125 0.67578125 0.6064453125 0.7099609375 0.595703125 0.724609375 0.5615234375 0.6162109375 0.521484375 0.5126953125 0.53125
0 0.5693359375 0.625 0.5048828125 0.623046875 0.44921875 0.6572265625 0.451171875 0.7392578125 0.490234375 0.7529296875 0.517578125 0.7412109375 0.564453125 0.6767578125 0.580078125 0.6435546875 0.5693359375 0.625
0 0.26953125 0.6123046875 0.2705078125 0.634765625 0.310546875 0.6494140625 0.3359375 0.6318359375 0.3310546875 0.611328125 0.2900390625 0.6015625 0.26953125 0.6123046875
0 0.2197265625 0.509765625 0.181640625 0.5283203125 0.1904296875 0.556640625 0.2431640625 0.552734375 0.263671875 0.5771484375 0.298828125 0.5498046875 0.3017578125 0.529296875 0.2529296875 0.53125 0.2197265625 0.509765625
0 0.54296875 0.9248046875 0.52734375 0.9130859375 0.53515625 0.8876953125 0.5146484375 0.876953125 0.4228515625 0.89453125 0.4189453125 0.880859375 0.3896484375 0.890625 0.3798828125 0.916015625 0.3720703125 0.896484375 0.3095703125 0.861328125 0.248046875 0.8642578125 0.255859375 0.8779296875 0.2392578125 0.91015625 0.2783203125 0.931640625 0.3779296875 0.919921875 0.384765625 0.9580078125 0.3994140625 0.9375 0.404296875 0.9619140625 0.4248046875 0.9375 0.4384765625 0.9609375 0.5107421875 0.9453125 0.54296875 0.9248046875
0 0.5771484375 0.826171875 0.560546875 0.8427734375 0.5673828125 0.8828125 0.5859747734375 0.8728679609375 0.578125 0.8876953125 0.58984375 0.9033203125 0.7099609375 0.830078125 0.779296875 0.7548828125 0.6845703125 0.763671875 0.6611328125 0.7890625 0.5771484375 0.826171875
0 0.7197265625 0.609375 0.705078125 0.6220703125 0.7392578125 0.677734375 0.818359375 0.6806640625 0.90625 0.6181640625 0.9150390625 0.57421875 0.8349609375 0.607421875 0.7197265625 0.609375
0 0.7138671875 0.65625 0.7041015625 0.685546875 0.6328125 0.7041015625 0.6533203125 0.7421875 0.7236328125 0.740234375 0.7314453125 0.755859375 0.759765625 0.7568359375 0.7890625 0.7412109375 0.8076171875 0.6796875 0.7470703125 0.6796875 0.7138671875 0.65625