0 0.4677734375 0.275390625 0.45703125 0.2998046875 0.47265625 0.3310546875 0.51953125 0.3603515625 0.529296875 0.3310546875 0.517578125 0.2998046875 0.4892578125 0.26953125 0.4677734375 0.275390625
0 0.6884765625 0.25 0.75 0.2744140625 0.783203125 0.2431640625 0.7724609375 0.1953125 0.685546875 0.2294921875 0.6884765625 0.25
0 0.736328125 0.3134765625 0.7587890625 0.349609375 0.783203125 0.3505859375 0.806640625 0.3427734375 0.7958984375 0.3125 0.7548828125 0.30078125 0.736328125 0.3134765625
0 0.875 0.4365234375 0.87890625 0.4931640625 0.912109375 0.4580078125 0.9267578125 0.390625 0.9111328125 0.390625 0.875 0.4365234375
0 0.7900390625 0.54296875 0.7314453125 0.517578125 0.666015625 0.5517578125 0.7177734375 0.5703125 0.734375 0.6044921875 0.751953125 0.6064453125 0.794921875 0.5732421875 0.8505859375 0.4765625 0.79296875 0.4892578125 0.7900390625 0.54296875
0 0.724609375 0.3935546875 0.71875 0.4404296875 0.734375 0.4462890625 0.787109375 0.4091796875 0.7939453125 0.353515625 0.7626953125 0.353515625 0.724609375 0.3935546875
0 0.46875 0.6005859375 0.5 0.5791015625 0.4501953125 0.548828125 0.423828125 0.5908203125 0.46875 0.6005859375
0 0.5107421875 0.564453125 0.52734375 0.6103515625 0.548828125 0.6142578125 0.6044921875 0.595703125 0.607421875 0.5712890625 0.5751953125 0.55078125 0.5107421875 0.564453125
0 0.310546875 0.5947265625 0.2890625 0.6708984375 0.328125 0.6728515625 0.380859375 0.6220703125 0.38671875 0.5966796875 0.3740234375 0.583984375 0.310546875 0.5947265625
0 0.2080078125 0.677734375 0.21875 0.6533203125 0.189453125 0.6103515625 0.1865234375 0.533203125 0.11328125 0.6845703125 0.119140625 0.7294921875 0.154296875 0.7705078125 0.166015625 0.7236328125 0.189453125 0.7177734375 0.1796875 0.6806640625 0.2080078125 0.677734375
0 0.376953125 0.8486328125 0.408203125 0.8681640625 0.45703125 0.8291015625 0.4365234375 0.796875 0.373046875 0.8291015625 0.376953125 0.8486328125
0 0.2685546875 0.349609375 0.306640625 0.3564453125 0.30859375 0.3037109375 0.2919921875 0.28125 0.251953125 0.3291015625 0.2685546875 0.349609375
0 0.33203125 0.3779296875 0.359375 0.3916015625 0.3974609375 0.3828125 0.40625 0.3623046875 0.3466796875 0.341796875 0.33203125 0.3779296875
0 0.2744140625 0.455078125 0.29296875 0.4541015625 0.3125 0.4267578125 0.2763671875 0.40234375 0.26171875 0.4306640625 0.2744140625 0.455078125
0 0.4541015625 0.185546875 0.470703125 0.1845703125 0.517578125 0.1611328125 0.4794921875 0.1484375 0.451171875 0.1689453125 0.4541015625 0.185546875