0 0.5146484375 0.51171875 0.470703125 0.5458984375 0.4736328125 0.560546875 0.5390625 0.5869140625 0.5615234375 0.5859375 0.5703125 0.5517578125 0.6015625 0.5341796875 0.5146484375 0.51171875
0 0.6005859375 0.611328125 0.5244140625 0.654296875 0.5087890625 0.677734375 0.4716796875 0.66015625 0.421875 0.6865234375 0.4326171875 0.724609375 0.4951171875 0.732421875 0.5244140625 0.71484375 0.5771484375 0.71484375 0.599609375 0.7314453125 0.65234375 0.7001953125 0.6484375 0.6669921875 0.611328125 0.6591796875 0.6005859375 0.611328125
0 0.501953125 0.1982421875 0.525390625 0.2451171875 0.576171875 0.2529296875 0.556640625 0.1728515625 0.5341796875 0.14453125 0.5048828125 0.140625 0.501953125 0.1982421875
0 0.6123046875 0.443359375 0.6513671875 0.4296875 0.625 0.4423828125 0.6435546875 0.4453125 0.62890625 0.4541015625 0.640625 0.4580078125 0.671875 0.4150390625 0.6708984375 0.376953125 0.59765625 0.4326171875 0.6123046875 0.443359375
0 0.55078125 0.3447265625 0.5322265625 0.328125 0.5068359375 0.330078125 0.4765625 0.3740234375 0.5283203125 0.3828125 0.5234375 0.4345703125 0.5546875 0.4521484375 0.5625 0.4130859375 0.533203125 0.3818359375 0.55078125 0.3681640625 0.55078125 0.3447265625
0 0.48828125 0.3193359375 0.4150390625 0.302734375 0.3818359375 0.30859375 0.357421875 0.3330078125 0.427734375 0.3505859375 0.4560546875 0.326171875 0.4677734375 0.341796875 0.4873046875 0.337890625 0.48828125 0.3193359375
0 0.7353515625 0.435546875 0.75390625 0.4560546875 0.7548828125 0.431640625 0.712890625 0.4248046875 0.7138671875 0.453125 0.7353515625 0.435546875
0 0.7431640625 0.419921875 0.7822265625 0.41015625 0.810546875 0.4287109375 0.8349609375 0.3984375 0.7724609375 0.376953125 0.74609375 0.3876953125 0.7431640625 0.419921875
0 0.7666015625 0.216796875 0.7275390625 0.177734375 0.69140625 0.2392578125 0.728515625 0.2490234375 0.7412109375 0.21875 0.8095703125 0.21875 0.80078125 0.1923828125 0.7666015625 0.216796875
0 0.7353515625 0.359375 0.7822265625 0.3671875 0.80078125 0.3466796875 0.80078125 0.2822265625 0.7548828125 0.248046875 0.6875 0.2802734375 0.6865234375 0.30078125 0.7421875 0.3251953125 0.7275390625 0.35546875 0.7138671875 0.34375 0.666015625 0.3837890625 0.705078125 0.4189453125 0.732421875 0.4091796875 0.71875 0.4052734375 0.734375 0.3955078125 0.7353515625 0.359375
0 0.95703125 0.0498046875 0.9501953125 0.02734375 0.9208984375 0.02734375 0.9013671875 0.044921875 0.8662109375 0.03125 0.810546875 0.0888671875 0.8046875 0.1201171875 0.830078125 0.1494140625 0.826171875 0.1904296875 0.853515625 0.2021484375 0.8125 0.2763671875 0.81640625 0.2978515625 0.837890625 0.3076171875 0.859375 0.2353515625 0.900390625 0.2138671875 0.904296875 0.1455078125 0.95703125 0.0498046875
0 0.8828125 0.2724609375 0.900390625 0.3583984375 0.912109375 0.2470703125 0.8974609375 0.208984375 0.884765625 0.2197265625 0.8828125 0.2724609375
0 0.169921875 0.7333984375 0.21484375 0.6962890625 0.1669921875 0.6875 0.154296875 0.7216796875 0.169921875 0.7333984375
0 0.3095703125 0.8125 0.255859375 0.8388671875 0.283203125 0.8525390625 0.3564453125 0.83203125 0.357421875 0.7939453125 0.3173828125 0.783203125 0.3095703125 0.8125
0 0.466796875 0.7841796875 0.4599609375 0.75 0.41796875 0.7587890625 0.4208984375 0.7734375 0.466796875 0.7841796875
0 0.423828125 0.6826171875 0.4287109375 0.72265625 0.48828125 0.7314453125 0.509765625 0.7197265625 0.4931640625 0.671875 0.4658203125 0.662109375 0.423828125 0.6826171875