0 0.357421875 0.4111328125 0.357421875 0.4599609375 0.373046875 0.4794921875 0.36328125 0.5712890625 0.4072265625 0.609375 0.431640625 0.6123046875 0.51953125 0.5478515625 0.513671875 0.3916015625 0.5009765625 0.375 0.357421875 0.4111328125
0 0.783203125 0.5341796875 0.767578125 0.5029296875 0.7255859375 0.541015625 0.6787109375 0.55859375 0.5322265625 0.55859375 0.513671875 0.6025390625 0.517578125 0.6455078125 0.568359375 0.6865234375 0.5986328125 0.68359375 0.6689453125 0.623046875 0.7353515625 0.609375 0.783203125 0.5341796875
0 0.828125 0.5283203125 0.7109375 0.6787109375 0.763671875 0.7119140625 0.865234375 0.5400390625 0.9072265625 0.376953125 0.8515625 0.4599609375 0.828125 0.5283203125
0 0.900390625 0.1337890625 0.935546875 0.1142578125 0.7373046875 0.076171875 0.740234375 0.1826171875 0.7529296875 0.205078125 0.794921875 0.2119140625 0.8037109375 0.193359375 0.8623046875 0.2109375 0.900390625 0.1787109375 0.900390625 0.1337890625
0 0.3955078125 0.115234375 0.2578125 0.2041015625 0.267578125 0.2099609375 0.3779296875 0.18359375 0.3974609375 0.205078125 0.439453125 0.1591796875 0.3955078125 0.115234375
0 0.12890625 0.7666015625 0.150390625 0.7998046875 0.1357421875 0.8203125 0.123046875 0.8115234375 0.126953125 0.8857421875 0.11328125 0.8916015625 0.154296875 0.8994140625 0.2275390625 0.875 0.244140625 0.8544921875 0.2158203125 0.73828125 0.12890625 0.7666015625
0 0.35546875 0.6474609375 0.349609375 0.5966796875 0.2958984375 0.578125 0.2138671875 0.595703125 0.21875 0.6865234375 0.2392578125 0.72265625 0.2607421875 0.72265625 0.28515625 0.7626953125 0.302734375 0.7666015625 0.30078125 0.7392578125 0.333984375 0.7119140625 0.33203125 0.6826171875 0.35546875 0.6474609375
0 0.203125 0.3759765625 0.22265625 0.3271484375 0.2001953125 0.279296875 0.1640625 0.4072265625 0.12109375 0.4482421875 0.140625 0.4580078125 0.171875 0.4384765625 0.1826171875 0.412109375 0.21875 0.4208984375 0.203125 0.3759765625
0 0.248046875 0.4853515625 0.271484375 0.4970703125 0.314453125 0.4619140625 0.298828125 0.4208984375 0.2255859375 0.421875 0.248046875 0.4853515625
0 0.298828125 0.3642578125 0.33984375 0.3916015625 0.345703125 0.3134765625 0.3017578125 0.3046875 0.2685546875 0.31640625 0.298828125 0.3642578125
0 0.091796875 0.5732421875 0.109375 0.5576171875 0.0771484375 0.5390625 0.05859375 0.5693359375 0.091796875 0.5732421875
0 0.703125 0.3759765625 0.720703125 0.3876953125 0.7822265625 0.369140625 0.798828125 0.3154296875 0.7646484375 0.298828125 0.703125 0.3759765625
0 0.8427734375 0.33203125 0.814453125 0.3603515625 0.8671875 0.4345703125 0.908203125 0.3896484375 0.8994140625 0.283203125 0.8740234375 0.326171875 0.8427734375 0.33203125
0 0.6328125 0.1708984375 0.6484375 0.1103515625 0.630859375 0.1005859375 0.6270939140625 0.0685795046875 0.5615234375 0.076171875 0.587890625 0.1005859375 0.587890625 0.1435546875 0.6328125 0.1708984375