0 0.751953125 0.5966796875 0.798828125 0.5537109375 0.7861328125 0.51953125 0.626953125 0.5361328125 0.751953125 0.5966796875
0 0.2265625 0.6904296875 0.251953125 0.7099609375 0.2861328125 0.6953125 0.330078125 0.6435546875 0.2509765625 0.642578125 0.2265625 0.6904296875
0 0.4013671875 0.455078125 0.453125 0.4658203125 0.4609375 0.4404296875 0.4462890625 0.421875 0.375 0.4326171875 0.4013671875 0.455078125
0 0.4091796875 0.45703125 0.453125 0.4658203125 0.4609375 0.4384765625 0.4482421875 0.423828125 0.3828125 0.4345703125 0.4091796875 0.45703125
0 0.47265625 0.4052734375 0.5029296875 0.435546875 0.5546875 0.4384765625 0.59375 0.4091796875 0.5927734375 0.39453125 0.5029296875 0.388671875 0.47265625 0.4052734375
0 0.537109375 0.7099609375 0.5361328125 0.685546875 0.486328125 0.6884765625 0.4931640625 0.708984375 0.537109375 0.7099609375
0 0.64453125 0.8232421875 0.6875 0.7841796875 0.6279296875 0.763671875 0.6015625 0.8115234375 0.64453125 0.8232421875
0 0.6845703125 0.697265625 0.6201171875 0.6953125 0.57421875 0.7216796875 0.5849609375 0.74609375 0.61328125 0.7490234375 0.6337890625 0.732421875 0.7001953125 0.73046875 0.7109375 0.7158203125 0.6845703125 0.697265625
0 0.8232421875 0.640625 0.798828125 0.6591796875 0.8896484375 0.6875 0.8896484375 0.716796875 0.921875 0.7177734375 0.943359375 0.7099609375 0.939453125 0.6962890625 0.8720703125 0.6484375 0.8232421875 0.640625
0 0.3564453125 0.560546875 0.38671875 0.5654296875 0.4033203125 0.546875 0.3740234375 0.53125 0.34765625 0.5400390625 0.3564453125 0.560546875
0 0.0810546875 0.40625 0.060546875 0.4267578125 0.046875 0.5009765625 0.0703125 0.5068359375 0.107421875 0.4697265625 0.076171875 0.4345703125 0.099609375 0.4267578125 0.0810546875 0.40625
0 0.2431640625 0.1953125 0.2109375 0.2431640625 0.2412109375 0.224609375 0.3154296875 0.240234375 0.3125 0.1904296875 0.2431640625 0.1953125
0 0.4736328125 0.25 0.5234375 0.2509765625 0.533203125 0.2392578125 0.5205078125 0.23046875 0.46875 0.2373046875 0.4736328125 0.25
0 0.14453125 0.6904296875 0.0634765625 0.689453125 0.068359375 0.7216796875 0.111328125 0.7744140625 0.16015625 0.7587890625 0.1484375 0.7041015625 0.1328125 0.6943359375 0.14453125 0.6904296875