0 0.3896484375 0.634765625 0.359375 0.6455078125 0.361328125 0.6650390625 0.3955078125 0.685546875 0.53125 0.7119140625 0.556640625 0.6787109375 0.4931640625 0.634765625 0.4541015625 0.65234375 0.3896484375 0.634765625
0 0.5537109375 0.712890625 0.640625 0.7236328125 0.6328125 0.6943359375 0.5908203125 0.650390625 0.560546875 0.6630859375 0.5537109375 0.712890625
0 0.4560546875 0.744140625 0.423828125 0.7607421875 0.45703125 0.7705078125 0.4560546875 0.744140625
0 0.5625 0.7333984375 0.5576171875 0.716796875 0.48828125 0.7236328125 0.48828125 0.7509765625 0.5302734375 0.77734375 0.5498046875 0.810546875 0.630859375 0.8291015625 0.63671875 0.8193359375 0.5908203125 0.779296875 0.541015625 0.7666015625 0.5625 0.7333984375
0 0.2255859375 0.701171875 0.2001953125 0.7109375 0.181640625 0.7509765625 0.28515625 0.8447265625 0.34375 0.8251953125 0.333984375 0.7900390625 0.2822265625 0.763671875 0.2255859375 0.701171875
0 0.7802734375 0.4375 0.8134765625 0.44921875 0.814453125 0.4013671875 0.7705078125 0.41796875 0.7275390625 0.40234375 0.7080078125 0.431640625 0.6728515625 0.416015625 0.658203125 0.4697265625 0.6796875 0.4775390625 0.69921875 0.4716796875 0.7080078125 0.443359375 0.7529296875 0.451171875 0.7802734375 0.4375
0 0.82421875 0.5224609375 0.845703125 0.5341796875 0.873046875 0.5009765625 0.8544921875 0.462890625 0.82421875 0.5009765625 0.82421875 0.5224609375
0 0.6416015625 0.546875 0.630859375 0.5634765625 0.671875 0.5830078125 0.66796875 0.6142578125 0.6875 0.6240234375 0.7353515625 0.607421875 0.73828125 0.5751953125 0.7119140625 0.552734375 0.6416015625 0.546875
0 0.728515625 0.7724609375 0.74609375 0.7236328125 0.6943359375 0.71484375 0.685546875 0.7451171875 0.728515625 0.7724609375
0 0.837890625 0.8291015625 0.84765625 0.8447265625 0.890625 0.8232421875 0.8818359375 0.794921875 0.849609375 0.7939453125 0.837890625 0.8291015625
0 0.5859375 0.8759765625 0.6005859375 0.91015625 0.6572265625 0.900390625 0.6689453125 0.9296875 0.7158203125 0.931640625 0.681640625 0.9384765625 0.71484375 0.9443359375 0.775390625 0.8916015625 0.7548828125 0.8671875 0.6201171875 0.84765625 0.5859375 0.8759765625
0 0.9296875 0.6396484375 0.9375 0.6005859375 0.9013671875 0.580078125 0.8828125 0.6181640625 0.9296875 0.6396484375
0 0.4794921875 0.341796875 0.4365234375 0.328125 0.423828125 0.3779296875 0.486328125 0.4560546875 0.544921875 0.4521484375 0.53515625 0.3818359375 0.4892578125 0.37109375 0.4794921875 0.341796875
0 0.6943359375 0.3046875 0.6953125 0.2919921875 0.6767578125 0.251953125 0.6455078125 0.25390625 0.6142578125 0.208984375 0.5888671875 0.205078125 0.560546875 0.2724609375 0.578125 0.3310546875 0.611328125 0.3349609375 0.6201171875 0.283203125 0.6396484375 0.28125 0.6572265625 0.3046875 0.6943359375 0.3046875
0 0.2900390625 0.306640625 0.314453125 0.3095703125 0.34765625 0.2861328125 0.3310546875 0.251953125 0.267578125 0.2685546875 0.2900390625 0.306640625
0 0.34375 0.4150390625 0.392578125 0.3974609375 0.3642578125 0.353515625 0.3125 0.3779296875 0.34375 0.4150390625
0 0.23046875 0.4833984375 0.25 0.4677734375 0.2099609375 0.455078125 0.203125 0.4794921875 0.23046875 0.4833984375
0 0.1123046875 0.48828125 0.154296875 0.5009765625 0.171875 0.4912109375 0.1689453125 0.462890625 0.1015625 0.4599609375 0.1123046875 0.48828125
0 0.16015625 0.6279296875 0.169921875 0.6396484375 0.2177734375 0.630859375 0.234375 0.6103515625 0.1923828125 0.595703125 0.16015625 0.6279296875
0 0.20703125 0.1279296875 0.1767578125 0.109375 0.1357421875 0.109375 0.125 0.1845703125 0.18359375 0.2001953125 0.2490234375 0.1875 0.25 0.1572265625 0.2021484375 0.146484375 0.20703125 0.1279296875
0 0.2666015625 0.060546875 0.28125 0.0498046875 0.2646484375 0.03515625 0.2275390625 0.041015625 0.22265625 0.0595703125 0.2421875 0.0654296875 0.244140625 0.0849609375 0.2568359375 0.07421875 0.2734375 0.0869140625 0.2353515625 0.095703125 0.2421875 0.1044921875 0.203125 0.1376953125 0.25 0.1494140625 0.3271484375 0.12890625 0.3369140625 0.095703125 0.40234375 0.0908203125 0.2666015625 0.060546875