0 0.66015625 0.4580078125 0.6240234375 0.44921875 0.5849609375 0.478515625 0.5087890625 0.501953125 0.451171875 0.5693359375 0.453125 0.5908203125 0.48046875 0.5986328125 0.5693359375 0.578125 0.6552734375 0.533203125 0.66796875 0.5068359375 0.66015625 0.4580078125
0 0.748046875 0.3818359375 0.751953125 0.4501953125 0.796875 0.4521484375 0.880859375 0.3935546875 0.8759765625 0.36328125 0.7900390625 0.353515625 0.748046875 0.3818359375
0 0.845703125 0.1435546875 0.904296875 0.2294921875 0.92578125 0.2392578125 0.9609375 0.1904296875 0.951171875 0.1591796875 0.8505859375 0.130859375 0.845703125 0.1435546875
0 0.1826171875 0.640625 0.14453125 0.6943359375 0.13671875 0.7587890625 0.169921875 0.8603515625 0.193359375 0.8720703125 0.287109375 0.7314453125 0.234375 0.6982421875 0.2099609375 0.64453125 0.1826171875 0.640625
0 0.3642578125 0.544921875 0.3505859375 0.52734375 0.3095703125 0.537109375 0.2978515625 0.556640625 0.2919921875 0.544921875 0.2841796875 0.572265625 0.27734375 0.5517578125 0.275390625 0.5966796875 0.25 0.6240234375 0.2412109375 0.66796875 0.23046875 0.6533203125 0.23046875 0.6767578125 0.296875 0.7236328125 0.365922375 0.6513871124999999 0.4248046875 0.5625 0.3876953125 0.541015625 0.3642578125 0.544921875
0 0.3642578125 0.82421875 0.30859375 0.8701171875 0.3251953125 0.890625 0.3671875 0.8935546875 0.400390625 0.8427734375 0.427734375 0.8291015625 0.4169921875 0.810546875 0.3642578125 0.82421875
0 0.5341796875 0.732421875 0.533203125 0.7177734375 0.5625 0.6962890625 0.5546875 0.6728515625 0.5361328125 0.66015625 0.4873046875 0.671875 0.4453125 0.7373046875 0.41015625 0.7587890625 0.4423828125 0.791015625 0.49609375 0.8037109375 0.5810546875 0.77734375 0.626953125 0.7236328125 0.5712890625 0.708984375 0.5341796875 0.732421875
0 0.62109375 0.6513671875 0.650390625 0.6552734375 0.6728515625 0.65234375 0.6875 0.6181640625 0.6181640625 0.61328125 0.62109375 0.6513671875
0 0.2265625 0.2607421875 0.251953125 0.2900390625 0.2998046875 0.27734375 0.306640625 0.2607421875 0.2490234375 0.23046875 0.2265625 0.2607421875
0 0.294921875 0.3681640625 0.2548828125 0.35546875 0.244140625 0.3134765625 0.2021484375 0.296875 0.171875 0.3349609375 0.18359375 0.3955078125 0.1787109375 0.3828125 0.1611328125 0.390625 0.1494140625 0.3671875 0.12109375 0.4462890625 0.1240234375 0.45703125 0.1572265625 0.451171875 0.193359375 0.4775390625 0.212890625 0.4052734375 0.2275390625 0.400390625 0.2431640625 0.419921875 0.294921875 0.3681640625
0 0.15625 0.4501953125 0.1455078125 0.375 0.09375 0.6025390625 0.12890625 0.6298828125 0.154296875 0.5517578125 0.142578125 0.4853515625 0.130859375 0.4833984375 0.15625 0.4501953125
0 0.3994140625 0.310546875 0.375 0.3193359375 0.380859375 0.3310546875 0.3994140625 0.310546875
0 0.4375 0.3466796875 0.482421875 0.3642578125 0.498046875 0.3505859375 0.4921875 0.3173828125 0.4482421875 0.310546875 0.4375 0.3466796875
0 0.654296875 0.2412109375 0.69140625 0.2529296875 0.703125 0.2158203125 0.6630859375 0.1875 0.6484375 0.2060546875 0.654296875 0.2412109375
0 0.3671875 0.6962890625 0.388671875 0.7197265625 0.43359375 0.7001953125 0.4052734375 0.662109375 0.3818359375 0.666015625 0.3671875 0.6962890625
0 0.875 0.1103515625 0.82421875 0.0712890625 0.8330078125 0.056640625 0.7802734375 0.05078125 0.76953125 0.0615234375 0.7763671875 0.076171875 0.791015625 0.0693359375 0.791015625 0.0966796875 0.8017578125 0.087890625 0.826171875 0.1025390625 0.8046875 0.1103515625 0.806640625 0.1455078125 0.8173828125 0.130859375 0.826171875 0.1435546875 0.77734375 0.2041015625 0.82421875 0.2177734375 0.859375 0.1806640625 0.83984375 0.1474609375 0.84765625 0.1201171875 0.875 0.1103515625