0 0.755859375 0.3564453125 0.775390625 0.3427734375 0.7802734375 0.30078125 0.6953125 0.3134765625 0.755859375 0.3564453125
0 0.8369140625 0.3359375 0.86328125 0.3349609375 0.884765625 0.3115234375 0.8818359375 0.287109375 0.81640625 0.3017578125 0.8369140625 0.3359375
0 0.662109375 0.4697265625 0.734375 0.4443359375 0.6787109375 0.4296875 0.6328125 0.4580078125 0.662109375 0.4697265625
0 0.55859375 0.7060546875 0.607421875 0.6904296875 0.5517578125 0.662109375 0.533203125 0.6845703125 0.55859375 0.7060546875
0 0.654296875 0.6806640625 0.6767578125 0.625 0.609375 0.6435546875 0.6181640625 0.67578125 0.654296875 0.6806640625
0 0.31640625 0.7197265625 0.34375 0.6962890625 0.3017578125 0.671875 0.296875 0.7060546875 0.31640625 0.7197265625
0 0.25390625 0.6611328125 0.27734375 0.6748046875 0.3291015625 0.6640625 0.337890625 0.6455078125 0.2529296875 0.626953125 0.25390625 0.6611328125
0 0.466796875 0.9189453125 0.4658203125 0.8828125 0.419921875 0.8837890625 0.4248046875 0.9140625 0.466796875 0.9189453125
0 0.5341796875 0.845703125 0.57421875 0.8466796875 0.591796875 0.8310546875 0.5634765625 0.8125 0.509765625 0.8193359375 0.5341796875 0.845703125
0 0.45703125 0.6162109375 0.482421875 0.6259765625 0.54296875 0.6025390625 0.5244140625 0.580078125 0.4716796875 0.58984375 0.45703125 0.6162109375
0 0.662109375 0.2275390625 0.5537109375 0.18359375 0.541015625 0.1962890625 0.55078125 0.2294921875 0.611328125 0.2431640625 0.6064453125 0.267578125 0.560546875 0.2763671875 0.55859375 0.2958984375 0.58203125 0.2998046875 0.6162109375 0.296875 0.619140625 0.2685546875 0.6572265625 0.25 0.662109375 0.2275390625
0 0.28125 0.4072265625 0.2958984375 0.376953125 0.220703125 0.3779296875 0.2236328125 0.40234375 0.28125 0.4072265625
0 0.62109375 0.5400390625 0.56640625 0.5380859375 0.595703125 0.5615234375 0.62109375 0.5400390625
0 0.703125 0.5634765625 0.734375 0.5537109375 0.7236328125 0.529296875 0.689453125 0.5380859375 0.703125 0.5634765625
0 0.818359375 0.4697265625 0.826171875 0.5458984375 0.841796875 0.4541015625 0.8017578125 0.43359375 0.7890625 0.4423828125 0.818359375 0.4697265625
0 0.7646484375 0.052734375 0.7802734375 0.046875 0.810546875 0.0673828125 0.78515625 0.1064453125 0.814453125 0.1103515625 0.83984375 0.0673828125 0.830078125 0.0419921875 0.7626953125 0.037109375 0.7646484375 0.052734375
0 0.8017578125 0.150390625 0.755859375 0.1611328125 0.828125 0.1845703125 0.8017578125 0.150390625
0 0.8212890625 0.23828125 0.83984375 0.2412109375 0.86328125 0.2314453125 0.8779296875 0.19140625 0.8125 0.2177734375 0.8212890625 0.23828125