0 0.3466796875 0.02734375 0.2724609375 0.01953125 0.2529296875 0.0390625 0.142578125 0.0517578125 0.1845703125 0.080078125 0.2607421875 0.068359375 0.326171875 0.1181640625 0.341796875 0.0947265625 0.328125 0.0615234375 0.3671875 0.0439453125 0.3466796875 0.02734375
0 0.2578125 0.1884765625 0.2861328125 0.181640625 0.294921875 0.1611328125 0.208984375 0.1572265625 0.2578125 0.1884765625
0 0.083984375 0.2373046875 0.111328125 0.2451171875 0.1533203125 0.236328125 0.1796875 0.1884765625 0.0908203125 0.197265625 0.083984375 0.2373046875
0 0.3154296875 0.275390625 0.2822265625 0.251953125 0.287109375 0.2841796875 0.2626953125 0.283203125 0.24609375 0.3037109375 0.28515625 0.3291015625 0.28515625 0.3916015625 0.3115234375 0.3984375 0.298828125 0.3935546875 0.3125 0.3896484375 0.296875 0.3857421875 0.314453125 0.3798828125 0.3056640625 0.375 0.3564453125 0.375 0.421875 0.3974609375 0.455078125 0.3759765625 0.412109375 0.2724609375 0.3583984375 0.259765625 0.3154296875 0.275390625
0 0.412109375 0.2412109375 0.4384765625 0.26171875 0.498046875 0.2607421875 0.51953125 0.2431640625 0.4970703125 0.212890625 0.4482421875 0.212890625 0.412109375 0.2412109375
0 0.21875 0.3857421875 0.25 0.3759765625 0.2041015625 0.353515625 0.171875 0.3681640625 0.21875 0.3857421875
0 0.2314453125 0.4375 0.2841796875 0.455078125 0.2900390625 0.482421875 0.30859375 0.4833984375 0.353515625 0.4638671875 0.2998046875 0.404296875 0.2265625 0.4208984375 0.2314453125 0.4375
0 0.3818359375 0.46875 0.390625 0.5322265625 0.4375 0.5498046875 0.455078125 0.5185546875 0.4375 0.5087890625 0.4296875 0.4736328125 0.3818359375 0.46875
0 0.1171875 0.5634765625 0.12890625 0.6083984375 0.162109375 0.6123046875 0.2431640625 0.59375 0.248046875 0.5810546875 0.1240234375 0.4921875 0.1171875 0.5634765625
0 0.2275390625 0.66796875 0.275390625 0.6845703125 0.298828125 0.6689453125 0.2919921875 0.6484375 0.22265625 0.6513671875 0.2275390625 0.66796875
0 0.349609375 0.5986328125 0.3212890625 0.591796875 0.318359375 0.6220703125 0.349609375 0.5986328125
0 0.326171875 0.6396484375 0.373046875 0.6728515625 0.39453125 0.6630859375 0.3857421875 0.646484375 0.3525390625 0.6328125 0.326171875 0.6396484375
0 0.384765625 0.6142578125 0.3916015625 0.62890625 0.4765625 0.6376953125 0.49609375 0.6279296875 0.4775390625 0.60546875 0.4345703125 0.599609375 0.384765625 0.6142578125
0 0.4150390625 0.796875 0.521484375 0.8544921875 0.501953125 0.8134765625 0.4638671875 0.78125 0.404296875 0.7685546875 0.4150390625 0.796875
0 0.634765625 0.5654296875 0.5615234375 0.517578125 0.5322265625 0.517578125 0.552734375 0.6630859375 0.595703125 0.6806640625 0.625 0.6650390625 0.591796875 0.6181640625 0.58984375 0.5908203125 0.634765625 0.5654296875
0 0.5888671875 0.384765625 0.62109375 0.3876953125 0.630859375 0.3720703125 0.6201171875 0.35546875 0.583984375 0.3623046875 0.5888671875 0.384765625
0 0.5966796875 0.212890625 0.548828125 0.2216796875 0.529296875 0.2958984375 0.609375 0.3232421875 0.626953125 0.2626953125 0.619140625 0.1904296875 0.6005859375 0.181640625 0.5966796875 0.212890625
0 0.8173828125 0.376953125 0.80078125 0.4267578125 0.8349609375 0.40234375 0.8876953125 0.400390625 0.888671875 0.3798828125 0.8173828125 0.376953125
0 0.7060546875 0.400390625 0.673828125 0.4326171875 0.712890625 0.4365234375 0.7060546875 0.400390625
0 0.5537109375 0.45703125 0.660979171875 0.4726713078125 0.6376953125 0.439453125 0.6005859375 0.419921875 0.54296875 0.4423828125 0.5537109375 0.45703125
0 0.681640625 0.5615234375 0.6953125 0.5634765625 0.771484375 0.5537109375 0.7119140625 0.482421875 0.681640625 0.5048828125 0.681640625 0.5615234375
0 0.6201171875 0.736328125 0.56640625 0.7431640625 0.59375 0.7685546875 0.6201171875 0.736328125
0 0.69140625 0.6806640625 0.7158203125 0.71875 0.7421875 0.7216796875 0.779296875 0.7041015625 0.7890625 0.6494140625 0.7783203125 0.623046875 0.69140625 0.6806640625
0 0.8203125 0.7763671875 0.85546875 0.7880859375 0.869140625 0.7216796875 0.8291015625 0.703125 0.833984375 0.7470703125 0.8203125 0.7763671875