0 0.7158203125 0.138671875 0.73828125 0.1279296875 0.705078125 0.0673828125 0.7255859375 0.033203125 0.6865234375 0.033203125 0.5703125 0.0947265625 0.5546875 0.1611328125 0.5859375 0.1923828125 0.6259765625 0.177734375 0.609375 0.1650390625 0.6630859375 0.12890625 0.7158203125 0.138671875
0 0.5888671875 0.166015625 0.5771484375 0.193359375 0.5263671875 0.177734375 0.484375 0.1865234375 0.486328125 0.2412109375 0.5205078125 0.265625 0.5703125 0.2724609375 0.6083984375 0.271484375 0.623046875 0.2568359375 0.6279296875 0.158203125 0.5888671875 0.166015625
0 0.6689453125 0.265625 0.71875 0.2744140625 0.732421875 0.2568359375 0.7255859375 0.236328125 0.65625 0.2373046875 0.6689453125 0.265625
0 0.7568359375 0.390625 0.810546875 0.4072265625 0.8193359375 0.376953125 0.7744140625 0.359375 0.734375 0.3662109375 0.7568359375 0.390625
0 0.6728515625 0.322265625 0.51171875 0.3408203125 0.5166015625 0.3671875 0.5859375 0.3994140625 0.6865234375 0.376953125 0.703125 0.3642578125 0.701171875 0.3408203125 0.6728515625 0.322265625
0 0.419921875 0.2373046875 0.431640625 0.2236328125 0.4189453125 0.205078125 0.3984375 0.2255859375 0.419921875 0.2373046875
0 0.3779296875 0.224609375 0.345703125 0.2333984375 0.3125 0.2919921875 0.31640625 0.3212890625 0.34375 0.3291015625 0.3720703125 0.32421875 0.39453125 0.2998046875 0.392578125 0.2373046875 0.3779296875 0.224609375
0 0.1689453125 0.349609375 0.107421875 0.4541015625 0.1318359375 0.47265625 0.2109375 0.4814453125 0.251953125 0.4443359375 0.203125 0.4130859375 0.1953125 0.3681640625 0.1689453125 0.349609375
0 0.33203125 0.4365234375 0.357421875 0.4873046875 0.380859375 0.4892578125 0.43359375 0.4580078125 0.4248046875 0.42578125 0.3681640625 0.416015625 0.33203125 0.4365234375
0 0.0654296875 0.541015625 0.072265625 0.6416015625 0.060546875 0.6982421875 0.08203125 0.7060546875 0.138671875 0.6689453125 0.126953125 0.6435546875 0.138671875 0.6162109375 0.0654296875 0.541015625
0 0.119140625 0.8349609375 0.146484375 0.8115234375 0.0986328125 0.796875 0.103515625 0.8310546875 0.119140625 0.8349609375
0 0.115234375 0.7607421875 0.13671875 0.7861328125 0.1787109375 0.78125 0.1875 0.7646484375 0.1240234375 0.748046875 0.115234375 0.7607421875
0 0.4013671875 0.80078125 0.443359375 0.8056640625 0.4921875 0.7861328125 0.4462890625 0.76171875 0.390625 0.7744140625 0.4013671875 0.80078125
0 0.7744140625 0.54296875 0.79296875 0.5439453125 0.8125 0.5322265625 0.8095703125 0.517578125 0.765625 0.5224609375 0.7744140625 0.54296875
0 0.814453125 0.4990234375 0.861328125 0.5029296875 0.875 0.4990234375 0.8642578125 0.474609375 0.8408203125 0.474609375 0.814453125 0.4990234375
0 0.21875 0.8603515625 0.24609375 0.8662109375 0.26171875 0.8583984375 0.263671875 0.8349609375 0.2197265625 0.8359375 0.21875 0.8603515625
0 0.537109375 0.9248046875 0.4267578125 0.94140625 0.384765625 0.9736328125 0.423828125 0.9736328125 0.4658203125 0.953125 0.5283203125 0.962890625 0.51953125 0.9462890625 0.537109375 0.9248046875