0 0.5986328125 0.2109375 0.583984375 0.2314453125 0.603515625 0.2939453125 0.63671875 0.3623046875 0.6640625 0.3740234375 0.701171875 0.3466796875 0.712890625 0.2978515625 0.6748046875 0.240234375 0.5986328125 0.2109375
0 0.5673828125 0.685546875 0.6171875 0.6494140625 0.6005859375 0.625 0.5654296875 0.623046875 0.5224609375 0.583984375 0.4482421875 0.576171875 0.294921875 0.7138671875 0.2265625 0.7998046875 0.265625 0.8115234375 0.3017578125 0.80859375 0.3798828125 0.7578125 0.3994140625 0.689453125 0.5673828125 0.685546875
0 0.3818359375 0.236328125 0.294921875 0.2529296875 0.287109375 0.2998046875 0.20703125 0.4130859375 0.2607421875 0.46875 0.3203125 0.4853515625 0.361328125 0.4677734375 0.3984375 0.3486328125 0.3828125 0.3388671875 0.3818359375 0.236328125
0 0.3681640625 0.490234375 0.3623046875 0.50390625 0.3212890625 0.498046875 0.296875 0.5263671875 0.3251953125 0.568359375 0.3427734375 0.5703125 0.333984375 0.5595703125 0.3544921875 0.541015625 0.3564453125 0.552734375 0.427734375 0.5712890625 0.48828125 0.5322265625 0.4326171875 0.478515625 0.4150390625 0.494140625 0.3681640625 0.490234375
0 0.578125 0.5302734375 0.5908203125 0.53515625 0.6142578125 0.53125 0.6142578125 0.515625 0.6259765625 0.53125 0.66015625 0.5244140625 0.666015625 0.4853515625 0.642578125 0.4775390625 0.666015625 0.4423828125 0.642578125 0.4384765625 0.642578125 0.4033203125 0.705078125 0.3330078125 0.6611328125 0.29296875 0.6103515625 0.28515625 0.6015625 0.3408203125 0.5693359375 0.353515625 0.51171875 0.3447265625 0.490234375 0.4169921875 0.49609375 0.4990234375 0.51171875 0.5068359375 0.4921875 0.5400390625 0.5234375 0.5576171875 0.5390625 0.5556640625 0.5439453125 0.517578125 0.5888671875 0.517578125 0.578125 0.5302734375
0 0.2900390625 0.837890625 0.2724609375 0.8125 0.248046875 0.8154296875 0.248046875 0.8603515625 0.2236328125 0.890625 0.185546875 0.9033203125 0.19140625 0.9326171875 0.173828125 0.9365234375 0.208984375 0.9521484375 0.3046875 0.9248046875 0.330078125 0.8662109375 0.3154296875 0.83203125 0.2900390625 0.837890625
0 0.466796875 0.8388671875 0.4765625 0.7900390625 0.4326171875 0.78125 0.423828125 0.8251953125 0.466796875 0.8388671875
0 0.4951171875 0.873046875 0.388671875 0.8935546875 0.400390625 0.9404296875 0.4208984375 0.955078125 0.513671875 0.9697265625 0.568359375 0.9580078125 0.5625 0.9150390625 0.5419921875 0.89453125 0.4951171875 0.873046875
0 0.162109375 0.7080078125 0.203125 0.7021484375 0.1904296875 0.658203125 0.1328125 0.6767578125 0.162109375 0.7080078125
0 0.2109375 0.5556640625 0.21875 0.5166015625 0.1611328125 0.4921875 0.162109375 0.5361328125 0.2109375 0.5556640625
0 0.8125 0.3564453125 0.833984375 0.3583984375 0.875 0.3310546875 0.8740234375 0.3125 0.814453125 0.3095703125 0.8125 0.3564453125
0 0.859375 0.5927734375 0.87890625 0.6181640625 0.916015625 0.5712890625 0.9248046875 0.498046875 0.873046875 0.5224609375 0.859375 0.5927734375
0 0.78125 0.2666015625 0.796875 0.2451171875 0.779296875 0.2294921875 0.78125 0.1943359375 0.80078125 0.1728515625 0.75390625 0.1220703125 0.7490234375 0.09375 0.6015625 0.1474609375 0.62109375 0.1533203125 0.626953125 0.1826171875 0.591796875 0.2138671875 0.58984375 0.2392578125 0.6396484375 0.3046875 0.6953125 0.3349609375 0.7255859375 0.296875 0.806640625 0.2861328125 0.8017578125 0.248046875 0.78125 0.2666015625