0 0.3125 0.7275390625 0.2919921875 0.716796875 0.1103515625 0.71875 0.11328125 0.7607421875 0.158203125 0.7939453125 0.1708984375 0.771484375 0.2861328125 0.787109375 0.31640625 0.7626953125 0.3125 0.7275390625
0 0.33203125 0.6728515625 0.330078125 0.7021484375 0.3427734375 0.7109375 0.388671875 0.7099609375 0.41015625 0.6806640625 0.3994140625 0.65625 0.3701171875 0.650390625 0.33203125 0.6728515625
0 0.408203125 0.5009765625 0.462890625 0.5126953125 0.474609375 0.5048828125 0.462890625 0.4853515625 0.4111328125 0.455078125 0.408203125 0.5009765625
0 0.3427734375 0.525390625 0.3359375 0.5439453125 0.3701171875 0.544921875 0.3828125 0.5654296875 0.3671875 0.5908203125 0.404296875 0.5986328125 0.435546875 0.5908203125 0.451171875 0.5341796875 0.3759765625 0.5390625 0.3427734375 0.525390625
0 0.158203125 0.4990234375 0.1875 0.4873046875 0.185546875 0.4560546875 0.1435546875 0.447265625 0.0849609375 0.458984375 0.0419921875 0.421875 0.0625 0.5751953125 0.130859375 0.5791015625 0.1611328125 0.55078125 0.220703125 0.5380859375 0.2158203125 0.517578125 0.158203125 0.4990234375
0 0.2177734375 0.30859375 0.328125 0.3193359375 0.2802734375 0.265625 0.2705078125 0.27734375 0.193359375 0.2783203125 0.2177734375 0.30859375
0 0.3408203125 0.419921875 0.37890625 0.3837890625 0.34765625 0.3232421875 0.3056640625 0.283203125 0.2021484375 0.275390625 0.1982421875 0.30859375 0.1689453125 0.298828125 0.142578125 0.3291015625 0.25390625 0.3486328125 0.2392578125 0.369140625 0.2333984375 0.353515625 0.2060546875 0.35546875 0.1884765625 0.375 0.1572265625 0.35546875 0.15234375 0.3642578125 0.177734375 0.3779296875 0.177734375 0.4072265625 0.20703125 0.4208984375 0.208984375 0.4638671875 0.255859375 0.4716796875 0.29296875 0.4541015625 0.27734375 0.4287109375 0.2861328125 0.390625 0.3408203125 0.419921875
0 0.375 0.2021484375 0.4140625 0.2177734375 0.4736328125 0.216796875 0.513671875 0.1943359375 0.3798828125 0.173828125 0.375 0.2021484375
0 0.5673828125 0.185546875 0.626953125 0.1904296875 0.640625 0.1748046875 0.6298828125 0.154296875 0.5625 0.1689453125 0.5673828125 0.185546875
0 0.7919921875 0.421875 0.7548828125 0.423828125 0.744140625 0.4443359375 0.748046875 0.4814453125 0.771484375 0.5029296875 0.84765625 0.4931640625 0.81640625 0.4794921875 0.828125 0.4521484375 0.7919921875 0.421875
0 0.765625 0.5107421875 0.7841796875 0.525390625 0.8515625 0.5263671875 0.87109375 0.5166015625 0.8642578125 0.5 0.7939453125 0.494140625 0.765625 0.5107421875
0 0.541015625 0.5791015625 0.583984375 0.5537109375 0.5595703125 0.509765625 0.5048828125 0.482421875 0.474609375 0.5068359375 0.51171875 0.5341796875 0.4921875 0.5498046875 0.47265625 0.6103515625 0.48046875 0.6474609375 0.46875 0.6630859375 0.494140625 0.6767578125 0.51953125 0.6591796875 0.505859375 0.6455078125 0.541015625 0.6142578125 0.541015625 0.5791015625