0 0.267578125 0.3525390625 0.2724609375 0.328125 0.2763671875 0.34375 0.2998046875 0.341796875 0.326171875 0.2998046875 0.298828125 0.2978515625 0.310546875 0.3017578125 0.3037109375 0.32421875 0.2646484375 0.314453125 0.2607421875 0.33984375 0.2490234375 0.32421875 0.1962890625 0.3125 0.177734375 0.3427734375 0.1943359375 0.3671875 0.22265625 0.3623046875 0.208984375 0.3720703125 0.212890625 0.4052734375 0.228515625 0.4013671875 0.220703125 0.4443359375 0.2822265625 0.490234375 0.314453125 0.4951171875 0.341796875 0.4501953125 0.298828125 0.4208984375 0.3125 0.3779296875 0.267578125 0.3525390625
0 0.4619140625 0.41796875 0.4052734375 0.41015625 0.349609375 0.4326171875 0.3583984375 0.455078125 0.388671875 0.4599609375 0.4970703125 0.44921875 0.52734375 0.4228515625 0.4951171875 0.39453125 0.4619140625 0.41796875
0 0.4111328125 0.45703125 0.3447265625 0.462890625 0.328125 0.5068359375 0.3837890625 0.548828125 0.4140625 0.5517578125 0.4736328125 0.5078125 0.478515625 0.4892578125 0.4248046875 0.474609375 0.4111328125 0.45703125
0 0.2841796875 0.494140625 0.150390625 0.5341796875 0.1865234375 0.5625 0.27734375 0.5693359375 0.28515625 0.5419921875 0.326171875 0.5205078125 0.3154296875 0.501953125 0.2841796875 0.494140625
0 0.1552734375 0.595703125 0.1044921875 0.615234375 0.09375 0.6103515625 0.1083984375 0.60546875 0.0703125 0.6005859375 0.1064453125 0.685546875 0.1279296875 0.673828125 0.1630859375 0.716796875 0.259765625 0.7373046875 0.2890625 0.6767578125 0.2822265625 0.662109375 0.1884765625 0.625 0.1552734375 0.595703125
0 0.44140625 0.6611328125 0.494140625 0.7041015625 0.517578125 0.6689453125 0.515625 0.6455078125 0.4443359375 0.642578125 0.44140625 0.6611328125
0 0.546875 0.4521484375 0.638671875 0.4755859375 0.658203125 0.4599609375 0.646484375 0.4228515625 0.5673828125 0.3828125 0.546875 0.4521484375
0 0.564453125 0.3232421875 0.599609375 0.2939453125 0.5576171875 0.26171875 0.54296875 0.2998046875 0.564453125 0.3232421875
0 0.646484375 0.4169921875 0.673828125 0.4580078125 0.705078125 0.4130859375 0.7001953125 0.392578125 0.6748046875 0.392578125 0.646484375 0.4169921875
0 0.724609375 0.3642578125 0.74609375 0.3369140625 0.7138671875 0.314453125 0.705078125 0.3466796875 0.724609375 0.3642578125
0 0.49609375 0.7958984375 0.52734375 0.7744140625 0.5126953125 0.748046875 0.4765625 0.7783203125 0.49609375 0.7958984375
0 0.6689453125 0.783203125 0.67578125 0.7958984375 0.6533203125 0.80859375 0.6376953125 0.796875 0.6357421875 0.8125 0.6123046875 0.810546875 0.64453125 0.7685546875 0.6123046875 0.74609375 0.5712890625 0.765625 0.544921875 0.7998046875 0.58984375 0.8466796875 0.7021484375 0.837890625 0.73046875 0.8095703125 0.6923828125 0.77734375 0.6689453125 0.783203125
0 0.5625 0.9072265625 0.599609375 0.8837890625 0.5849609375 0.857421875 0.52734375 0.8994140625 0.5625 0.9072265625
0 0.3408203125 0.90234375 0.41015625 0.9033203125 0.435546875 0.8896484375 0.4111328125 0.83984375 0.3203125 0.8740234375 0.3408203125 0.90234375
0 0.1171875 0.3896484375 0.0439453125 0.380859375 0.029296875 0.4521484375 0.0673828125 0.48828125 0.095703125 0.4873046875 0.1025390625 0.46484375 0.126953125 0.4599609375 0.107421875 0.4326171875 0.1171875 0.3896484375
0 0.150390625 0.2783203125 0.1220703125 0.2421875 0.099609375 0.2666015625 0.1025390625 0.27734375 0.150390625 0.2783203125
0 0.177734375 0.2275390625 0.197265625 0.2041015625 0.1748046875 0.1796875 0.150390625 0.2177734375 0.177734375 0.2275390625
0 0.57421875 0.5771484375 0.603515625 0.5927734375 0.703125 0.5673828125 0.6650390625 0.53125 0.6083984375 0.53515625 0.57421875 0.5771484375