0 0.1923828125 0.017578125 0.109375 0.0537109375 0.107421875 0.0771484375 0.1357421875 0.080078125 0.162109375 0.1064453125 0.2001953125 0.171875 0.2578125 0.1787109375 0.30078125 0.1357421875 0.31640625 0.0966796875 0.3076171875 0.013671875 0.1923828125 0.017578125
0 0.080078125 0.2236328125 0.1025390625 0.2578125 0.142578125 0.2685546875 0.15625 0.2470703125 0.1435546875 0.205078125 0.1162109375 0.201171875 0.080078125 0.2236328125
0 0.0966796875 0.30078125 0.115234375 0.2666015625 0.0673828125 0.224609375 0.0419921875 0.2265625 0.03515625 0.2431640625 0.046875 0.3505859375 0.048828125 0.3310546875 0.060546875 0.3330078125 0.05078125 0.3232421875 0.0966796875 0.30078125
0 0.4189453125 0.193359375 0.37890625 0.1923828125 0.3876953125 0.220703125 0.4189453125 0.220703125 0.443359375 0.2490234375 0.4765625 0.2177734375 0.4814453125 0.1875 0.4423828125 0.173828125 0.4189453125 0.193359375
0 0.376953125 0.3291015625 0.3935546875 0.345703125 0.427734375 0.3466796875 0.4453125 0.3349609375 0.4375 0.2841796875 0.4033203125 0.2734375 0.376953125 0.3291015625
0 0.5439453125 0.240234375 0.529296875 0.2802734375 0.548828125 0.3095703125 0.6123046875 0.294921875 0.615234375 0.2626953125 0.5791015625 0.234375 0.5439453125 0.240234375
0 0.28125 0.4716796875 0.30078125 0.4501953125 0.2939453125 0.4375 0.27734375 0.4482421875 0.28125 0.4716796875
0 0.16796875 0.4716796875 0.1748046875 0.498046875 0.228515625 0.5224609375 0.263671875 0.4853515625 0.2646484375 0.458984375 0.2001953125 0.453125 0.16796875 0.4716796875
0 0.208984375 0.6357421875 0.208984375 0.6005859375 0.0908203125 0.525390625 0.125 0.6181640625 0.203125 0.7236328125 0.216796875 0.7177734375 0.21484375 0.6787109375 0.236328125 0.6611328125 0.208984375 0.6357421875
0 0.365234375 0.6669921875 0.37890625 0.6435546875 0.3388671875 0.6015625 0.2890625 0.6123046875 0.365234375 0.6669921875
0 0.2392578125 0.6640625 0.271484375 0.6728515625 0.28515625 0.6630859375 0.2744140625 0.638671875 0.23828125 0.6435546875 0.2392578125 0.6640625
0 0.384765625 0.7392578125 0.3984375 0.7802734375 0.439453125 0.7587890625 0.4375 0.7412109375 0.4091796875 0.724609375 0.384765625 0.7392578125
0 0.3134765625 0.763671875 0.291015625 0.7919921875 0.33203125 0.8427734375 0.326171875 0.8056640625 0.37109375 0.7900390625 0.3505859375 0.767578125 0.3134765625 0.763671875
0 0.474609375 0.5439453125 0.4794921875 0.55859375 0.51171875 0.5654296875 0.556640625 0.5498046875 0.5537109375 0.4921875 0.5146484375 0.505859375 0.474609375 0.5439453125
0 0.58984375 0.6630859375 0.630859375 0.6845703125 0.642578125 0.6474609375 0.6162109375 0.623046875 0.5830078125 0.62890625 0.58984375 0.6630859375
0 0.484375 0.6904296875 0.5185546875 0.732421875 0.60546875 0.7412109375 0.6171875 0.7333984375 0.607421875 0.7119140625 0.5537109375 0.669921875 0.484375 0.6904296875
0 0.57421875 0.8154296875 0.5947265625 0.849609375 0.70703125 0.8583984375 0.716796875 0.8212890625 0.6494140625 0.765625 0.6181640625 0.771484375 0.57421875 0.8154296875
0 0.703125 0.7275390625 0.7060546875 0.76171875 0.779296875 0.7919921875 0.79296875 0.7744140625 0.7822265625 0.712890625 0.7607421875 0.705078125 0.703125 0.7275390625
0 0.625 0.9208984375 0.6669921875 0.92578125 0.681640625 0.9580078125 0.765625 0.9091796875 0.6318359375 0.8828125 0.6171875 0.9013671875 0.625 0.9208984375
0 0.80078125 0.7646484375 0.828125 0.7724609375 0.888671875 0.7333984375 0.8759765625 0.685546875 0.814453125 0.6943359375 0.80078125 0.7646484375