0 0.126953125 0.3369140625 0.150390625 0.3505859375 0.2041015625 0.333984375 0.21484375 0.3173828125 0.1376953125 0.3125 0.126953125 0.3369140625
0 0.1044921875 0.205078125 0.05078125 0.2138671875 0.0537109375 0.228515625 0.087890625 0.2275390625 0.1630859375 0.208984375 0.154296875 0.1748046875 0.1318359375 0.171875 0.1044921875 0.205078125
0 0.236328125 0.1279296875 0.255859375 0.1318359375 0.27734375 0.1201171875 0.2685546875 0.095703125 0.236328125 0.1044921875 0.236328125 0.1279296875
0 0.306640625 0.2490234375 0.314453125 0.2138671875 0.2919921875 0.205078125 0.279296875 0.2333984375 0.306640625 0.2490234375
0 0.328125 0.3759765625 0.333984375 0.3662109375 0.3056640625 0.345703125 0.2734375 0.3642578125 0.328125 0.3759765625
0 0.513671875 0.5224609375 0.529296875 0.5068359375 0.5009765625 0.486328125 0.48046875 0.5107421875 0.513671875 0.5224609375
0 0.5791015625 0.517578125 0.560546875 0.5419921875 0.583984375 0.5576171875 0.6181640625 0.546875 0.625 0.5263671875 0.6025390625 0.51171875 0.5791015625 0.517578125
0 0.78125 0.6083984375 0.7451171875 0.599609375 0.7255859375 0.623046875 0.6923828125 0.609375 0.6572265625 0.642578125 0.5966796875 0.654296875 0.583984375 0.7138671875 0.646484375 0.7158203125 0.6748046875 0.708984375 0.7177734375 0.6484375 0.7802734375 0.625 0.78125 0.6083984375
0 0.826171875 0.6865234375 0.8466796875 0.654296875 0.8125 0.6591796875 0.810546875 0.6826171875 0.826171875 0.6865234375
0 0.7978515625 0.75 0.833984375 0.7548828125 0.865234375 0.7373046875 0.8427734375 0.72265625 0.796875 0.7373046875 0.7978515625 0.75
0 0.7587890625 0.802734375 0.654296875 0.8154296875 0.783203125 0.8271484375 0.7587890625 0.802734375
0 0.6650390625 0.134765625 0.6220703125 0.1328125 0.623046875 0.1845703125 0.671875 0.2001953125 0.69921875 0.1552734375 0.6826171875 0.1484375 0.6748046875 0.16015625 0.6650390625 0.134765625
0 0.7890625 0.3056640625 0.8125 0.3173828125 0.8525390625 0.296875 0.84765625 0.2861328125 0.8017578125 0.283203125 0.7890625 0.3056640625