0 0.212890625 0.2099609375 0.2265625 0.1826171875 0.1904296875 0.177734375 0.185546875 0.2021484375 0.212890625 0.2099609375
0 0.4541015625 0.220703125 0.4853515625 0.216796875 0.505859375 0.1962890625 0.494140625 0.1728515625 0.5380859375 0.166015625 0.5625 0.1318359375 0.5126953125 0.123046875 0.4775390625 0.140625 0.3623046875 0.15234375 0.34765625 0.1435546875 0.345703125 0.1123046875 0.3271484375 0.109375 0.310546875 0.1318359375 0.33984375 0.1552734375 0.33203125 0.1923828125 0.279296875 0.2177734375 0.3046875 0.2392578125 0.3818359375 0.216796875 0.4072265625 0.189453125 0.4365234375 0.19140625 0.4541015625 0.220703125
0 0.6953125 0.3994140625 0.681640625 0.3544921875 0.6357421875 0.3359375 0.5947265625 0.291015625 0.5654296875 0.2890625 0.5068359375 0.31640625 0.50390625 0.3447265625 0.5283203125 0.37890625 0.5869140625 0.388671875 0.62890625 0.4248046875 0.609375 0.5029296875 0.673828125 0.5205078125 0.7216796875 0.509765625 0.751953125 0.4814453125 0.748046875 0.4462890625 0.6953125 0.3994140625
0 0.40625 0.4248046875 0.4228515625 0.453125 0.447265625 0.4599609375 0.498046875 0.4404296875 0.505859375 0.4150390625 0.4853515625 0.39453125 0.40625 0.4248046875
0 0.2861328125 0.5 0.287109375 0.5439453125 0.33203125 0.5517578125 0.40625 0.5400390625 0.3662109375 0.529296875 0.3583984375 0.501953125 0.2861328125 0.5
0 0.1259765625 0.37109375 0.1064453125 0.337890625 0.0673828125 0.337890625 0.0537109375 0.291015625 0.0390625 0.3583984375 0.078125 0.4443359375 0.1025390625 0.390625 0.1416015625 0.396484375 0.15234375 0.3798828125 0.1259765625 0.37109375
0 0.18359375 0.4970703125 0.1875 0.4560546875 0.1630859375 0.453125 0.15234375 0.4677734375 0.18359375 0.4970703125
0 0.109375 0.5458984375 0.125 0.5478515625 0.162109375 0.5263671875 0.1552734375 0.5 0.095703125 0.5048828125 0.109375 0.5458984375
0 0.5234375 0.7119140625 0.5390625 0.7158203125 0.5361328125 0.728515625 0.5078125 0.7294921875 0.5263671875 0.744140625 0.5009765625 0.7421875 0.4951171875 0.724609375 0.4931640625 0.73828125 0.44921875 0.7294921875 0.4697265625 0.75390625 0.4765625 0.7373046875 0.4775390625 0.779296875 0.54296875 0.7958984375 0.55859375 0.7861328125 0.56640625 0.7451171875 0.5498046875 0.7109375 0.5234375 0.7119140625
0 0.5107421875 0.66796875 0.51953125 0.6494140625 0.5078125 0.6181640625 0.4794921875 0.611328125 0.4443359375 0.64453125 0.4072265625 0.646484375 0.3681640625 0.67578125 0.3193359375 0.658203125 0.2890625 0.6787109375 0.341796875 0.7236328125 0.3486328125 0.689453125 0.3857421875 0.703125 0.4814453125 0.662109375 0.5107421875 0.66796875
0 0.33203125 0.7275390625 0.3388671875 0.70703125 0.2890625 0.6904296875 0.3017578125 0.716796875 0.33203125 0.7275390625
0 0.2509765625 0.73828125 0.296875 0.7412109375 0.3125 0.7353515625 0.2626953125 0.70703125 0.22265625 0.7041015625 0.2509765625 0.73828125
0 0.6279296875 0.611328125 0.619140625 0.6357421875 0.669921875 0.6767578125 0.703125 0.6533203125 0.70703125 0.6298828125 0.6708984375 0.607421875 0.6279296875 0.611328125
0 0.619140625 0.7353515625 0.6552734375 0.80859375 0.6884765625 0.794921875 0.724609375 0.8291015625 0.748046875 0.7998046875 0.7275390625 0.755859375 0.6982421875 0.734375 0.619140625 0.7353515625
0 0.80859375 0.7646484375 0.83984375 0.7158203125 0.7919921875 0.6875 0.779296875 0.7177734375 0.80859375 0.7646484375
0 0.787109375 0.2939453125 0.7587890625 0.2578125 0.6416015625 0.181640625 0.6171875 0.1943359375 0.62109375 0.2294921875 0.59765625 0.2373046875 0.59765625 0.2861328125 0.6318359375 0.32421875 0.671875 0.3369140625 0.669921875 0.3232421875 0.6962890625 0.310546875 0.7392578125 0.314453125 0.787109375 0.2939453125
0 0.7841796875 0.3125 0.78515625 0.3662109375 0.87109375 0.4658203125 0.875 0.3779296875 0.8330078125 0.35546875 0.8115234375 0.318359375 0.7841796875 0.3125