0 0.6435546875 0.40234375 0.6005859375 0.390625 0.578125 0.4052734375 0.59765625 0.5517578125 0.6171875 0.5673828125 0.689453125 0.5166015625 0.6591796875 0.361328125 0.638671875 0.3759765625 0.6435546875 0.40234375
0 0.6025390625 0.189453125 0.591796875 0.1513671875 0.5654296875 0.12890625 0.568359375 0.1982421875 0.619140625 0.2841796875 0.626953125 0.3505859375 0.681640625 0.3564453125 0.671875 0.2900390625 0.7265625 0.2763671875 0.708984375 0.2275390625 0.6025390625 0.189453125
0 0.1318359375 0.328125 0.10546875 0.4150390625 0.1435546875 0.447265625 0.19921875 0.4638671875 0.212890625 0.4521484375 0.1875 0.3955078125 0.1953125 0.3642578125 0.1318359375 0.328125
0 0.22265625 0.3427734375 0.2392578125 0.37109375 0.322265625 0.3916015625 0.333984375 0.3740234375 0.3115234375 0.34375 0.2705078125 0.328125 0.22265625 0.3427734375
0 0.2109375 0.2373046875 0.2587890625 0.28515625 0.28125 0.2880859375 0.29296875 0.2763671875 0.2822265625 0.240234375 0.2470703125 0.21875 0.2109375 0.2373046875
0 0.396484375 0.1005859375 0.3876953125 0.087890625 0.3134765625 0.1328125 0.251953125 0.2138671875 0.294921875 0.2568359375 0.3671875 0.1923828125 0.380859375 0.1630859375 0.369140625 0.1142578125 0.396484375 0.1005859375
0 0.5185546875 0.31640625 0.55859375 0.3349609375 0.5498046875 0.27734375 0.5419921875 0.3125 0.5380859375 0.294921875 0.513671875 0.2998046875 0.5263671875 0.3125 0.4951171875 0.296875 0.4921875 0.3330078125 0.44921875 0.3505859375 0.44921875 0.3876953125 0.4765625 0.3994140625 0.5625 0.3857421875 0.5517578125 0.337890625 0.501953125 0.3388671875 0.5185546875 0.31640625
0 0.5185546875 0.5 0.4736328125 0.486328125 0.431640625 0.5087890625 0.4404296875 0.53515625 0.5068359375 0.548828125 0.5517578125 0.517578125 0.556640625 0.5439453125 0.5390625 0.5498046875 0.55859375 0.5517578125 0.5625 0.5009765625 0.5498046875 0.486328125 0.5263671875 0.484375 0.5185546875 0.5
0 0.51953125 0.7880859375 0.5322265625 0.810546875 0.623046875 0.8271484375 0.62109375 0.7685546875 0.6005859375 0.73046875 0.52734375 0.7587890625 0.51953125 0.7880859375
0 0.3681640625 0.783203125 0.294921875 0.7841796875 0.3369140625 0.833984375 0.498046875 0.8916015625 0.6696572609375 0.9637060343750001 0.68007103125 0.8769508328125 0.4091796875 0.8125 0.3681640625 0.783203125
0 0.732421875 0.5751953125 0.75 0.5126953125 0.7021484375 0.5 0.703125 0.5537109375 0.732421875 0.5751953125
0 0.80078125 0.5419921875 0.798828125 0.5673828125 0.82421875 0.5908203125 0.857421875 0.5576171875 0.8544921875 0.53125 0.8212890625 0.52734375 0.80078125 0.5419921875
0 0.7568359375 0.744140625 0.7294921875 0.751953125 0.71875 0.7685546875 0.728515625 0.8115234375 0.7470703125 0.80078125 0.7939453125 0.80859375 0.80078125 0.7783203125 0.7568359375 0.744140625