0 0.3837890625 0.23828125 0.349609375 0.2158203125 0.3388671875 0.189453125 0.3134765625 0.185546875 0.251953125 0.2470703125 0.23828125 0.2861328125 0.20703125 0.3154296875 0.21875 0.3271484375 0.3271484375 0.306640625 0.4130859375 0.265625 0.431640625 0.2314453125 0.3837890625 0.23828125
0 0.41015625 0.4189453125 0.3583984375 0.390625 0.2119140625 0.408203125 0.1904296875 0.423828125 0.1533203125 0.41796875 0.123046875 0.4462890625 0.1962890625 0.48828125 0.3076171875 0.435546875 0.3681640625 0.462890625 0.3828125 0.4970703125 0.404296875 0.5048828125 0.4853515625 0.498046875 0.482421875 0.4658203125 0.4111328125 0.44921875 0.41015625 0.4189453125
0 0.1171875 0.5791015625 0.18359375 0.5517578125 0.1630859375 0.529296875 0.1162109375 0.52734375 0.1171875 0.5791015625
0 0.3427734375 0.5625 0.3369140625 0.583984375 0.3154296875 0.560546875 0.23046875 0.5654296875 0.2685546875 0.60546875 0.3251953125 0.630859375 0.3583984375 0.638671875 0.3583984375 0.625 0.3798828125 0.62109375 0.498046875 0.6396484375 0.5078125 0.6240234375 0.494140625 0.5849609375 0.4287109375 0.548828125 0.3427734375 0.5625
0 0.30078125 0.6787109375 0.228515625 0.6728515625 0.271484375 0.7001953125 0.30078125 0.6787109375
0 0.4111328125 0.6796875 0.349609375 0.7099609375 0.3603515625 0.728515625 0.4228515625 0.75 0.51953125 0.7529296875 0.53515625 0.7451171875 0.5234375 0.7119140625 0.4716796875 0.69140625 0.4111328125 0.6796875
0 0.322265625 0.9111328125 0.3701171875 0.947265625 0.44921875 0.9541015625 0.486328125 0.9228515625 0.4384765625 0.892578125 0.3583984375 0.884765625 0.322265625 0.9111328125
0 0.68359375 0.7705078125 0.6494140625 0.75390625 0.599609375 0.7802734375 0.68359375 0.7705078125
0 0.591796875 0.6494140625 0.6318359375 0.669921875 0.681640625 0.6708984375 0.705078125 0.6513671875 0.6806640625 0.638671875 0.6298828125 0.62890625 0.591796875 0.6494140625
0 0.736328125 0.7666015625 0.748046875 0.7783203125 0.818359375 0.7529296875 0.7939453125 0.728515625 0.7724609375 0.73046875 0.736328125 0.7666015625
0 0.875 0.4873046875 0.7685546875 0.4921875 0.72265625 0.5439453125 0.73046875 0.5751953125 0.75390625 0.5791015625 0.8291015625 0.55078125 0.8525390625 0.517578125 0.87890625 0.5126953125 0.875 0.4873046875
0 0.8583984375 0.59765625 0.890625 0.6025390625 0.9140625 0.6005859375 0.9111328125 0.57421875 0.8515625 0.5830078125 0.8583984375 0.59765625
0 0.478515625 0.3037109375 0.51953125 0.3095703125 0.560546875 0.2744140625 0.5341796875 0.248046875 0.4775390625 0.25 0.478515625 0.3037109375
0 0.6455078125 0.306640625 0.6796875 0.3115234375 0.69140625 0.2724609375 0.6767578125 0.255859375 0.6015625 0.2529296875 0.6455078125 0.306640625
0 0.513671875 0.9091796875 0.53125 0.8876953125 0.4794921875 0.859375 0.474609375 0.8994140625 0.513671875 0.9091796875