0 0.6298828125 0.388671875 0.61328125 0.4072265625 0.625 0.4384765625 0.66015625 0.4443359375 0.697265625 0.4306640625 0.693359375 0.3994140625 0.6650390625 0.3828125 0.6298828125 0.388671875
0 0.80078125 0.4013671875 0.8203125 0.4091796875 0.845703125 0.3935546875 0.8427734375 0.373046875 0.80859375 0.3798828125 0.80078125 0.4013671875
0 0.51953125 0.5771484375 0.5234375 0.6181640625 0.552734375 0.6240234375 0.59765625 0.5654296875 0.5888671875 0.544921875 0.5517578125 0.5390625 0.51953125 0.5771484375
0 0.4248046875 0.626953125 0.400390625 0.6650390625 0.421875 0.7275390625 0.439453125 0.7314453125 0.50390625 0.6826171875 0.498046875 0.6552734375 0.4501953125 0.619140625 0.4248046875 0.626953125
0 0.4423828125 0.76953125 0.4052734375 0.7578125 0.3564453125 0.765625 0.388671875 0.8056640625 0.4716796875 0.794921875 0.50390625 0.7666015625 0.4873046875 0.755859375 0.4423828125 0.76953125
0 0.693359375 0.5634765625 0.701171875 0.5166015625 0.6728515625 0.51171875 0.6640625 0.5361328125 0.693359375 0.5634765625
0 0.716796875 0.6396484375 0.71875 0.5966796875 0.6845703125 0.56640625 0.662109375 0.6142578125 0.716796875 0.6396484375
0 0.4765625 0.3818359375 0.48828125 0.3837890625 0.525390625 0.3525390625 0.4990234375 0.318359375 0.474609375 0.3486328125 0.4765625 0.3818359375
0 0.1884765625 0.5703125 0.158203125 0.5888671875 0.1904296875 0.6328125 0.22265625 0.6396484375 0.2890625 0.5732421875 0.2822265625 0.548828125 0.2353515625 0.583984375 0.1884765625 0.5703125
0 0.130859375 0.8232421875 0.154296875 0.7998046875 0.1142578125 0.78515625 0.111328125 0.8154296875 0.130859375 0.8232421875
0 0.298828125 0.8408203125 0.31640625 0.8427734375 0.34375 0.8291015625 0.3232421875 0.80078125 0.29296875 0.8173828125 0.298828125 0.8408203125
0 0.353515625 0.3642578125 0.375 0.3720703125 0.416015625 0.3525390625 0.3994140625 0.302734375 0.359375 0.3271484375 0.353515625 0.3642578125
0 0.51171875 0.2705078125 0.52734375 0.2490234375 0.5107421875 0.240234375 0.49609375 0.2626953125 0.51171875 0.2705078125
0 0.466796875 0.2490234375 0.4765625 0.2216796875 0.4580078125 0.205078125 0.435546875 0.2333984375 0.466796875 0.2490234375