0 0.830078125 0.4599609375 0.833984375 0.4404296875 0.8134765625 0.43359375 0.814453125 0.4580078125 0.830078125 0.4599609375
0 0.068359375 0.7138671875 0.134765625 0.7744140625 0.15234375 0.6494140625 0.1279296875 0.62890625 0.0849609375 0.6328125 0.068359375 0.7138671875
0 0.2138671875 0.794921875 0.166015625 0.8505859375 0.173828125 0.8837890625 0.193359375 0.8876953125 0.228515625 0.8642578125 0.248046875 0.8232421875 0.2333984375 0.791015625 0.2138671875 0.794921875
0 0.2861328125 0.794921875 0.2734375 0.8056640625 0.283203125 0.8408203125 0.3125 0.8603515625 0.326171875 0.8544921875 0.326171875 0.8251953125 0.3076171875 0.794921875 0.2861328125 0.794921875
0 0.40625 0.8876953125 0.421875 0.8642578125 0.3857421875 0.83984375 0.373046875 0.8740234375 0.40625 0.8876953125
0 0.482421875 0.8427734375 0.513671875 0.8564453125 0.5234375 0.8447265625 0.5078125 0.8173828125 0.4814453125 0.810546875 0.482421875 0.8427734375
0 0.466796875 0.7216796875 0.509765625 0.7412109375 0.515625 0.6923828125 0.4697265625 0.6640625 0.45703125 0.6826171875 0.466796875 0.7216796875
0 0.595703125 0.7197265625 0.607421875 0.6845703125 0.5634765625 0.673828125 0.568359375 0.7080078125 0.595703125 0.7197265625
0 0.619140625 0.6298828125 0.6171875 0.6474609375 0.6416015625 0.669921875 0.693359375 0.6865234375 0.736328125 0.6357421875 0.7177734375 0.609375 0.6728515625 0.607421875 0.619140625 0.6298828125
0 0.765625 0.6689453125 0.798828125 0.6787109375 0.798828125 0.5908203125 0.7783203125 0.58203125 0.755859375 0.6103515625 0.765625 0.6689453125
0 0.298828125 0.4619140625 0.3076171875 0.494140625 0.345703125 0.5009765625 0.37109375 0.4755859375 0.3701171875 0.45703125 0.3251953125 0.44921875 0.298828125 0.4619140625
0 0.501953125 0.3681640625 0.53515625 0.3798828125 0.552734375 0.3642578125 0.541015625 0.2880859375 0.5166015625 0.2734375 0.501953125 0.3681640625
0 0.568359375 0.5068359375 0.57421875 0.5439453125 0.59765625 0.5537109375 0.6171875 0.5419921875 0.62890625 0.4931640625 0.5947265625 0.47265625 0.568359375 0.5068359375
0 0.232421875 0.6142578125 0.37109375 0.5947265625 0.2587890625 0.583984375 0.197265625 0.6103515625 0.232421875 0.6142578125
0 0.607421875 0.2939453125 0.640625 0.3193359375 0.677734375 0.2822265625 0.6552734375 0.25 0.6201171875 0.24609375 0.607421875 0.2939453125
0 0.31640625 0.3623046875 0.3173828125 0.3828125 0.3466796875 0.369140625 0.359375 0.3837890625 0.4072265625 0.376953125 0.4140625 0.3583984375 0.3369140625 0.3515625 0.31640625 0.3623046875
0 0.7265625 0.2978515625 0.740234375 0.2685546875 0.7138671875 0.259765625 0.703125 0.2861328125 0.7265625 0.2978515625
0 0.625 0.4091796875 0.646484375 0.3935546875 0.6337890625 0.37109375 0.59375 0.3955078125 0.625 0.4091796875
0 0.498046875 0.5166015625 0.55078125 0.5244140625 0.5830078125 0.5234375 0.6015625 0.5029296875 0.5205078125 0.49609375 0.498046875 0.5166015625
0 0.7421875 0.5166015625 0.75 0.4873046875 0.7197265625 0.48046875 0.712890625 0.5029296875 0.7421875 0.5166015625