0 0.712890625 0.2353515625 0.6845703125 0.19921875 0.6259765625 0.244140625 0.5791015625 0.255859375 0.5517578125 0.33203125 0.513671875 0.3212890625 0.509765625 0.2197265625 0.4638671875 0.201171875 0.439453125 0.2158203125 0.47265625 0.2529296875 0.455078125 0.3154296875 0.466796875 0.3505859375 0.521484375 0.3720703125 0.5908203125 0.314453125 0.6240234375 0.318359375 0.71875 0.2880859375 0.712890625 0.2353515625
0 0.560546875 0.0380859375 0.5390625 0.0771484375 0.57421875 0.0947265625 0.572265625 0.1279296875 0.603515625 0.0908203125 0.60546875 0.0595703125 0.6376953125 0.033203125 0.560546875 0.0380859375
0 0.32421875 0.4404296875 0.375 0.4228515625 0.3349609375 0.41015625 0.296875 0.4326171875 0.32421875 0.4404296875
0 0.216796875 0.5185546875 0.2568359375 0.54296875 0.3388671875 0.544921875 0.40625 0.5693359375 0.419921875 0.5439453125 0.3896484375 0.53125 0.2958984375 0.513671875 0.216796875 0.5185546875
0 0.517578125 0.5029296875 0.4921875 0.4833984375 0.5 0.4091796875 0.4833984375 0.3984375 0.46875 0.4033203125 0.46875 0.4404296875 0.4404296875 0.453125 0.421875 0.4873046875 0.423828125 0.5048828125 0.46875 0.5341796875 0.451171875 0.5947265625 0.46484375 0.6123046875 0.4892578125 0.5546875 0.5263671875 0.58203125 0.548828125 0.5673828125 0.517578125 0.5029296875
0 0.23828125 0.5966796875 0.2099609375 0.572265625 0.1337890625 0.56640625 0.1015625 0.6044921875 0.08984375 0.6650390625 0.1650390625 0.712890625 0.2236328125 0.7265625 0.294921875 0.7841796875 0.263671875 0.7119140625 0.228515625 0.6865234375 0.25390625 0.6279296875 0.23828125 0.5966796875
0 0.203125 0.3701171875 0.1884765625 0.3046875 0.1328125 0.3525390625 0.1630859375 0.37109375 0.203125 0.3701171875
0 0.041015625 0.4736328125 0.03125 0.5146484375 0.04296875 0.5341796875 0.046875 0.5087890625 0.0810546875 0.498046875 0.0888671875 0.4765625 0.041015625 0.4736328125
0 0.5 0.6669921875 0.5009765625 0.6875 0.5625 0.7255859375 0.623046875 0.6962890625 0.5869140625 0.6875 0.5634765625 0.66015625 0.5 0.6669921875
0 0.55859375 0.8271484375 0.5126953125 0.814453125 0.5390625 0.8466796875 0.55859375 0.8271484375
0 0.5576171875 0.923828125 0.576171875 0.9228515625 0.638671875 0.9013671875 0.5400390625 0.861328125 0.498046875 0.8642578125 0.5576171875 0.923828125
0 0.763671875 0.4033203125 0.806640625 0.4306640625 0.826171875 0.4013671875 0.818359375 0.3681640625 0.7646484375 0.375 0.763671875 0.4033203125
0 0.751953125 0.8642578125 0.814453125 0.8310546875 0.7529296875 0.822265625 0.740234375 0.8505859375 0.751953125 0.8642578125