0 0.53125 0.4033203125 0.5078125 0.3935546875 0.486328125 0.3193359375 0.46484375 0.3173828125 0.4677734375 0.337890625 0.4716796875 0.32421875 0.486328125 0.3369140625 0.466796875 0.3408203125 0.482421875 0.3544921875 0.4755859375 0.373046875 0.4306640625 0.34375 0.4130859375 0.34765625 0.40234375 0.3662109375 0.43359375 0.4267578125 0.4482421875 0.41796875 0.4921875 0.4931640625 0.572265625 0.5458984375 0.5859375 0.5126953125 0.580078125 0.4716796875 0.552734375 0.4521484375 0.53125 0.4033203125
0 0.666015625 0.5400390625 0.6494140625 0.455078125 0.6484375 0.4716796875 0.6376953125 0.46484375 0.638671875 0.4794921875 0.6064453125 0.490234375 0.595703125 0.5126953125 0.609375 0.5712890625 0.59765625 0.6123046875 0.67578125 0.6689453125 0.708984375 0.6474609375 0.71875 0.6005859375 0.744140625 0.5673828125 0.666015625 0.5400390625
0 0.21875 0.7236328125 0.2421875 0.7294921875 0.3037109375 0.72265625 0.33984375 0.6962890625 0.2001953125 0.6796875 0.21875 0.7236328125
0 0.359375 0.7529296875 0.3828125 0.7685546875 0.4326171875 0.740234375 0.4375 0.7177734375 0.3857421875 0.720703125 0.359375 0.7529296875
0 0.392578125 0.8212890625 0.419921875 0.8056640625 0.3740234375 0.79296875 0.369140625 0.8095703125 0.392578125 0.8212890625
0 0.63671875 0.9599609375 0.666015625 0.9619140625 0.689453125 0.9423828125 0.6875 0.9228515625 0.6337890625 0.91796875 0.63671875 0.9599609375
0 0.892578125 0.5849609375 0.94140625 0.5966796875 0.96484375 0.5908203125 0.9375 0.5205078125 0.9091796875 0.505859375 0.892578125 0.5849609375
0 0.791015625 0.3740234375 0.810546875 0.3642578125 0.7724609375 0.3125 0.759765625 0.3466796875 0.791015625 0.3740234375
0 0.3349609375 0.228515625 0.361328125 0.2353515625 0.373046875 0.2314453125 0.3623046875 0.16796875 0.32421875 0.2060546875 0.3349609375 0.228515625
0 0.3203125 0.3095703125 0.330078125 0.2998046875 0.3095703125 0.275390625 0.26953125 0.2958984375 0.3203125 0.3095703125
0 0.486328125 0.5771484375 0.482421875 0.5986328125 0.4970703125 0.62109375 0.53125 0.6240234375 0.552734375 0.6162109375 0.560546875 0.5908203125 0.5185546875 0.55859375 0.486328125 0.5771484375
0 0.5849609375 0.546875 0.55859375 0.5673828125 0.5625 0.5830078125 0.609375 0.6181640625 0.6357421875 0.580078125 0.64453125 0.6123046875 0.6484375 0.5634765625 0.5849609375 0.546875