0 0.671875 0.4326171875 0.6572265625 0.412109375 0.607421875 0.4033203125 0.6005859375 0.3515625 0.5146484375 0.322265625 0.53515625 0.3486328125 0.533203125 0.4912109375 0.591796875 0.5185546875 0.595703125 0.4912109375 0.6259765625 0.4765625 0.6875 0.4912109375 0.671875 0.4326171875
0 0.0830078125 0.02734375 0.037109375 0.0283203125 0.0849609375 0.083984375 0.18359375 0.1259765625 0.220703125 0.1083984375 0.2119140625 0.0625 0.1337890625 0.052734375 0.0830078125 0.02734375
0 0.4228515625 0.25390625 0.37109375 0.2998046875 0.359375 0.3408203125 0.3798828125 0.380859375 0.4384765625 0.396484375 0.466796875 0.4326171875 0.482421875 0.3876953125 0.4609375 0.3662109375 0.44921875 0.2705078125 0.4228515625 0.25390625
0 0.5693359375 0.896484375 0.478515625 0.9345703125 0.5419921875 0.958984375 0.65625 0.9619140625 0.685546875 0.8974609375 0.6650390625 0.87890625 0.6220703125 0.90234375 0.5693359375 0.896484375
0 0.80859375 0.7705078125 0.810546875 0.7197265625 0.7705078125 0.728515625 0.779296875 0.7607421875 0.80859375 0.7705078125
0 0.685546875 0.7138671875 0.703125 0.7255859375 0.7333984375 0.71875 0.740234375 0.6982421875 0.6943359375 0.669921875 0.685546875 0.7138671875
0 0.771484375 0.5771484375 0.767578125 0.5302734375 0.7275390625 0.5234375 0.724609375 0.5693359375 0.771484375 0.5771484375
0 0.314453125 0.3974609375 0.314453125 0.4404296875 0.341796875 0.4521484375 0.37109375 0.4111328125 0.3564453125 0.38671875 0.3291015625 0.384765625 0.314453125 0.3974609375
0 0.44921875 0.4619140625 0.419921875 0.4716796875 0.41796875 0.5009765625 0.431640625 0.5478515625 0.4453125 0.5478515625 0.5283203125 0.501953125 0.53125 0.4873046875 0.4404296875 0.453125 0.44921875 0.4619140625
0 0.298828125 0.7822265625 0.314453125 0.7568359375 0.2783203125 0.734375 0.265625 0.7744140625 0.298828125 0.7822265625
0 0.341796875 0.6396484375 0.349609375 0.6005859375 0.3154296875 0.59375 0.310546875 0.6357421875 0.341796875 0.6396484375
0 0.384765625 0.6162109375 0.392578125 0.6474609375 0.412109375 0.6474609375 0.466796875 0.6240234375 0.4501953125 0.578125 0.4072265625 0.580078125 0.384765625 0.6162109375
0 0.404296875 0.7470703125 0.43359375 0.6923828125 0.3935546875 0.681640625 0.390625 0.7353515625 0.404296875 0.7470703125
0 0.435546875 0.2060546875 0.439453125 0.1826171875 0.4189453125 0.162109375 0.373046875 0.1767578125 0.435546875 0.2060546875
0 0.611328125 0.2626953125 0.626953125 0.2705078125 0.658203125 0.2314453125 0.5888671875 0.1875 0.607421875 0.2119140625 0.611328125 0.2626953125