0 0.5126953125 0.54296875 0.5234375 0.5322265625 0.50390625 0.5283203125 0.53125 0.5107421875 0.5126953125 0.49609375 0.4765625 0.5048828125 0.4990234375 0.515625 0.4697265625 0.515625 0.439453125 0.4970703125 0.42578125 0.4716796875 0.453125 0.4130859375 0.4462890625 0.380859375 0.35546875 0.3935546875 0.39453125 0.4501953125 0.35546875 0.4619140625 0.35546875 0.5185546875 0.330078125 0.5478515625 0.3544921875 0.58984375 0.388671875 0.5947265625 0.421875 0.5849609375 0.4443359375 0.533203125 0.4716796875 0.5234375 0.5126953125 0.54296875
0 0.2470703125 0.455078125 0.216796875 0.4580078125 0.23828125 0.4755859375 0.2470703125 0.455078125
0 0.2001953125 0.484375 0.193359375 0.5244140625 0.212890625 0.5400390625 0.2900390625 0.5390625 0.30078125 0.5205078125 0.2333984375 0.482421875 0.2001953125 0.484375
0 0.4775390625 0.673828125 0.529296875 0.6787109375 0.529296875 0.6552734375 0.5029296875 0.638671875 0.46875 0.6572265625 0.4775390625 0.673828125
0 0.376953125 0.7041015625 0.40625 0.7216796875 0.4365234375 0.712890625 0.4609375 0.6748046875 0.3974609375 0.654296875 0.376953125 0.7041015625
0 0.404296875 0.7802734375 0.4375 0.7568359375 0.3798828125 0.73828125 0.375 0.7666015625 0.404296875 0.7802734375
0 0.49609375 0.8427734375 0.5146484375 0.810546875 0.4375 0.8232421875 0.4482421875 0.841796875 0.49609375 0.8427734375
0 0.607421875 0.7880859375 0.5966796875 0.75 0.515625 0.7548828125 0.5341796875 0.783203125 0.607421875 0.7880859375
0 0.658203125 0.8076171875 0.685546875 0.8193359375 0.71875 0.7978515625 0.720703125 0.7490234375 0.6259765625 0.7265625 0.658203125 0.8076171875
0 0.65234375 0.8740234375 0.65625 0.8623046875 0.6220703125 0.841796875 0.595703125 0.8544921875 0.65234375 0.8740234375
0 0.90234375 0.7275390625 0.93359375 0.6904296875 0.9169921875 0.67578125 0.8671875 0.7177734375 0.90234375 0.7275390625
0 0.8232421875 0.435546875 0.78515625 0.4697265625 0.794921875 0.5068359375 0.779296875 0.5146484375 0.796875 0.5244140625 0.787109375 0.5341796875 0.7978515625 0.55859375 0.84375 0.5654296875 0.875 0.5400390625 0.8828125 0.4931640625 0.8447265625 0.4375 0.8232421875 0.435546875
0 0.72265625 0.4091796875 0.6806640625 0.34765625 0.6533203125 0.375 0.6240234375 0.369140625 0.576171875 0.4072265625 0.57421875 0.5205078125 0.6484375 0.5478515625 0.6806640625 0.533203125 0.7197265625 0.544921875 0.734375 0.5146484375 0.72265625 0.4091796875
0 0.87890625 0.4326171875 0.8330078125 0.3828125 0.818359375 0.3837890625 0.8271484375 0.41796875 0.87890625 0.4326171875
0 0.8115234375 0.82421875 0.767578125 0.8271484375 0.80078125 0.8525390625 0.8115234375 0.82421875
0 0.810546875 0.8916015625 0.8251953125 0.8828125 0.7841796875 0.884765625 0.759765625 0.9130859375 0.775390625 0.9248046875 0.8291015625 0.923828125 0.888671875 0.8798828125 0.8330078125 0.8984375 0.810546875 0.8916015625
0 0.744140625 0.9716796875 0.7001953125 0.916015625 0.669921875 0.9189453125 0.6884765625 0.962890625 0.744140625 0.9716796875