0 0.3125 0.6396484375 0.3408203125 0.66015625 0.38671875 0.6591796875 0.416015625 0.6455078125 0.4130859375 0.611328125 0.3544921875 0.611328125 0.3125 0.6396484375
0 0.3251953125 0.826171875 0.318359375 0.8408203125 0.3359375 0.8740234375 0.375 0.8974609375 0.4326171875 0.890625 0.4609375 0.8720703125 0.3642578125 0.82421875 0.3251953125 0.826171875
0 0.54296875 0.8818359375 0.578125 0.8876953125 0.595703125 0.8720703125 0.591796875 0.8408203125 0.5498046875 0.830078125 0.54296875 0.8818359375
0 0.638671875 0.7607421875 0.6357421875 0.732421875 0.607421875 0.7373046875 0.6123046875 0.75390625 0.638671875 0.7607421875
0 0.63671875 0.6025390625 0.654296875 0.5732421875 0.6103515625 0.564453125 0.599609375 0.5947265625 0.63671875 0.6025390625
0 0.7265625 0.2998046875 0.734375 0.3486328125 0.77734375 0.3896484375 0.806640625 0.3759765625 0.806640625 0.3056640625 0.7705078125 0.279296875 0.7265625 0.2998046875
0 0.49609375 0.3681640625 0.529296875 0.3759765625 0.576171875 0.3681640625 0.564453125 0.3330078125 0.4951171875 0.330078125 0.49609375 0.3681640625
0 0.376953125 0.4287109375 0.41015625 0.4404296875 0.4345703125 0.43359375 0.435546875 0.4189453125 0.3798828125 0.40234375 0.376953125 0.4287109375
0 0.322265625 0.4501953125 0.32421875 0.5087890625 0.359375 0.5244140625 0.388671875 0.4970703125 0.3828125 0.4521484375 0.3369140625 0.4296875 0.322265625 0.4501953125
0 0.45703125 0.4658203125 0.4638671875 0.482421875 0.498046875 0.4892578125 0.517578125 0.4736328125 0.5087890625 0.455078125 0.4814453125 0.44921875 0.45703125 0.4658203125
0 0.623046875 0.4638671875 0.638671875 0.4404296875 0.5927734375 0.4140625 0.59375 0.4560546875 0.623046875 0.4638671875
0 0.2578125 0.5869140625 0.287109375 0.5654296875 0.2431640625 0.548828125 0.224609375 0.5712890625 0.2578125 0.5869140625
0 0.4072265625 0.783203125 0.447265625 0.7939453125 0.45703125 0.7724609375 0.4365234375 0.755859375 0.400390625 0.7666015625 0.4072265625 0.783203125
0 0.0830078125 0.45703125 0.125 0.4658203125 0.1484375 0.4560546875 0.1494140625 0.4375 0.08203125 0.4423828125 0.0830078125 0.45703125
0 0.65625 0.5673828125 0.67578125 0.5693359375 0.69921875 0.5517578125 0.6787109375 0.49609375 0.65625 0.5244140625 0.65625 0.5673828125
0 0.6083984375 0.802734375 0.603515625 0.8212890625 0.62109375 0.8291015625 0.6611328125 0.818359375 0.666015625 0.8017578125 0.6435546875 0.791015625 0.6083984375 0.802734375