0 0.63671875 0.5478515625 0.720703125 0.5595703125 0.728515625 0.5419921875 0.7119140625 0.52734375 0.6552734375 0.52734375 0.63671875 0.5478515625
0 0.4697265625 0.634765625 0.46875 0.6708984375 0.5 0.6826171875 0.513671875 0.6767578125 0.517578125 0.6455078125 0.4990234375 0.62890625 0.4697265625 0.634765625
0 0.373046875 0.6494140625 0.4453125 0.7216796875 0.466796875 0.6806640625 0.4208984375 0.642578125 0.3779296875 0.634765625 0.373046875 0.6494140625
0 0.4765625 0.7958984375 0.505859375 0.8095703125 0.544921875 0.7587890625 0.5380859375 0.734375 0.48046875 0.7451171875 0.4765625 0.7958984375
0 0.5947265625 0.806640625 0.583984375 0.8447265625 0.59375 0.8798828125 0.5947265625 0.806640625
0 0.3671875 0.8720703125 0.37890625 0.8525390625 0.3623046875 0.8203125 0.345703125 0.8583984375 0.3671875 0.8720703125
0 0.322265625 0.8095703125 0.341796875 0.7724609375 0.3017578125 0.763671875 0.294921875 0.7939453125 0.322265625 0.8095703125
0 0.603515625 0.6806640625 0.6328125 0.7216796875 0.669921875 0.6904296875 0.671875 0.6708984375 0.6064453125 0.66015625 0.603515625 0.6806640625
0 0.353515625 0.4892578125 0.3671875 0.4697265625 0.3369140625 0.45703125 0.326171875 0.4853515625 0.353515625 0.4892578125
0 0.466796875 0.4814453125 0.4609375 0.4462890625 0.4345703125 0.44140625 0.427734375 0.4736328125 0.466796875 0.4814453125
0 0.271484375 0.5537109375 0.283203125 0.5908203125 0.310546875 0.5986328125 0.333984375 0.5439453125 0.3212890625 0.529296875 0.2900390625 0.53125 0.271484375 0.5537109375
0 0.345703125 0.5458984375 0.373046875 0.5205078125 0.3154296875 0.501953125 0.3125 0.5166015625 0.345703125 0.5458984375
0 0.251953125 0.6337890625 0.2626953125 0.671875 0.3125 0.6787109375 0.328125 0.6552734375 0.3154296875 0.640625 0.2783203125 0.625 0.251953125 0.6337890625
0 0.63671875 0.8916015625 0.6328125 0.8388671875 0.6064453125 0.826171875 0.58984375 0.8505859375 0.63671875 0.8916015625
0 0.642578125 0.8056640625 0.66796875 0.8134765625 0.6875 0.8037109375 0.685546875 0.7841796875 0.6455078125 0.779296875 0.642578125 0.8056640625
0 0.8798828125 0.796875 0.84375 0.8037109375 0.86328125 0.8173828125 0.8798828125 0.796875
0 0.74609375 0.8134765625 0.8134765625 0.857421875 0.87890625 0.8603515625 0.9169921875 0.802734375 0.8857421875 0.8359375 0.8037109375 0.80859375 0.74609375 0.8134765625
0 0.748046875 0.5693359375 0.7236328125 0.560546875 0.712890625 0.5712890625 0.734375 0.5771484375 0.7177734375 0.595703125 0.720703125 0.5810546875 0.708984375 0.5830078125 0.708984375 0.6513671875 0.671875 0.6748046875 0.6748046875 0.6875 0.7421875 0.7041015625 0.775390625 0.6943359375 0.783203125 0.6611328125 0.751953125 0.6357421875 0.748046875 0.5693359375
0 0.8408203125 0.693359375 0.822265625 0.7138671875 0.828125 0.7412109375 0.87109375 0.7568359375 0.921875 0.7431640625 0.90625 0.7294921875 0.91796875 0.7060546875 0.8408203125 0.693359375
0 0.6982421875 0.384765625 0.669921875 0.3759765625 0.66796875 0.4599609375 0.69140625 0.4619140625 0.748046875 0.4365234375 0.763671875 0.3876953125 0.7431640625 0.36328125 0.6982421875 0.384765625