0 0.2109375 0.5029296875 0.2255859375 0.54296875 0.279296875 0.5615234375 0.30859375 0.5419921875 0.2939453125 0.498046875 0.2431640625 0.486328125 0.2109375 0.5029296875
0 0.6669921875 0.595703125 0.6337890625 0.6015625 0.6103515625 0.640625 0.529296875 0.6748046875 0.5361328125 0.697265625 0.5625 0.7001953125 0.6689453125 0.685546875 0.6875 0.6533203125 0.6875 0.6123046875 0.6669921875 0.595703125
0 0.8251953125 0.58984375 0.7802734375 0.5859375 0.71484375 0.6435546875 0.7294921875 0.66015625 0.765625 0.6591796875 0.80859375 0.6494140625 0.8359375 0.6064453125 0.8310546875 0.568359375 0.8251953125 0.58984375
0 0.375 0.3779296875 0.4052734375 0.408203125 0.443359375 0.4130859375 0.4716796875 0.408203125 0.486328125 0.3779296875 0.4248046875 0.3515625 0.375 0.3779296875
0 0.3203125 0.4365234375 0.341796875 0.3916015625 0.2646484375 0.3671875 0.2734375 0.4052734375 0.3203125 0.4365234375
0 0.345703125 0.2646484375 0.369140625 0.3095703125 0.33203125 0.3330078125 0.3671875 0.3603515625 0.41796875 0.2705078125 0.4169921875 0.236328125 0.3837890625 0.236328125 0.345703125 0.2646484375
0 0.5029296875 0.3359375 0.494140625 0.3642578125 0.51171875 0.3740234375 0.5673828125 0.357421875 0.57421875 0.3212890625 0.5517578125 0.3125 0.5029296875 0.3359375
0 0.541015625 0.2255859375 0.5478515625 0.25 0.591796875 0.2705078125 0.662109375 0.1904296875 0.6494140625 0.16796875 0.6123046875 0.16796875 0.541015625 0.2255859375
0 0.416015625 0.6142578125 0.4345703125 0.578125 0.373046875 0.5791015625 0.3857421875 0.609375 0.416015625 0.6142578125
0 0.5859375 0.4814453125 0.60546875 0.4892578125 0.626953125 0.4814453125 0.630859375 0.4560546875 0.5966796875 0.4453125 0.5859375 0.4814453125
0 0.142578125 0.7568359375 0.169921875 0.7470703125 0.0927734375 0.654296875 0.119140625 0.7490234375 0.142578125 0.7568359375