0 0.5029296875 0.361328125 0.4892578125 0.337890625 0.4267578125 0.314453125 0.4296875 0.3525390625 0.48046875 0.3798828125 0.48046875 0.4130859375 0.4033203125 0.419921875 0.392578125 0.4423828125 0.423828125 0.5107421875 0.4765625 0.5361328125 0.5673828125 0.470703125 0.6015625 0.4208984375 0.5693359375 0.36328125 0.5029296875 0.361328125
0 0.7529296875 0.513671875 0.7177734375 0.47265625 0.6396484375 0.484375 0.599609375 0.5263671875 0.609375 0.5537109375 0.6572265625 0.576171875 0.65625 0.6005859375 0.68359375 0.6123046875 0.7685546875 0.576171875 0.791015625 0.5517578125 0.787109375 0.5283203125 0.7529296875 0.513671875
0 0.966796875 0.2451171875 0.974609375 0.1708984375 0.8974609375 0.177734375 0.818359375 0.2373046875 0.83984375 0.3115234375 0.8046875 0.3447265625 0.8330078125 0.384765625 0.9609375 0.4111328125 0.97265625 0.3955078125 0.95703125 0.3837890625 0.939453125 0.3095703125 0.966796875 0.2451171875
0 0.7021484375 0.1015625 0.677734375 0.1533203125 0.732421875 0.2021484375 0.75 0.1865234375 0.744140625 0.1455078125 0.7265625 0.1103515625 0.7021484375 0.1015625
0 0.255859375 0.7626953125 0.29296875 0.7705078125 0.33984375 0.7216796875 0.3056640625 0.671875 0.244140625 0.7041015625 0.255859375 0.7626953125
0 0.2177734375 0.40625 0.1845703125 0.40625 0.18359375 0.4716796875 0.166015625 0.5107421875 0.2158203125 0.564453125 0.296875 0.5869140625 0.3408203125 0.564453125 0.34375 0.5478515625 0.283203125 0.5166015625 0.2177734375 0.40625
0 0.060546875 0.8115234375 0.1171875 0.8291015625 0.142578125 0.8134765625 0.134765625 0.7841796875 0.0498046875 0.751953125 0.060546875 0.8115234375
0 0.0703125 0.7060546875 0.083984375 0.6806640625 0.0458984375 0.658203125 0.041015625 0.7021484375 0.0703125 0.7060546875
0 0.119140625 0.5771484375 0.150390625 0.5517578125 0.1376953125 0.5390625 0.05859375 0.5419921875 0.119140625 0.5771484375
0 0.5625 0.8056640625 0.5361328125 0.794921875 0.4931640625 0.82421875 0.3603515625 0.8359375 0.353515625 0.8779296875 0.392578125 0.8818359375 0.4345703125 0.859375 0.4990234375 0.859375 0.57421875 0.8330078125 0.5625 0.8056640625
0 0.05859375 0.4619140625 0.056640625 0.5048828125 0.11328125 0.4755859375 0.087890625 0.4462890625 0.0947265625 0.423828125 0.05859375 0.4619140625