0 0.28515625 0.4248046875 0.2685546875 0.470703125 0.197265625 0.4716796875 0.2099609375 0.498046875 0.2734375 0.5341796875 0.4365234375 0.455078125 0.435546875 0.4228515625 0.3173828125 0.412109375 0.28515625 0.4248046875
0 0.5322265625 0.318359375 0.5068359375 0.318359375 0.447265625 0.3740234375 0.4541015625 0.41015625 0.490234375 0.4150390625 0.578125 0.3701171875 0.529296875 0.3623046875 0.548828125 0.3369140625 0.5322265625 0.318359375
0 0.080078125 0.4130859375 0.1142578125 0.439453125 0.197265625 0.4423828125 0.212890625 0.4189453125 0.1767578125 0.3828125 0.076171875 0.3837890625 0.080078125 0.4130859375
0 0.6943359375 0.517578125 0.65234375 0.5654296875 0.6552734375 0.58984375 0.71875 0.6142578125 0.775390625 0.5927734375 0.78125 0.5458984375 0.7646484375 0.5234375 0.6943359375 0.517578125
0 0.74609375 0.3759765625 0.748046875 0.4326171875 0.72265625 0.4853515625 0.77734375 0.4892578125 0.8310546875 0.482421875 0.849609375 0.4189453125 0.7626953125 0.365234375 0.74609375 0.3759765625
0 0.376953125 0.6494140625 0.4072265625 0.681640625 0.4453125 0.6865234375 0.466796875 0.6591796875 0.4521484375 0.62890625 0.4169921875 0.626953125 0.376953125 0.6494140625
0 0.423828125 0.7744140625 0.4267578125 0.79296875 0.501953125 0.8271484375 0.5234375 0.8134765625 0.5029296875 0.7890625 0.4599609375 0.76171875 0.423828125 0.7744140625
0 0.423828125 0.8857421875 0.4541015625 0.90625 0.576171875 0.9150390625 0.5712890625 0.896484375 0.4912109375 0.865234375 0.4521484375 0.86328125 0.423828125 0.8857421875
0 0.8720703125 0.736328125 0.7890625 0.7998046875 0.79296875 0.8251953125 0.814453125 0.8291015625 0.9111328125 0.8125 0.935546875 0.7783203125 0.9375 0.7412109375 0.8720703125 0.736328125
0 0.05078125 0.5322265625 0.076171875 0.5263671875 0.0615234375 0.501953125 0.041015625 0.5087890625 0.05078125 0.5322265625
0 0.142578125 0.3271484375 0.1337890625 0.2890625 0.078125 0.3037109375 0.1025390625 0.32421875 0.142578125 0.3271484375
0 0.2822265625 0.119140625 0.265625 0.1396484375 0.2890625 0.1494140625 0.3466796875 0.140625 0.357421875 0.1259765625 0.3310546875 0.107421875 0.2822265625 0.119140625
0 0.798828125 0.6123046875 0.833984375 0.6396484375 0.8681640625 0.63671875 0.90625 0.6083984375 0.8623046875 0.59375 0.798828125 0.6123046875
0 0.599609375 0.6669921875 0.6259765625 0.6875 0.677734375 0.6904296875 0.720703125 0.6708984375 0.6962890625 0.64453125 0.6474609375 0.64453125 0.599609375 0.6669921875
0 0.2451171875 0.599609375 0.20703125 0.6142578125 0.2138671875 0.63671875 0.29296875 0.6826171875 0.3232421875 0.67578125 0.328125 0.6611328125 0.2919921875 0.650390625 0.2451171875 0.599609375