0 0.3818359375 0.44921875 0.3251953125 0.41015625 0.29296875 0.4189453125 0.28515625 0.4521484375 0.3408203125 0.49609375 0.4033203125 0.474609375 0.44921875 0.5126953125 0.4951171875 0.48828125 0.501953125 0.4697265625 0.4560546875 0.443359375 0.3818359375 0.44921875
0 0.5556640625 0.771484375 0.5302734375 0.775390625 0.521484375 0.8212890625 0.53515625 0.8466796875 0.5908203125 0.8984375 0.6171875 0.8994140625 0.67578125 0.8701171875 0.642578125 0.8408203125 0.638671875 0.8037109375 0.5556640625 0.771484375
0 0.607421875 0.4794921875 0.6259765625 0.501953125 0.6865234375 0.4921875 0.736328125 0.5166015625 0.765625 0.4716796875 0.7333984375 0.439453125 0.6611328125 0.4375 0.607421875 0.4794921875
0 0.5859375 0.6259765625 0.61328125 0.5986328125 0.5615234375 0.5859375 0.55078125 0.6240234375 0.5859375 0.6259765625
0 0.57421875 0.7158203125 0.603515625 0.6923828125 0.5419921875 0.666015625 0.5234375 0.7080078125 0.57421875 0.7158203125
0 0.3408203125 0.671875 0.373046875 0.6806640625 0.392578125 0.6630859375 0.3759765625 0.625 0.3359375 0.6533203125 0.3408203125 0.671875
0 0.275390625 0.3017578125 0.2822265625 0.3203125 0.314453125 0.3271484375 0.375 0.3095703125 0.3408203125 0.267578125 0.3193359375 0.267578125 0.275390625 0.3017578125
0 0.48828125 0.2119140625 0.50390625 0.2158203125 0.548828125 0.1923828125 0.5263671875 0.154296875 0.48046875 0.1806640625 0.48828125 0.2119140625
0 0.5869140625 0.234375 0.638671875 0.2490234375 0.654296875 0.2314453125 0.6455078125 0.205078125 0.587890625 0.2080078125 0.5869140625 0.234375
0 0.341796875 0.1708984375 0.353515625 0.1533203125 0.3330078125 0.119140625 0.306640625 0.1494140625 0.341796875 0.1708984375
0 0.4111328125 0.142578125 0.44140625 0.1474609375 0.458984375 0.1259765625 0.4228515625 0.095703125 0.390625 0.1142578125 0.4111328125 0.142578125
0 0.5224609375 0.341796875 0.556640625 0.3466796875 0.578125 0.3330078125 0.5673828125 0.3125 0.515625 0.3173828125 0.5224609375 0.341796875
0 0.24609375 0.7470703125 0.1884765625 0.7265625 0.212890625 0.7802734375 0.24609375 0.7470703125