0 0.5556640625 0.287109375 0.546875 0.3291015625 0.599609375 0.3564453125 0.642578125 0.3310546875 0.638671875 0.3056640625 0.6220703125 0.2890625 0.5556640625 0.287109375
0 0.775390625 0.5595703125 0.75 0.5341796875 0.8076171875 0.5234375 0.7998046875 0.494140625 0.7607421875 0.501953125 0.7294921875 0.470703125 0.6455078125 0.46875 0.6181640625 0.5 0.5712890625 0.50390625 0.541015625 0.5498046875 0.5947265625 0.623046875 0.662109375 0.6513671875 0.669921875 0.6708984375 0.65625 0.6962890625 0.6796875 0.7119140625 0.703125 0.6962890625 0.708984375 0.6572265625 0.76171875 0.6142578125 0.775390625 0.5595703125
0 0.3134765625 0.380859375 0.2861328125 0.357421875 0.208984375 0.3857421875 0.2197265625 0.412109375 0.2509765625 0.412109375 0.2802734375 0.44921875 0.32421875 0.4677734375 0.376953125 0.4345703125 0.3515625 0.4150390625 0.3623046875 0.384765625 0.3134765625 0.380859375
0 0.251953125 0.5830078125 0.291015625 0.5498046875 0.2529296875 0.546875 0.20703125 0.5791015625 0.251953125 0.5830078125
0 0.46875 0.3720703125 0.46875 0.4130859375 0.513671875 0.4169921875 0.55859375 0.3876953125 0.5537109375 0.359375 0.4951171875 0.3515625 0.46875 0.3720703125
0 0.697265625 0.3388671875 0.7265625 0.3876953125 0.7880859375 0.375 0.796875 0.3466796875 0.7080078125 0.322265625 0.697265625 0.3388671875
0 0.3876953125 0.224609375 0.333984375 0.2626953125 0.328125 0.2939453125 0.3447265625 0.302734375 0.4140625 0.3017578125 0.439453125 0.2744140625 0.4248046875 0.263671875 0.3896484375 0.2734375 0.3876953125 0.224609375
0 0.5771484375 0.203125 0.5537109375 0.203125 0.544921875 0.2294921875 0.5 0.2568359375 0.546875 0.2802734375 0.5625 0.2646484375 0.5498046875 0.251953125 0.609375 0.2490234375 0.5771484375 0.203125
0 0.8251953125 0.171875 0.83984375 0.1787109375 0.828125 0.1884765625 0.8369140625 0.21875 0.86328125 0.2060546875 0.8564453125 0.181640625 0.9169921875 0.17578125 0.919921875 0.2041015625 0.9345703125 0.2109375 0.9599609375 0.1953125 0.9716796875 0.130859375 0.9384765625 0.150390625 0.8984375 0.1416015625 0.900390625 0.0634765625 0.916015625 0.0419921875 0.8662109375 0.029296875 0.8466796875 0.068359375 0.7919921875 0.091796875 0.7470703125 0.091796875 0.7431640625 0.1171875 0.7001953125 0.125 0.6669921875 0.16796875 0.630859375 0.1826171875 0.71875 0.2314453125 0.7421875 0.2099609375 0.720703125 0.1923828125 0.7294921875 0.1796875 0.8251953125 0.171875
0 0.888671875 0.3486328125 0.859375 0.4072265625 0.845703125 0.4833984375 0.85546875 0.5068359375 0.931640625 0.3974609375 0.94140625 0.3603515625 0.9189453125 0.34375 0.888671875 0.3486328125
0 0.2138671875 0.8828125 0.2177734375 0.87109375 0.17578125 0.8701171875 0.158203125 0.9521484375 0.1689453125 0.970703125 0.302734375 0.9794921875 0.322265625 0.9482421875 0.3095703125 0.919921875 0.2685546875 0.919921875 0.2138671875 0.8828125
0 0.0771484375 0.69921875 0.0615234375 0.685546875 0.0390625 0.7041015625 0.04296875 0.7724609375 0.060546875 0.7900390625 0.1572265625 0.76171875 0.177734375 0.7216796875 0.1533203125 0.701171875 0.0771484375 0.69921875