0 0.1953125 0.4033203125 0.2529296875 0.447265625 0.275390625 0.4482421875 0.279296875 0.3994140625 0.2412109375 0.37109375 0.2080078125 0.369140625 0.1953125 0.4033203125
0 0.3583984375 0.533203125 0.404296875 0.5439453125 0.458984375 0.5029296875 0.4013671875 0.484375 0.34375 0.5087890625 0.3583984375 0.533203125
0 0.396484375 0.2060546875 0.4052734375 0.23046875 0.474609375 0.2509765625 0.48828125 0.2294921875 0.4677734375 0.203125 0.4365234375 0.19140625 0.396484375 0.2060546875
0 0.1796875 0.6416015625 0.1513671875 0.58203125 0.119140625 0.6025390625 0.1259765625 0.626953125 0.1796875 0.6416015625
0 0.2861328125 0.67578125 0.40625 0.6826171875 0.3349609375 0.62109375 0.3037109375 0.623046875 0.267578125 0.6533203125 0.2861328125 0.67578125
0 0.2841796875 0.796875 0.2109375 0.8173828125 0.2109375 0.8349609375 0.25390625 0.8740234375 0.189453125 0.8876953125 0.2001953125 0.9296875 0.34375 0.9404296875 0.37109375 0.9189453125 0.37890625 0.8876953125 0.3310546875 0.81640625 0.2841796875 0.796875
0 0.8818359375 0.068359375 0.8076171875 0.048828125 0.7705078125 0.083984375 0.734375 0.0810546875 0.732421875 0.1083984375 0.701171875 0.1435546875 0.7421875 0.1689453125 0.7685546875 0.21875 0.8076171875 0.212890625 0.8544921875 0.240234375 0.900390625 0.2412109375 0.9140625 0.1982421875 0.87890625 0.1298828125 0.892578125 0.1044921875 0.8818359375 0.068359375
0 0.6337890625 0.23046875 0.626953125 0.2509765625 0.671875 0.2822265625 0.634765625 0.3154296875 0.640625 0.3447265625 0.689453125 0.3642578125 0.720703125 0.3271484375 0.703125 0.2451171875 0.6806640625 0.224609375 0.6337890625 0.23046875
0 0.810546875 0.5693359375 0.779296875 0.5712890625 0.779296875 0.6142578125 0.80078125 0.6220703125 0.8515625 0.5966796875 0.9072265625 0.46484375 0.8779296875 0.462890625 0.810546875 0.5693359375
0 0.494140625 0.7255859375 0.53125 0.7900390625 0.62109375 0.7451171875 0.5966796875 0.6953125 0.5830078125 0.7109375 0.494140625 0.7255859375
0 0.626953125 0.5966796875 0.65625 0.6005859375 0.6875 0.5888671875 0.6787109375 0.529296875 0.658203125 0.5322265625 0.626953125 0.5966796875
0 0.76171875 0.3623046875 0.787109375 0.3330078125 0.7822265625 0.30859375 0.765625 0.3076171875 0.76171875 0.3623046875
0 0.861328125 0.4208984375 0.8828125 0.3916015625 0.8505859375 0.380859375 0.841796875 0.4033203125 0.861328125 0.4208984375