0 0.33203125 0.5458984375 0.328125 0.5615234375 0.3486328125 0.580078125 0.40625 0.5927734375 0.42578125 0.5556640625 0.3935546875 0.5234375 0.3642578125 0.517578125 0.33203125 0.5458984375
0 0.2958984375 0.498046875 0.2578125 0.5048828125 0.283203125 0.5244140625 0.2958984375 0.498046875
0 0.146484375 0.5224609375 0.1630859375 0.5546875 0.20703125 0.5654296875 0.2470703125 0.55859375 0.25 0.5341796875 0.1630859375 0.513671875 0.146484375 0.5224609375
0 0.21875 0.3544921875 0.2412109375 0.388671875 0.259765625 0.3896484375 0.3251953125 0.3828125 0.333984375 0.3544921875 0.2998046875 0.337890625 0.21875 0.3544921875
0 0.3720703125 0.244140625 0.3359375 0.2529296875 0.365234375 0.2724609375 0.3720703125 0.244140625
0 0.41015625 0.2509765625 0.421875 0.2236328125 0.3916015625 0.21875 0.3828125 0.2392578125 0.41015625 0.2509765625
0 0.451171875 0.1533203125 0.478515625 0.1298828125 0.4404296875 0.119140625 0.4375 0.1474609375 0.451171875 0.1533203125
0 0.5576171875 0.134765625 0.587890625 0.1357421875 0.623046875 0.1162109375 0.5810546875 0.099609375 0.552734375 0.1123046875 0.5576171875 0.134765625
0 0.802734375 0.4638671875 0.814453125 0.4404296875 0.7724609375 0.423828125 0.712890625 0.4541015625 0.802734375 0.4638671875
0 0.7373046875 0.580078125 0.75390625 0.5791015625 0.798828125 0.5478515625 0.7724609375 0.537109375 0.71875 0.5517578125 0.7373046875 0.580078125
0 0.5625 0.7646484375 0.5556640625 0.7265625 0.501953125 0.7373046875 0.5146484375 0.759765625 0.5625 0.7646484375
0 0.8203125 0.8466796875 0.853515625 0.8193359375 0.7880859375 0.794921875 0.787109375 0.8212890625 0.8203125 0.8466796875
0 0.064453125 0.6806640625 0.08984375 0.6923828125 0.083984375 0.7236328125 0.11328125 0.7333984375 0.1484375 0.7060546875 0.1142578125 0.666015625 0.0673828125 0.658203125 0.064453125 0.6806640625
0 0.380859375 0.8681640625 0.384765625 0.8447265625 0.3603515625 0.83203125 0.34765625 0.8623046875 0.380859375 0.8681640625
0 0.4951171875 0.37109375 0.451171875 0.3779296875 0.4921875 0.3916015625 0.4951171875 0.37109375
0 0.65625 0.9306640625 0.673828125 0.9208984375 0.6650390625 0.90625 0.611328125 0.9052734375 0.65625 0.9306640625