0 0.48046875 0.7177734375 0.533203125 0.7412109375 0.556640625 0.7236328125 0.55859375 0.6845703125 0.4775390625 0.654296875 0.48046875 0.7177734375
0 0.4560546875 0.73828125 0.380859375 0.7490234375 0.4228515625 0.791015625 0.53515625 0.8486328125 0.53125 0.8154296875 0.501953125 0.7978515625 0.4892578125 0.75 0.4560546875 0.73828125
0 0.3369140625 0.84375 0.37109375 0.8623046875 0.3564453125 0.876953125 0.451171875 0.8779296875 0.50390625 0.8623046875 0.4638671875 0.83203125 0.333984375 0.8271484375 0.3369140625 0.84375
0 0.599609375 0.4912109375 0.623046875 0.5009765625 0.6611328125 0.498046875 0.701171875 0.4697265625 0.6591796875 0.447265625 0.599609375 0.4912109375
0 0.6162109375 0.341796875 0.6484375 0.3408203125 0.669921875 0.3095703125 0.6357421875 0.291015625 0.6015625 0.3251953125 0.6162109375 0.341796875
0 0.73046875 0.3271484375 0.74609375 0.2900390625 0.7236328125 0.27734375 0.703125 0.3134765625 0.73046875 0.3271484375
0 0.654296875 0.2412109375 0.671875 0.2470703125 0.693359375 0.2197265625 0.6826171875 0.19921875 0.65625 0.2119140625 0.654296875 0.2412109375
0 0.8359375 0.6298828125 0.8359375 0.6630859375 0.861328125 0.6689453125 0.8984375 0.6474609375 0.9033203125 0.625 0.8603515625 0.615234375 0.8359375 0.6298828125
0 0.79296875 0.4873046875 0.8046875 0.4326171875 0.7568359375 0.41015625 0.75 0.4267578125 0.79296875 0.4873046875
0 0.380859375 0.3916015625 0.396484375 0.3740234375 0.3603515625 0.35546875 0.353515625 0.3818359375 0.380859375 0.3916015625
0 0.181640625 0.5419921875 0.201171875 0.5302734375 0.1728515625 0.501953125 0.15234375 0.5302734375 0.181640625 0.5419921875
0 0.8896484375 0.458984375 0.939453125 0.4619140625 0.9169921875 0.396484375 0.8916015625 0.390625 0.8515625 0.4189453125 0.8896484375 0.458984375