0 0.4970703125 0.314453125 0.470703125 0.3427734375 0.458984375 0.3701171875 0.48046875 0.4091796875 0.5087890625 0.365234375 0.560546875 0.3369140625 0.5517578125 0.310546875 0.4970703125 0.314453125
0 0.5517578125 0.1640625 0.599609375 0.1669921875 0.66015625 0.1396484375 0.6123046875 0.123046875 0.54296875 0.1455078125 0.5517578125 0.1640625
0 0.810546875 0.2880859375 0.826171875 0.2919921875 0.859375 0.2861328125 0.8466796875 0.263671875 0.8125 0.2724609375 0.810546875 0.2880859375
0 0.853515625 0.3525390625 0.8759765625 0.373046875 0.912109375 0.3720703125 0.91796875 0.3544921875 0.8896484375 0.314453125 0.859375 0.3291015625 0.853515625 0.3525390625
0 0.30078125 0.2080078125 0.333984375 0.1962890625 0.2919921875 0.16796875 0.259765625 0.1923828125 0.30078125 0.2080078125
0 0.3271484375 0.291015625 0.40234375 0.2958984375 0.419921875 0.2841796875 0.4091796875 0.267578125 0.3203125 0.2470703125 0.3271484375 0.291015625
0 0.22265625 0.4306640625 0.2470703125 0.4609375 0.28515625 0.4755859375 0.3125 0.4619140625 0.2900390625 0.421875 0.2490234375 0.416015625 0.22265625 0.4306640625
0 0.138671875 0.2958984375 0.134765625 0.2705078125 0.1103515625 0.251953125 0.087890625 0.2958984375 0.138671875 0.2958984375
0 0.0634765625 0.373046875 0.14453125 0.4033203125 0.1357421875 0.3671875 0.0986328125 0.349609375 0.0625 0.3603515625 0.0634765625 0.373046875
0 0.509765625 0.6455078125 0.529296875 0.6533203125 0.5517578125 0.6484375 0.552734375 0.6337890625 0.5224609375 0.626953125 0.509765625 0.6455078125
0 0.4150390625 0.6640625 0.462890625 0.6767578125 0.482421875 0.6669921875 0.4814453125 0.642578125 0.3984375 0.6396484375 0.4150390625 0.6640625
0 0.458984375 0.5166015625 0.4599609375 0.486328125 0.408203125 0.4833984375 0.4189453125 0.5078125 0.458984375 0.5166015625
0 0.8291015625 0.779296875 0.869140625 0.7880859375 0.87890625 0.7666015625 0.8662109375 0.748046875 0.82421875 0.7607421875 0.8291015625 0.779296875
0 0.7060546875 0.8125 0.73828125 0.8154296875 0.763671875 0.8056640625 0.7509765625 0.783203125 0.69140625 0.7900390625 0.7060546875 0.8125
0 0.87109375 0.5634765625 0.8837890625 0.5390625 0.841796875 0.5380859375 0.8427734375 0.560546875 0.87109375 0.5634765625
0 0.3515625 0.7529296875 0.3671875 0.7412109375 0.3369140625 0.72265625 0.32421875 0.7470703125 0.3515625 0.7529296875
0 0.4375 0.7412109375 0.455078125 0.7314453125 0.4501953125 0.716796875 0.41015625 0.7216796875 0.4375 0.7412109375
0 0.328125 0.5888671875 0.357421875 0.5576171875 0.3466796875 0.54296875 0.3046875 0.5654296875 0.328125 0.5888671875
0 0.20703125 0.5615234375 0.216796875 0.5537109375 0.1962890625 0.541015625 0.166015625 0.5556640625 0.20703125 0.5615234375
0 0.390625 0.0615234375 0.4140625 0.0439453125 0.3359375 0.0107421875 0.3544921875 0.05859375 0.390625 0.0615234375