0 0.4580078125 0.322265625 0.509765625 0.3310546875 0.51953125 0.2958984375 0.5068359375 0.28125 0.439453125 0.2822265625 0.4580078125 0.322265625
0 0.5888671875 0.232421875 0.55078125 0.2685546875 0.5654296875 0.28515625 0.6171875 0.2919921875 0.65234375 0.2763671875 0.6484375 0.2509765625 0.6240234375 0.234375 0.5888671875 0.232421875
0 0.6337890625 0.466796875 0.671875 0.4736328125 0.6875 0.4638671875 0.6728515625 0.4375 0.626953125 0.4501953125 0.6337890625 0.466796875
0 0.580078125 0.5830078125 0.5888671875 0.607421875 0.619140625 0.6123046875 0.681640625 0.5849609375 0.6748046875 0.546875 0.6337890625 0.546875 0.580078125 0.5830078125
0 0.201171875 0.4091796875 0.240234375 0.3720703125 0.2216796875 0.34765625 0.17578125 0.3681640625 0.201171875 0.4091796875
0 0.126953125 0.5009765625 0.16796875 0.5107421875 0.201171875 0.4873046875 0.1953125 0.4697265625 0.1279296875 0.46484375 0.126953125 0.5009765625
0 0.3173828125 0.5390625 0.3671875 0.5458984375 0.3828125 0.5322265625 0.3740234375 0.517578125 0.3125 0.4990234375 0.3173828125 0.5390625
0 0.33203125 0.6552734375 0.3349609375 0.669921875 0.357421875 0.6728515625 0.4033203125 0.662109375 0.404296875 0.6435546875 0.3662109375 0.625 0.33203125 0.6552734375
0 0.6826171875 0.701171875 0.658203125 0.7138671875 0.681640625 0.7373046875 0.6826171875 0.701171875
0 0.650390625 0.7509765625 0.6376953125 0.720703125 0.603515625 0.7333984375 0.6103515625 0.75 0.650390625 0.7509765625
0 0.5234375 0.8427734375 0.55078125 0.8271484375 0.5458984375 0.80859375 0.498046875 0.8154296875 0.5234375 0.8427734375
0 0.712890625 0.7373046875 0.744140625 0.7470703125 0.7841796875 0.7421875 0.810546875 0.7060546875 0.7294921875 0.689453125 0.712890625 0.7373046875