0 0.2783203125 0.20703125 0.291015625 0.1962890625 0.2021484375 0.09375 0.177734375 0.0986328125 0.142578125 0.2001953125 0.1328125 0.2646484375 0.1484375 0.2685546875 0.2097158046875 0.304366140625 0.2099609375 0.263671875 0.2763671875 0.1953125 0.2783203125 0.20703125
0 0.2470703125 0.263671875 0.2451171875 0.310546875 0.189453125 0.3154296875 0.193359375 0.3466796875 0.23046875 0.3583984375 0.2783203125 0.35546875 0.30859375 0.3251953125 0.3076171875 0.263671875 0.2470703125 0.263671875
0 0.3017578125 0.400390625 0.26953125 0.4384765625 0.2900390625 0.47265625 0.32421875 0.4833984375 0.408203125 0.4638671875 0.34765625 0.4443359375 0.3544921875 0.392578125 0.3017578125 0.400390625
0 0.4892578125 0.21484375 0.4638671875 0.25 0.427734375 0.2548828125 0.4404296875 0.271484375 0.4951171875 0.26171875 0.490234375 0.3056640625 0.517578125 0.3134765625 0.5390625 0.3095703125 0.541015625 0.2783203125 0.5146484375 0.220703125 0.4892578125 0.21484375
0 0.40234375 0.3681640625 0.42578125 0.3740234375 0.4609375 0.3447265625 0.4287109375 0.326171875 0.3876953125 0.330078125 0.40234375 0.3681640625
0 0.3173828125 0.29296875 0.302734375 0.3388671875 0.3125 0.3505859375 0.3154296875 0.328125 0.3818359375 0.330078125 0.375 0.2998046875 0.3173828125 0.29296875
0 0.390625 0.6552734375 0.4345703125 0.650390625 0.2548828125 0.6015625 0.228515625 0.6142578125 0.228515625 0.6591796875 0.2109375 0.6708984375 0.2197265625 0.697265625 0.427734375 0.7470703125 0.45703125 0.7255859375 0.45703125 0.7001953125 0.3935546875 0.673828125 0.390625 0.6552734375
0 0.4599609375 0.470703125 0.4189453125 0.484375 0.3740234375 0.556640625 0.3095703125 0.5703125 0.275390625 0.6083984375 0.4130859375 0.646484375 0.43359375 0.6435546875 0.408203125 0.6376953125 0.4287109375 0.625 0.498046875 0.6650390625 0.515625 0.6591796875 0.5205078125 0.625 0.57421875 0.6181640625 0.4599609375 0.470703125
0 0.671875 0.3837890625 0.6630859375 0.376953125 0.6416015625 0.404296875 0.5908203125 0.3515625 0.5283203125 0.3671875 0.462890625 0.4482421875 0.46875 0.4736328125 0.51171875 0.5068359375 0.5712890625 0.431640625 0.6923828125 0.501953125 0.69921875 0.4716796875 0.671875 0.3837890625
0 0.7333984375 0.650390625 0.6689453125 0.580078125 0.5234375 0.5908203125 0.5556640625 0.59375 0.6376953125 0.673828125 0.6650390625 0.669921875 0.6982421875 0.6953125 0.7548828125 0.705078125 0.806640625 0.7451171875 0.810546875 0.7138671875 0.78515625 0.6826171875 0.794921875 0.6689453125 0.7333984375 0.650390625
0 0.69140625 0.8017578125 0.7177734375 0.8046875 0.724609375 0.7841796875 0.6298828125 0.689453125 0.5009765625 0.6875 0.49609375 0.7314453125 0.5390625 0.7587890625 0.54296875 0.7861328125 0.5029296875 0.77734375 0.4814453125 0.75390625 0.494140625 0.7783203125 0.48046875 0.7841796875 0.474609375 0.8330078125 0.455078125 0.8408203125 0.453125 0.8642578125 0.5341796875 0.875 0.5537109375 0.892578125 0.6025390625 0.87890625 0.6015625 0.8955078125 0.615234375 0.8955078125 0.580078125 0.9267578125 0.6484375 0.9404296875 0.7021484375 0.88671875 0.72265625 0.8876953125 0.703125 0.8818359375 0.69140625 0.8017578125
0 0.7333984375 0.890625 0.703125 0.9169921875 0.7265625 0.9384765625 0.8115234375 0.935546875 0.841796875 0.9169921875 0.8115234375 0.89453125 0.7333984375 0.890625
0 0.875 0.8701171875 0.9130859375 0.810546875 0.865234375 0.8271484375 0.857421875 0.8486328125 0.875 0.8701171875
0 0.8583984375 0.908203125 0.88671875 0.9072265625 0.8740234375 0.921875 0.896484375 0.9228515625 0.921875 0.9150390625 0.8896484375 0.880859375 0.8515625 0.8857421875 0.8583984375 0.908203125