0 0.52734375 0.4432736453125 0.5097656234375 0.3983219546875 0.529296875 0.37334879062500004 0.51953125 0.340883675 0.4970703140625 0.3196564890625 0.4697265609375 0.317159171875 0.4609374984375 0.3383863625 0.46875 0.383338053125 0.4228515609375 0.41954914062500004 0.390625 0.40581389999999995 0.3808593765625 0.3333917296875 0.3525390625 0.287191378125 0.3154296859375 0.324651121875 0.2744140625 0.324651121875 0.2578125015625 0.36086220625 0.2597656234375 0.38583537031250004 0.3046874984375 0.44826827812500003 0.32421875 0.5032092359375 0.3603515609375 0.51944179375 0.3994140625 0.504457896875 0.3984374984375 0.5456636140625 0.4140625015625 0.55565288125 0.4375 0.5456636140625 0.4580078125 0.476987415625 0.4912109375 0.4994632640625 0.52734375 0.4432736453125
0 0.513671875 0.30342393125 0.54296875 0.295931984375 0.5029296859375 0.2347477328125 0.498046875 0.2909373515625 0.513671875 0.30342393125
0 0.67578125 0.4557602296875 0.6865234390625 0.4719927828125 0.705078125 0.47074412656250003 0.7285156234375 0.4657494921875 0.7246093765625 0.42579243125 0.7060546859375 0.412057190625 0.67578125 0.4557602296875
0 0.8691406234375 0.2759534546875 0.8330078125 0.23724504999999999 0.79296875 0.3009266140625 0.7998046859375 0.3346403859375 0.83984375 0.3558675765625 0.8535156234375 0.3234024625 0.84765625 0.2834454 0.8583984390625 0.2896886953125 0.8691406234375 0.2759534546875
0 0.1503906234375 0.4582575453125 0.1621093765625 0.403316584375 0.1972656234375 0.383338053125 0.1728515609375 0.324651121875 0.14453125 0.3333917296875 0.1337890625 0.40456524375 0.09472656093750001 0.40456524375 0.07519531406249999 0.4520142515625 0.033203125 0.46824680937499996 0.033203125 0.48323070625 0.0556640625 0.5019605796875 0.1142578125 0.49197131250000004 0.1328125015625 0.5032092359375 0.126953125 0.5281824 0.08203125 0.583123359375 0.09765625 0.60559920625 0.095703125 0.6405616328125 0.126953125 0.6580428515625 0.1816406234375 0.5606475109375 0.1660156234375 0.5231877671875 0.1816406234375 0.47074412656250003 0.1503906234375 0.4582575453125
0 0.6201171875 0.779162690625 0.6298828125 0.8066331718749999 0.6826171875 0.7591841609375 0.7597656234375 0.7279677062500001 0.7753906234375 0.685513328125 0.751953125 0.6555455343750001 0.7529296859375 0.6168371296874999 0.7294921875 0.63431834375 0.71484375 0.6255777359375 0.7177734390625 0.5369230078125 0.6220703140625 0.4994632640625 0.5996093765625 0.5181931375 0.5810546859375 0.5943612828125 0.5361328125 0.57688006875 0.5166015609375 0.5968586 0.4931640625 0.5968586 0.4658203140625 0.569388121875 0.43359375 0.6455562671874999 0.3701171875 0.6967512515625 0.3056640625 0.7092378328125 0.3125 0.693005278125 0.2861328125 0.6443076109375 0.2578125015625 0.6705294312500001 0.2607421875 0.7117351484375 0.21484375 0.7104864921875 0.3603515609375 0.8041358546874999 0.4228515609375 0.8041358546874999 0.4765625015625 0.8528335234375 0.5205078125 0.7966439046875 0.5498046859375 0.8041358546874999 0.5966796859375 0.7816600078125 0.6025390625 0.7616814765625 0.612591384375 0.786219328125 0.6201171875 0.779162690625
0 0.8027343765625 0.533177034375 0.8134765609375 0.46699815312500004 0.73046875 0.48822533906250004 0.7128906234375 0.5931126265625 0.716796875 0.6230804203125 0.732421875 0.628075053125 0.7578125015625 0.6080965234375 0.76953125 0.5356743515625 0.7861328125 0.524436428125 0.8027343765625 0.533177034375
0 0.8642578125 0.6817673546874999 0.88671875 0.685513328125 0.90625 0.6405616328125 0.8740234390625 0.6218317640625 0.8496093765625 0.6555455343750001 0.8642578125 0.6817673546874999
0 0.7998046859375 0.734210996875 0.8339843765625 0.73545965625 0.83984375 0.7254703890624999 0.8232421875 0.70674051875 0.796875 0.722973071875 0.7998046859375 0.734210996875
0 0.56640625 0.8603254687499999 0.591796875 0.8478388890625 0.5908203140625 0.8241143859375001 0.548828125 0.8478388890625 0.56640625 0.8603254687499999
0 0.5859374984375 0.18854738124999998 0.5996093765625 0.166071534375 0.5830078125 0.15233629375 0.5703125015625 0.18105543125 0.5859374984375 0.18854738124999998
0 0.7001953140625 0.1848014078125 0.6796874984375 0.1960393328125 0.6972656234375 0.2085259125 0.7001953140625 0.1848014078125