0 0.2431640625 0.244140625 0.2060546875 0.26953125 0.1767578125 0.263671875 0.17578125 0.3095703125 0.234375 0.3251953125 0.23828125 0.2900390625 0.2646484375 0.287109375 0.2734375 0.2607421875 0.2431640625 0.244140625
0 0.421875 0.2685546875 0.462890625 0.2392578125 0.3974609375 0.234375 0.396484375 0.2587890625 0.421875 0.2685546875
0 0.2939453125 0.31640625 0.294921875 0.3564453125 0.349609375 0.3740234375 0.373046875 0.3642578125 0.37109375 0.3388671875 0.3369140625 0.314453125 0.2939453125 0.31640625
0 0.4052734375 0.35546875 0.43359375 0.3564453125 0.458984375 0.3291015625 0.4482421875 0.294921875 0.39453125 0.3369140625 0.4052734375 0.35546875
0 0.298828125 0.5361328125 0.328125 0.5087890625 0.2861328125 0.490234375 0.26953125 0.5224609375 0.298828125 0.5361328125
0 0.40625 0.5458984375 0.421875 0.5068359375 0.3935546875 0.5 0.376953125 0.5341796875 0.40625 0.5458984375
0 0.3515625 0.6669921875 0.359375 0.6376953125 0.3349609375 0.62109375 0.330078125 0.6552734375 0.3515625 0.6669921875
0 0.3984375 0.6650390625 0.416015625 0.6689453125 0.435546875 0.6572265625 0.4404296875 0.625 0.3984375 0.6474609375 0.3984375 0.6650390625
0 0.466796875 0.5888671875 0.498046875 0.6162109375 0.51953125 0.5869140625 0.5009765625 0.5625 0.4833984375 0.5625 0.466796875 0.5888671875
0 0.5712890625 0.646484375 0.6171875 0.6474609375 0.623046875 0.6357421875 0.5966796875 0.60546875 0.5546875 0.6142578125 0.5712890625 0.646484375
0 0.169921875 0.5029296875 0.1728515625 0.48046875 0.130859375 0.4658203125 0.1494140625 0.5 0.169921875 0.5029296875
0 0.6640625 0.4462890625 0.669921875 0.4248046875 0.6513671875 0.408203125 0.6328125 0.4365234375 0.6640625 0.4462890625
0 0.72265625 0.2919921875 0.736328125 0.2568359375 0.7177734375 0.240234375 0.697265625 0.2783203125 0.72265625 0.2919921875
0 0.7978515625 0.53125 0.818359375 0.5341796875 0.841796875 0.5048828125 0.8232421875 0.484375 0.7890625 0.5068359375 0.7978515625 0.53125
0 0.8359375 0.4091796875 0.822265625 0.4501953125 0.869140625 0.4658203125 0.900390625 0.4384765625 0.8681640625 0.375 0.873046875 0.3876953125 0.8359375 0.4091796875
0 0.607421875 0.6923828125 0.640625 0.7138671875 0.671875 0.6962890625 0.6552734375 0.669921875 0.6318359375 0.669921875 0.607421875 0.6923828125
0 0.5185546875 0.85546875 0.54296875 0.8583984375 0.552734375 0.8447265625 0.5419921875 0.822265625 0.50390625 0.8271484375 0.5185546875 0.85546875
0 0.71484375 0.6435546875 0.724609375 0.6748046875 0.75390625 0.6806640625 0.73828125 0.7080078125 0.775390625 0.7138671875 0.79296875 0.7001953125 0.794921875 0.6728515625 0.7275390625 0.62890625 0.71484375 0.6435546875
0 0.9443359375 0.640625 0.919921875 0.6435546875 0.93359375 0.6611328125 0.9443359375 0.640625
0 0.841796875 0.5869140625 0.86328125 0.5673828125 0.8349609375 0.546875 0.810546875 0.5751953125 0.841796875 0.5869140625