0 0.25390625 0.4091796875 0.2041015625 0.37890625 0.1025390625 0.357421875 0.083984375 0.3212890625 0.0634765625 0.314453125 0.09765625 0.4619140625 0.18359375 0.5537109375 0.171875 0.5712890625 0.1796875 0.6083984375 0.2138671875 0.630859375 0.2392578125 0.62890625 0.224609375 0.6435546875 0.25 0.6669921875 0.291015625 0.6259765625 0.26953125 0.5810546875 0.29296875 0.5537109375 0.25390625 0.4091796875
0 0.318359375 0.4541015625 0.3515625 0.4716796875 0.40234375 0.4326171875 0.3955078125 0.412109375 0.314453125 0.4208984375 0.318359375 0.4541015625
0 0.42578125 0.6181640625 0.4306640625 0.580078125 0.3857421875 0.578125 0.333984375 0.6884765625 0.4140625 0.7119140625 0.435546875 0.7060546875 0.43359375 0.6708984375 0.4609375 0.6298828125 0.42578125 0.6181640625
0 0.458984375 0.7685546875 0.5146484375 0.8203125 0.55078125 0.8232421875 0.544921875 0.7998046875 0.5048828125 0.78125 0.4873046875 0.75390625 0.458984375 0.7685546875
0 0.408203125 0.3115234375 0.44921875 0.3154296875 0.478515625 0.2998046875 0.4765625 0.2763671875 0.4111328125 0.234375 0.408203125 0.3115234375
0 0.1708984375 0.0703125 0.134765625 0.0732421875 0.15625 0.0869140625 0.1708984375 0.0703125
0 0.216796875 0.1748046875 0.234375 0.1865234375 0.25 0.1767578125 0.2646484375 0.076171875 0.2109375 0.0771484375 0.216796875 0.1748046875
0 0.3837890625 0.10546875 0.373046875 0.1318359375 0.404296875 0.1435546875 0.4248046875 0.10546875 0.3359375 0.0927734375 0.3447265625 0.119140625 0.3837890625 0.10546875
0 0.4931640625 0.1796875 0.53125 0.2099609375 0.52734375 0.1572265625 0.4736328125 0.12890625 0.46484375 0.1826171875 0.4931640625 0.1796875
0 0.81640625 0.4951171875 0.83984375 0.5146484375 0.87109375 0.4794921875 0.8603515625 0.427734375 0.814453125 0.4658203125 0.81640625 0.4951171875
0 0.609375 0.5537109375 0.6484375 0.5634765625 0.658203125 0.5283203125 0.6337890625 0.513671875 0.61328125 0.5283203125 0.609375 0.5537109375
0 0.7119140625 0.5625 0.728515625 0.5615234375 0.734375 0.5185546875 0.7177734375 0.513671875 0.701171875 0.5439453125 0.7119140625 0.5625
0 0.80859375 0.6689453125 0.826171875 0.6279296875 0.8017578125 0.60546875 0.787109375 0.6474609375 0.80859375 0.6689453125
0 0.64453125 0.4150390625 0.646484375 0.4345703125 0.662109375 0.4365234375 0.697265625 0.4013671875 0.7001953125 0.365234375 0.6767578125 0.37109375 0.64453125 0.4150390625
0 0.2734375 0.3134765625 0.279296875 0.2958984375 0.2529296875 0.287109375 0.248046875 0.3095703125 0.2734375 0.3134765625
0 0.71875 0.9541015625 0.6884765625 0.9140625 0.638671875 0.9248046875 0.6513671875 0.94140625 0.71875 0.9541015625