0 0.19921875 0.2666015625 0.259765625 0.2412109375 0.1708984375 0.203125 0.1484375 0.2294921875 0.19921875 0.2666015625
0 0.2900390625 0.396484375 0.3046875 0.3720703125 0.2392578125 0.349609375 0.1943359375 0.296875 0.1337890625 0.29296875 0.126953125 0.3310546875 0.171875 0.3974609375 0.1494140625 0.41015625 0.1064453125 0.3984375 0.103515625 0.4404296875 0.17578125 0.4755859375 0.1962890625 0.3984375 0.2177734375 0.39453125 0.2451171875 0.416015625 0.2900390625 0.396484375
0 0.2666015625 0.66015625 0.2119140625 0.646484375 0.1640625 0.7236328125 0.20703125 0.8095703125 0.267578125 0.8701171875 0.294921875 0.8173828125 0.26953125 0.7880859375 0.296875 0.7138671875 0.2666015625 0.66015625
0 0.529296875 0.3642578125 0.53125 0.3154296875 0.4853515625 0.298828125 0.48046875 0.3466796875 0.529296875 0.3642578125
0 0.7197265625 0.048828125 0.5361328125 0.048828125 0.4501953125 0.064453125 0.294921875 0.1220703125 0.3623046875 0.10546875 0.4658203125 0.130859375 0.4638671875 0.080078125 0.5068359375 0.08984375 0.5341796875 0.064453125 0.5615234375 0.064453125 0.5947265625 0.08203125 0.6201171875 0.05859375 0.6533203125 0.0859375 0.7021484375 0.08203125 0.7138671875 0.068359375 0.76953125 0.0986328125 0.7646484375 0.12109375 0.8095703125 0.115234375 0.87109375 0.1474609375 0.86328125 0.1005859375 0.8017578125 0.044921875 0.7568359375 0.0625 0.7197265625 0.048828125
0 0.7978515625 0.310546875 0.759765625 0.3466796875 0.7841796875 0.349609375 0.775390625 0.3408203125 0.796875 0.3349609375 0.7880859375 0.361328125 0.76171875 0.3603515625 0.775390625 0.3720703125 0.751953125 0.4267578125 0.78125 0.4287109375 0.861328125 0.3740234375 0.8427734375 0.345703125 0.8037109375 0.345703125 0.7978515625 0.310546875
0 0.736328125 0.4091796875 0.7177734375 0.376953125 0.69140625 0.3837890625 0.67578125 0.4345703125 0.6474609375 0.46484375 0.5673828125 0.4921875 0.50390625 0.5556640625 0.5146484375 0.587890625 0.544921875 0.5888671875 0.6220703125 0.55859375 0.681640625 0.5048828125 0.693359375 0.4404296875 0.736328125 0.4091796875
0 0.369140625 0.6357421875 0.373046875 0.6552734375 0.392578125 0.6611328125 0.43359375 0.6201171875 0.4287109375 0.6015625 0.3974609375 0.6015625 0.369140625 0.6357421875
0 0.423828125 0.6943359375 0.4453125 0.7119140625 0.490234375 0.6826171875 0.4619140625 0.650390625 0.423828125 0.6689453125 0.423828125 0.6943359375
0 0.4658203125 0.775390625 0.388671875 0.8486328125 0.4248046875 0.873046875 0.470703125 0.8779296875 0.509765625 0.8369140625 0.494140625 0.8212890625 0.498046875 0.7958984375 0.4658203125 0.775390625
0 0.5869140625 0.681640625 0.6015625 0.6533203125 0.5751953125 0.6328125 0.5234375 0.6611328125 0.4765625 0.7392578125 0.4970703125 0.755859375 0.6103515625 0.7578125 0.640625 0.7763671875 0.666015625 0.7392578125 0.666015625 0.6904296875 0.6416015625 0.671875 0.5869140625 0.681640625
0 0.6376953125 0.615234375 0.677734375 0.6162109375 0.6884765625 0.580078125 0.6591796875 0.57421875 0.63671875 0.5908203125 0.6376953125 0.615234375
0 0.412109375 0.3232421875 0.439453125 0.3017578125 0.3974609375 0.283203125 0.37890625 0.3095703125 0.412109375 0.3232421875
0 0.658203125 0.1435546875 0.673828125 0.1533203125 0.67578125 0.1279296875 0.6591796875 0.1171875 0.671875 0.1396484375 0.658203125 0.1435546875
0 0.720703125 0.2509765625 0.728515625 0.2197265625 0.6787109375 0.1875 0.6796875 0.2431640625 0.720703125 0.2509765625
0 0.787109375 0.4853515625 0.771484375 0.5126953125 0.859375 0.5654296875 0.705078125 0.6240234375 0.787109375 0.6474609375 0.876953125 0.5615234375 0.9052734375 0.501953125 0.8251953125 0.51171875 0.787109375 0.4853515625
0 0.072265625 0.6220703125 0.1328125 0.6396484375 0.12890625 0.5380859375 0.0947265625 0.5234375 0.072265625 0.5341796875 0.072265625 0.6220703125
0 0.8662109375 0.150390625 0.84765625 0.1865234375 0.87109375 0.2548828125 0.865234375 0.3427734375 0.8759765625 0.36328125 0.896484375 0.3662109375 0.921875 0.3505859375 0.90625 0.3037109375 0.91015625 0.2275390625 0.8662109375 0.150390625