0 0.5205078125 0.134765625 0.50390625 0.1474609375 0.521484375 0.1806640625 0.505859375 0.2490234375 0.509765625 0.2763671875 0.53515625 0.2841796875 0.552734375 0.2705078125 0.5625 0.1552734375 0.5556640625 0.138671875 0.5205078125 0.134765625
0 0.609375 0.0869140625 0.6474609375 0.03515625 0.59765625 0.0380859375 0.58203125 0.0634765625 0.609375 0.0869140625
0 0.6552734375 0.146484375 0.61328125 0.1669921875 0.591796875 0.2119140625 0.59375 0.2451171875 0.6259765625 0.21484375 0.755859375 0.1904296875 0.6845703125 0.109375 0.6552734375 0.146484375
0 0.1767578125 0.505859375 0.1328125 0.5341796875 0.11328125 0.5732421875 0.1171875 0.6044921875 0.1806640625 0.638671875 0.2265625 0.6416015625 0.265625 0.6201171875 0.283203125 0.5556640625 0.2548828125 0.509765625 0.1767578125 0.505859375
0 0.3623046875 0.427734375 0.26953125 0.4345703125 0.3095703125 0.46484375 0.3974609375 0.4609375 0.451171875 0.4814453125 0.46875 0.4599609375 0.4541015625 0.447265625 0.3818359375 0.443359375 0.3623046875 0.427734375
0 0.578125 0.4189453125 0.5693359375 0.384765625 0.53125 0.3857421875 0.5302734375 0.357421875 0.5029296875 0.359375 0.470703125 0.4072265625 0.515625 0.4306640625 0.509765625 0.5029296875 0.5234375 0.5068359375 0.546875 0.4443359375 0.576171875 0.4501953125 0.56640625 0.4326171875 0.578125 0.4189453125
0 0.115234375 0.3681640625 0.087890625 0.4560546875 0.1123046875 0.412109375 0.154296875 0.4033203125 0.1474609375 0.373046875 0.115234375 0.3681640625
0 0.2861328125 0.228515625 0.236328125 0.2646484375 0.2890625 0.2822265625 0.2861328125 0.228515625
0 0.5849609375 0.583984375 0.6240234375 0.591796875 0.63671875 0.6123046875 0.67578125 0.5888671875 0.6455078125 0.544921875 0.57421875 0.5517578125 0.5849609375 0.583984375
0 0.2548828125 0.630859375 0.17578125 0.6337890625 0.1943359375 0.66796875 0.2548828125 0.69140625 0.3193359375 0.765625 0.3388671875 0.76171875 0.390625 0.8017578125 0.302734375 0.7001953125 0.302734375 0.6728515625 0.2705078125 0.6640625 0.2548828125 0.630859375
0 0.59375 0.7412109375 0.623046875 0.7646484375 0.62109375 0.7900390625 0.5966796875 0.80859375 0.693359375 0.8232421875 0.744140625 0.7841796875 0.6474609375 0.79296875 0.6416015625 0.73828125 0.59375 0.7412109375