0 0.36328125 0.3251953125 0.41796875 0.3779296875 0.4296875 0.3623046875 0.416015625 0.3232421875 0.3857421875 0.30078125 0.36328125 0.3251953125
0 0.6416015625 0.365234375 0.6025390625 0.353515625 0.5673828125 0.408203125 0.5068359375 0.390625 0.4619140625 0.4140625 0.4267578125 0.41015625 0.38671875 0.4619140625 0.4111328125 0.4921875 0.44140625 0.4970703125 0.5283203125 0.48046875 0.5654296875 0.421875 0.662109375 0.3896484375 0.6416015625 0.365234375
0 0.521484375 0.5205078125 0.5224609375 0.53515625 0.5390625 0.5341796875 0.5947265625 0.517578125 0.59765625 0.4892578125 0.5478515625 0.4765625 0.521484375 0.5205078125
0 0.408203125 0.6083984375 0.4296875 0.5869140625 0.423828125 0.5654296875 0.3681640625 0.56640625 0.408203125 0.6083984375
0 0.2646484375 0.564453125 0.33203125 0.5751953125 0.361328125 0.5654296875 0.3388671875 0.521484375 0.26171875 0.5400390625 0.2646484375 0.564453125
0 0.244140625 0.6123046875 0.2294921875 0.560546875 0.189453125 0.5771484375 0.1904296875 0.595703125 0.244140625 0.6123046875
0 0.1875 0.6923828125 0.224609375 0.6806640625 0.1630859375 0.642578125 0.154296875 0.6806640625 0.1875 0.6923828125
0 0.328125 0.7216796875 0.359375 0.6904296875 0.3037109375 0.63671875 0.283203125 0.6787109375 0.328125 0.7216796875
0 0.34765625 0.7783203125 0.400390625 0.7939453125 0.458984375 0.7587890625 0.435546875 0.7451171875 0.4169921875 0.703125 0.34765625 0.7783203125
0 0.2197265625 0.75 0.1923828125 0.71484375 0.2265625 0.8134765625 0.197265625 0.8564453125 0.236328125 0.8720703125 0.263671875 0.8583984375 0.26953125 0.7744140625 0.2490234375 0.75 0.2197265625 0.75
0 0.6083984375 0.869140625 0.650390625 0.8720703125 0.677734375 0.8544921875 0.6748046875 0.83984375 0.58984375 0.8369140625 0.6083984375 0.869140625
0 0.408203125 0.8857421875 0.419921875 0.8720703125 0.3916015625 0.84765625 0.375 0.8818359375 0.408203125 0.8857421875
0 0.474609375 0.9599609375 0.529296875 0.9404296875 0.4404296875 0.912109375 0.4140625 0.9287109375 0.474609375 0.9599609375
0 0.671875 0.5283203125 0.6748046875 0.544921875 0.7109375 0.5537109375 0.728515625 0.5458984375 0.7158203125 0.515625 0.6923828125 0.51171875 0.671875 0.5283203125
0 0.9306640625 0.57421875 0.892578125 0.5966796875 0.923828125 0.6298828125 0.9306640625 0.57421875
0 0.7548828125 0.69921875 0.8046875 0.7060546875 0.826171875 0.6806640625 0.8017578125 0.658203125 0.734375 0.6708984375 0.7548828125 0.69921875
0 0.5546875 0.2431640625 0.5546875 0.2783203125 0.5634765625 0.2890625 0.6005859375 0.28125 0.611328125 0.2958984375 0.625 0.2353515625 0.5966796875 0.208984375 0.5751953125 0.212890625 0.5546875 0.2431640625
0 0.7919921875 0.638671875 0.818359375 0.6396484375 0.841796875 0.6259765625 0.8349609375 0.609375 0.7890625 0.6220703125 0.7919921875 0.638671875
0 0.7724609375 0.576171875 0.728515625 0.5751953125 0.7578125 0.5966796875 0.7724609375 0.576171875
0 0.666015625 0.1357421875 0.669921875 0.1103515625 0.6435546875 0.109375 0.638671875 0.1279296875 0.666015625 0.1357421875