0 0.5869140625 0.21484375 0.5478515625 0.26953125 0.509765625 0.2841796875 0.5078125 0.3095703125 0.525390625 0.3115234375 0.6455078125 0.291015625 0.689453125 0.2392578125 0.6435546875 0.197265625 0.5869140625 0.21484375
0 0.2177734375 0.423828125 0.2451171875 0.42578125 0.2587890625 0.451171875 0.345703125 0.4677734375 0.3515625 0.4384765625 0.2626953125 0.376953125 0.193359375 0.3935546875 0.2177734375 0.423828125
0 0.419921875 0.3642578125 0.443359375 0.3720703125 0.4931640625 0.3671875 0.501953125 0.3466796875 0.4169921875 0.3359375 0.419921875 0.3642578125
0 0.748046875 0.4287109375 0.6552734375 0.40625 0.5380859375 0.453125 0.52734375 0.4677734375 0.537109375 0.5341796875 0.5859375 0.5517578125 0.623046875 0.5419921875 0.6357421875 0.470703125 0.7392578125 0.4609375 0.748046875 0.4287109375
0 0.763671875 0.5361328125 0.6845703125 0.513671875 0.6640625 0.5283203125 0.6572265625 0.5625 0.6044921875 0.556640625 0.5595703125 0.580078125 0.55859375 0.6337890625 0.541015625 0.6416015625 0.5390625 0.6708984375 0.544921875 0.6962890625 0.564453125 0.7041015625 0.6865234375 0.671875 0.7353515625 0.638671875 0.767578125 0.6044921875 0.763671875 0.5361328125
0 0.8427734375 0.34375 0.783203125 0.3662109375 0.794921875 0.4169921875 0.779296875 0.4580078125 0.833984375 0.4794921875 0.9140625 0.4423828125 0.861328125 0.4033203125 0.861328125 0.3623046875 0.8427734375 0.34375
0 0.41796875 0.5927734375 0.4365234375 0.60546875 0.505859375 0.6103515625 0.515625 0.5927734375 0.4599609375 0.560546875 0.419921875 0.5693359375 0.41796875 0.5927734375
0 0.388671875 0.1279296875 0.3955078125 0.14453125 0.416015625 0.1435546875 0.4755859375 0.11328125 0.482421875 0.0908203125 0.4423828125 0.0859375 0.388671875 0.1279296875
0 0.2783203125 0.208984375 0.314453125 0.2080078125 0.3681640625 0.197265625 0.365234375 0.1650390625 0.271484375 0.1943359375 0.2783203125 0.208984375
0 0.1591796875 0.30078125 0.099609375 0.3544921875 0.091796875 0.3759765625 0.1171875 0.3798828125 0.1474609375 0.375 0.150390625 0.3525390625 0.181640625 0.3349609375 0.1591796875 0.30078125
0 0.0478515625 0.501953125 0.03125 0.5732421875 0.05859375 0.6923828125 0.0703125 0.6708984375 0.06640625 0.5810546875 0.046875 0.5419921875 0.0478515625 0.501953125
0 0.82421875 0.6376953125 0.845703125 0.6455078125 0.8876953125 0.63671875 0.890625 0.6142578125 0.8271484375 0.609375 0.82421875 0.6376953125
0 0.841796875 0.6884765625 0.912109375 0.7041015625 0.927734375 0.6826171875 0.9130859375 0.669921875 0.8525390625 0.673828125 0.841796875 0.6884765625
0 0.173828125 0.5517578125 0.212890625 0.5322265625 0.1826171875 0.505859375 0.130859375 0.5361328125 0.173828125 0.5517578125
0 0.517578125 0.1083984375 0.5390625 0.1201171875 0.609375 0.1005859375 0.5244140625 0.05859375 0.54296875 0.0888671875 0.517578125 0.1083984375