0 0.3828125 0.5517578125 0.466796875 0.5751953125 0.482421875 0.5576171875 0.4736328125 0.505859375 0.4189453125 0.513671875 0.3828125 0.5517578125
0 0.5947265625 0.708984375 0.625 0.6630859375 0.5126953125 0.66796875 0.4501953125 0.6875 0.4423828125 0.708984375 0.4033203125 0.72265625 0.396484375 0.8056640625 0.44921875 0.8095703125 0.458984375 0.7998046875 0.4423828125 0.7578125 0.4853515625 0.7265625 0.5947265625 0.708984375
0 0.865234375 0.8955078125 0.904296875 0.8642578125 0.8505859375 0.849609375 0.814453125 0.8837890625 0.865234375 0.8955078125
0 0.267578125 0.4970703125 0.2509765625 0.451171875 0.2177734375 0.4375 0.19921875 0.4482421875 0.267578125 0.4970703125
0 0.1474609375 0.361328125 0.203125 0.3701171875 0.203125 0.3525390625 0.1689453125 0.33203125 0.109375 0.3173828125 0.1474609375 0.361328125
0 0.126953125 0.0634765625 0.146484375 0.0751953125 0.134765625 0.0966796875 0.185546875 0.1240234375 0.169921875 0.0869140625 0.18359375 0.0478515625 0.1357421875 0.046875 0.126953125 0.0634765625
0 0.359375 0.3603515625 0.37890625 0.3349609375 0.3505859375 0.3203125 0.3359375 0.3427734375 0.359375 0.3603515625
0 0.349609375 0.6103515625 0.3740234375 0.564453125 0.314453125 0.5810546875 0.3271484375 0.609375 0.349609375 0.6103515625
0 0.529296875 0.6279296875 0.544921875 0.6083984375 0.5361328125 0.59375 0.494140625 0.6025390625 0.529296875 0.6279296875
0 0.572265625 0.8271484375 0.595703125 0.7998046875 0.5556640625 0.78515625 0.54296875 0.8154296875 0.572265625 0.8271484375
0 0.4921875 0.2099609375 0.51171875 0.1904296875 0.4814453125 0.177734375 0.474609375 0.1943359375 0.4921875 0.2099609375
0 0.66796875 0.4580078125 0.6669921875 0.375 0.587890625 0.3935546875 0.6123046875 0.42578125 0.66796875 0.4580078125