0 0.125 0.3759765625 0.140625 0.3349609375 0.1025390625 0.318359375 0.087890625 0.3623046875 0.125 0.3759765625
0 0.22265625 0.3642578125 0.251953125 0.3173828125 0.2099609375 0.296875 0.189453125 0.3486328125 0.22265625 0.3642578125
0 0.32421875 0.4638671875 0.345703125 0.4404296875 0.3388671875 0.42578125 0.298828125 0.4423828125 0.32421875 0.4638671875
0 0.4052734375 0.498046875 0.435546875 0.5029296875 0.45703125 0.4951171875 0.4404296875 0.4609375 0.388671875 0.4755859375 0.4052734375 0.498046875
0 0.283203125 0.6884765625 0.34765625 0.7119140625 0.375 0.6923828125 0.3583984375 0.669921875 0.3095703125 0.6640625 0.283203125 0.6884765625
0 0.34765625 0.9013671875 0.380859375 0.9150390625 0.41796875 0.8974609375 0.4150390625 0.876953125 0.3896484375 0.873046875 0.34765625 0.9013671875
0 0.5126953125 0.546875 0.5 0.5712890625 0.52734375 0.5849609375 0.5927734375 0.583984375 0.607421875 0.5673828125 0.5751953125 0.54296875 0.5126953125 0.546875
0 0.6533203125 0.642578125 0.5849609375 0.689453125 0.578125 0.7119140625 0.595703125 0.7236328125 0.6337890625 0.689453125 0.6884765625 0.681640625 0.6875 0.6416015625 0.6533203125 0.642578125
0 0.626953125 0.7880859375 0.6396484375 0.80859375 0.689453125 0.8193359375 0.708984375 0.7978515625 0.7021484375 0.783203125 0.6513671875 0.775390625 0.626953125 0.7880859375
0 0.646484375 0.2841796875 0.654296875 0.3115234375 0.7177734375 0.306640625 0.724609375 0.2861328125 0.6767578125 0.25390625 0.646484375 0.2841796875
0 0.8974609375 0.60546875 0.861328125 0.6279296875 0.908203125 0.6533203125 0.8974609375 0.60546875
0 0.876953125 0.7724609375 0.892578125 0.7744140625 0.927734375 0.7666015625 0.9248046875 0.703125 0.876953125 0.7138671875 0.876953125 0.7724609375
0 0.7529296875 0.919921875 0.78515625 0.9267578125 0.81640625 0.9169921875 0.8115234375 0.8984375 0.748046875 0.9033203125 0.7529296875 0.919921875
0 0.7109375 0.7802734375 0.734375 0.8095703125 0.75390625 0.7763671875 0.7353515625 0.751953125 0.7177734375 0.751953125 0.7109375 0.7802734375
0 0.578125 0.8017578125 0.58984375 0.7802734375 0.5634765625 0.736328125 0.5390625 0.7880859375 0.578125 0.8017578125