0 0.7099609375 0.181640625 0.703125 0.2041015625 0.73046875 0.2470703125 0.765625 0.2568359375 0.826171875 0.2216796875 0.8203125 0.1982421875 0.7587890625 0.169921875 0.7099609375 0.181640625
0 0.4921875 0.2001953125 0.49609375 0.1748046875 0.4423828125 0.1171875 0.400390625 0.1728515625 0.40234375 0.2333984375 0.3818359375 0.234375 0.357421875 0.2763671875 0.3818359375 0.330078125 0.423828125 0.3388671875 0.513671875 0.3212890625 0.5 0.2685546875 0.453125 0.2373046875 0.4921875 0.2001953125
0 0.3876953125 0.45703125 0.359375 0.4814453125 0.36328125 0.5126953125 0.40625 0.5517578125 0.4609375 0.4912109375 0.46484375 0.4697265625 0.4462890625 0.44921875 0.3876953125 0.45703125
0 0.4609375 0.3837890625 0.525390625 0.4248046875 0.5546875 0.3857421875 0.5458984375 0.375 0.5126953125 0.3671875 0.4609375 0.3837890625
0 0.55859375 0.3291015625 0.5625 0.3505859375 0.5888671875 0.369140625 0.658203125 0.3818359375 0.673828125 0.3662109375 0.6162109375 0.34765625 0.5986328125 0.3203125 0.55859375 0.3291015625
0 0.7568359375 0.515625 0.79296875 0.5498046875 0.826171875 0.5126953125 0.7548828125 0.474609375 0.716796875 0.5322265625 0.7568359375 0.515625
0 0.4091796875 0.783203125 0.404296875 0.7724609375 0.5185546875 0.705078125 0.6376953125 0.697265625 0.7255859375 0.658203125 0.740234375 0.6337890625 0.6318359375 0.64453125 0.5498046875 0.626953125 0.4951171875 0.642578125 0.48046875 0.6337890625 0.4794921875 0.587890625 0.4111328125 0.578125 0.271484375 0.7392578125 0.296875 0.7685546875 0.29296875 0.8076171875 0.341796875 0.8173828125 0.3564453125 0.875 0.5537109375 0.849609375 0.5908203125 0.900390625 0.609375 0.9013671875 0.626953125 0.8935546875 0.623046875 0.8798828125 0.4970703125 0.76171875 0.4091796875 0.783203125
0 0.95703125 0.4072265625 0.96484375 0.3564453125 0.9423828125 0.3515625 0.9296875 0.3818359375 0.95703125 0.4072265625
0 0.921875 0.4287109375 0.9375 0.4091796875 0.9248046875 0.400390625 0.9140625 0.4091796875 0.921875 0.4287109375
0 0.9150390625 0.44921875 0.8642578125 0.439453125 0.8505859375 0.421875 0.8203125 0.4306640625 0.8408203125 0.4921875 0.8662109375 0.453125 0.8876953125 0.50390625 0.9384765625 0.486328125 0.94140625 0.5029296875 0.95703125 0.4658203125 0.9521484375 0.404296875 0.943359375 0.4345703125 0.9150390625 0.44921875
0 0.2998046875 0.4453125 0.255859375 0.4365234375 0.251953125 0.4033203125 0.234375 0.3955078125 0.248046875 0.3876953125 0.2333984375 0.380859375 0.1982421875 0.3984375 0.171875 0.4404296875 0.16015625 0.5166015625 0.1982421875 0.55859375 0.25390625 0.5595703125 0.2744140625 0.55859375 0.306640625 0.5166015625 0.310546875 0.4697265625 0.2998046875 0.4453125