0 0.19921875 0.2763671875 0.21875 0.2353515625 0.1826171875 0.224609375 0.162109375 0.2568359375 0.19921875 0.2763671875
0 0.2822265625 0.375 0.2548828125 0.3671875 0.25 0.4072265625 0.23046875 0.4306640625 0.25 0.4384765625 0.2841796875 0.494140625 0.330078125 0.4990234375 0.353515625 0.4892578125 0.36328125 0.4580078125 0.298828125 0.4169921875 0.2822265625 0.375
0 0.599609375 0.7021484375 0.609375 0.6669921875 0.5673828125 0.666015625 0.560546875 0.6962890625 0.599609375 0.7021484375
0 0.6279296875 0.5625 0.5615234375 0.591796875 0.5400390625 0.568359375 0.5166015625 0.591796875 0.5048828125 0.560546875 0.4365234375 0.552734375 0.33984375 0.6123046875 0.3564453125 0.640625 0.3916015625 0.650390625 0.5068359375 0.603515625 0.5283203125 0.626953125 0.5615234375 0.61328125 0.599609375 0.6513671875 0.6435546875 0.63671875 0.658203125 0.6025390625 0.654296875 0.5810546875 0.6279296875 0.5625
0 0.33203125 0.6728515625 0.3369140625 0.697265625 0.275390625 0.6962890625 0.3125 0.7529296875 0.359375 0.7236328125 0.365234375 0.6826171875 0.3466796875 0.66015625 0.33203125 0.6728515625
0 0.6650390625 0.45703125 0.62890625 0.4775390625 0.626953125 0.5185546875 0.69140625 0.5595703125 0.72265625 0.5263671875 0.72265625 0.4951171875 0.6962890625 0.46484375 0.6650390625 0.45703125
0 0.3154296875 0.10546875 0.2509765625 0.095703125 0.23046875 0.0791015625 0.2529296875 0.125 0.3359375 0.1572265625 0.376953125 0.1416015625 0.392578125 0.1220703125 0.3896484375 0.09375 0.3154296875 0.10546875
0 0.33984375 0.2861328125 0.3662109375 0.3203125 0.4052734375 0.310546875 0.443359375 0.3291015625 0.4765625 0.3193359375 0.470703125 0.2900390625 0.3857421875 0.240234375 0.33984375 0.2861328125
0 0.8037109375 0.509765625 0.759765625 0.5185546875 0.76953125 0.5517578125 0.75 0.5576171875 0.7900390625 0.6171875 0.8466796875 0.62890625 0.8779296875 0.658203125 0.8916015625 0.646484375 0.9228515625 0.677734375 0.970703125 0.6943359375 0.966796875 0.6337890625 0.9228515625 0.537109375 0.8623046875 0.55078125 0.8037109375 0.509765625
0 0.767578125 0.3994140625 0.833984375 0.4404296875 0.830078125 0.3642578125 0.7802734375 0.35546875 0.759765625 0.3740234375 0.767578125 0.3994140625
0 0.69140625 0.4189453125 0.76953125 0.5009765625 0.74609375 0.4150390625 0.7294921875 0.400390625 0.6923828125 0.404296875 0.69140625 0.4189453125
0 0.91796875 0.4521484375 0.8857421875 0.44140625 0.865234375 0.4541015625 0.84765625 0.5302734375 0.875 0.5458984375 0.8984375 0.5283203125 0.900390625 0.5029296875 0.91796875 0.5009765625 0.91796875 0.4521484375
0 0.474609375 0.3994140625 0.49609375 0.4189453125 0.533203125 0.3916015625 0.5166015625 0.361328125 0.4970703125 0.365234375 0.474609375 0.3994140625