0 0.6201171875 0.294921875 0.60546875 0.3076171875 0.609375 0.3447265625 0.6279296875 0.373046875 0.642578125 0.3720703125 0.66015625 0.3525390625 0.6640625 0.3095703125 0.6494140625 0.29296875 0.6201171875 0.294921875
0 0.48046875 0.3251953125 0.509765625 0.3466796875 0.5390625 0.3330078125 0.541015625 0.3134765625 0.5068359375 0.263671875 0.48046875 0.3251953125
0 0.4921875 0.2158203125 0.50390625 0.1982421875 0.4814453125 0.17578125 0.46484375 0.1923828125 0.4921875 0.2158203125
0 0.447265625 0.3076171875 0.4482421875 0.271484375 0.400390625 0.2724609375 0.4033203125 0.291015625 0.447265625 0.3076171875
0 0.345703125 0.6083984375 0.361328125 0.6220703125 0.427734375 0.5615234375 0.4130859375 0.525390625 0.349609375 0.5478515625 0.345703125 0.6083984375
0 0.189453125 0.6064453125 0.171875 0.6552734375 0.16796875 0.6923828125 0.19140625 0.7001953125 0.25 0.6865234375 0.23828125 0.6181640625 0.2138671875 0.6015625 0.189453125 0.6064453125
0 0.27734375 0.6591796875 0.330078125 0.6435546875 0.3193359375 0.60546875 0.265625 0.6337890625 0.27734375 0.6591796875
0 0.439453125 0.6572265625 0.458984375 0.6005859375 0.4365234375 0.578125 0.4140625 0.6220703125 0.439453125 0.6572265625
0 0.20703125 0.8115234375 0.2451171875 0.861328125 0.263671875 0.8623046875 0.263671875 0.7978515625 0.296875 0.7705078125 0.2783203125 0.748046875 0.20703125 0.8115234375
0 0.18359375 0.9091796875 0.18359375 0.8642578125 0.1494140625 0.85546875 0.1328125 0.8798828125 0.18359375 0.9091796875
0 0.447265625 0.8017578125 0.4765625 0.8212890625 0.498046875 0.8076171875 0.494140625 0.7783203125 0.4521484375 0.7734375 0.447265625 0.8017578125
0 0.388671875 0.7451171875 0.41015625 0.7509765625 0.4375 0.7236328125 0.4326171875 0.693359375 0.396484375 0.7021484375 0.388671875 0.7451171875
0 0.609375 0.4853515625 0.626953125 0.4619140625 0.5986328125 0.435546875 0.5859375 0.4638671875 0.609375 0.4853515625
0 0.09375 0.5830078125 0.111328125 0.5966796875 0.150390625 0.5888671875 0.1513671875 0.546875 0.109375 0.5419921875 0.09375 0.5830078125
0 0.224609375 0.4384765625 0.23046875 0.4267578125 0.1787109375 0.375 0.1640625 0.4072265625 0.224609375 0.4384765625
0 0.509765625 0.6435546875 0.52734375 0.6513671875 0.576171875 0.6220703125 0.5712890625 0.59375 0.525390625 0.6044921875 0.509765625 0.6435546875
0 0.4453125 0.5244140625 0.470703125 0.5087890625 0.4521484375 0.484375 0.423828125 0.5087890625 0.4453125 0.5244140625
0 0.578125 0.6669921875 0.59375 0.6806640625 0.6640625 0.6630859375 0.6533203125 0.59765625 0.583984375 0.5966796875 0.578125 0.6669921875