0 0.6298828125 0.53125 0.5947265625 0.53125 0.5703125 0.5712890625 0.640625 0.6416015625 0.65625 0.6083984375 0.63671875 0.5732421875 0.642578125 0.5478515625 0.6298828125 0.53125
0 0.6640625 0.6748046875 0.693359375 0.7080078125 0.744140625 0.7294921875 0.76953125 0.6650390625 0.75 0.6298828125 0.6728515625 0.650390625 0.6640625 0.6748046875
0 0.7890625 0.7412109375 0.81640625 0.7529296875 0.837890625 0.6865234375 0.8115234375 0.6640625 0.783203125 0.7021484375 0.7890625 0.7412109375
0 0.16796875 0.4052734375 0.201171875 0.3544921875 0.1455078125 0.33984375 0.130859375 0.3955078125 0.16796875 0.4052734375
0 0.3876953125 0.408203125 0.3271484375 0.419921875 0.3056640625 0.458984375 0.228515625 0.4619140625 0.228515625 0.4873046875 0.2587890625 0.515625 0.287109375 0.5146484375 0.3232421875 0.501953125 0.3408203125 0.466796875 0.388671875 0.4638671875 0.3876953125 0.408203125
0 0.5341796875 0.2578125 0.4833984375 0.248046875 0.44921875 0.2802734375 0.443359375 0.3466796875 0.474609375 0.3642578125 0.5 0.3486328125 0.5087890625 0.318359375 0.546875 0.2998046875 0.5341796875 0.2578125
0 0.2373046875 0.166015625 0.26171875 0.1689453125 0.28125 0.1552734375 0.2685546875 0.126953125 0.234375 0.1494140625 0.2373046875 0.166015625
0 0.302734375 0.2900390625 0.318359375 0.2529296875 0.2783203125 0.251953125 0.275390625 0.2763671875 0.302734375 0.2900390625
0 0.6796875 0.2197265625 0.66796875 0.2412109375 0.705078125 0.2548828125 0.716796875 0.2451171875 0.697265625 0.2119140625 0.6669921875 0.2109375 0.6796875 0.2197265625
0 0.1953125 0.2197265625 0.203125 0.1669921875 0.1728515625 0.154296875 0.162109375 0.2021484375 0.1953125 0.2197265625
0 0.43359375 0.6474609375 0.45703125 0.6669921875 0.482421875 0.6357421875 0.4658203125 0.607421875 0.4423828125 0.60546875 0.43359375 0.6474609375
0 0.5390625 0.4853515625 0.548828125 0.4560546875 0.5146484375 0.453125 0.513671875 0.4814453125 0.5390625 0.4853515625
0 0.4658203125 0.783203125 0.38671875 0.7998046875 0.4375 0.8349609375 0.4658203125 0.783203125
0 0.560546875 0.8154296875 0.568359375 0.7939453125 0.5498046875 0.779296875 0.5390625 0.8076171875 0.560546875 0.8154296875