0 0.173828125 0.2958984375 0.21875 0.3251953125 0.23046875 0.3115234375 0.220703125 0.2548828125 0.1943359375 0.2421875 0.173828125 0.2958984375
0 0.2568359375 0.44140625 0.310546875 0.4541015625 0.337890625 0.4208984375 0.3134765625 0.376953125 0.22265625 0.3798828125 0.2568359375 0.44140625
0 0.37109375 0.2119140625 0.3154296875 0.228515625 0.3046875 0.2490234375 0.361328125 0.2861328125 0.400390625 0.1845703125 0.427734375 0.1611328125 0.3330078125 0.126953125 0.37109375 0.2119140625
0 0.423828125 0.3798828125 0.4345703125 0.404296875 0.4609375 0.4130859375 0.490234375 0.4013671875 0.486328125 0.3583984375 0.4697265625 0.341796875 0.423828125 0.3798828125
0 0.51953125 0.5439453125 0.564453125 0.4736328125 0.5126953125 0.4375 0.486328125 0.5126953125 0.51953125 0.5439453125
0 0.498046875 0.6884765625 0.51953125 0.6337890625 0.4638671875 0.615234375 0.4609375 0.6669921875 0.498046875 0.6884765625
0 0.59375 0.4697265625 0.630859375 0.4716796875 0.650390625 0.4619140625 0.650390625 0.4384765625 0.5869140625 0.4140625 0.59375 0.4697265625
0 0.6953125 0.4443359375 0.7412109375 0.4296875 0.798828125 0.4580078125 0.728515625 0.3505859375 0.6806640625 0.3125 0.673828125 0.3427734375 0.6953125 0.4443359375
0 0.62109375 0.5556640625 0.6591796875 0.595703125 0.68359375 0.5966796875 0.689453125 0.5283203125 0.6611328125 0.515625 0.6240234375 0.529296875 0.62109375 0.5556640625
0 0.6474609375 0.748046875 0.669921875 0.7900390625 0.66796875 0.8330078125 0.7294921875 0.83984375 0.74609375 0.8525390625 0.72265625 0.8681640625 0.736328125 0.8701171875 0.76171875 0.8623046875 0.767578125 0.8193359375 0.7099609375 0.751953125 0.6474609375 0.748046875
0 0.25 0.1728515625 0.267578125 0.1591796875 0.2607421875 0.123046875 0.2265625 0.1455078125 0.25 0.1728515625