0 0.3798828125 0.4765625 0.353515625 0.5068359375 0.4111328125 0.55859375 0.455078125 0.5751953125 0.490234375 0.5498046875 0.4765625 0.5009765625 0.4326171875 0.47265625 0.3798828125 0.4765625
0 0.587890625 0.4326171875 0.55078125 0.4619140625 0.5693359375 0.48828125 0.615234375 0.4990234375 0.638671875 0.4716796875 0.6259765625 0.39453125 0.6005859375 0.400390625 0.587890625 0.4326171875
0 0.638671875 0.6767578125 0.66015625 0.6865234375 0.705078125 0.6591796875 0.7060546875 0.623046875 0.6484375 0.6279296875 0.638671875 0.6767578125
0 0.205078125 0.5673828125 0.2646484375 0.623046875 0.302734375 0.6318359375 0.353515625 0.5986328125 0.2724609375 0.5859375 0.2236328125 0.552734375 0.205078125 0.5673828125
0 0.4091796875 0.279296875 0.486328125 0.2958984375 0.4921875 0.2626953125 0.4541015625 0.236328125 0.400390625 0.2490234375 0.4091796875 0.279296875
0 0.630859375 0.3369140625 0.64453125 0.3056640625 0.6181640625 0.28515625 0.59765625 0.3115234375 0.630859375 0.3369140625
0 0.7578125 0.3134765625 0.791015625 0.2958984375 0.7666015625 0.263671875 0.728515625 0.3037109375 0.7578125 0.3134765625
0 0.853515625 0.5927734375 0.869140625 0.5673828125 0.8427734375 0.552734375 0.82421875 0.5791015625 0.853515625 0.5927734375
0 0.6318359375 0.830078125 0.728515625 0.8603515625 0.6748046875 0.767578125 0.625 0.7685546875 0.609375 0.8076171875 0.6318359375 0.830078125
0 0.5712890625 0.861328125 0.5029296875 0.89453125 0.4189453125 0.85546875 0.349609375 0.8505859375 0.4267578125 0.90234375 0.544921875 0.9443359375 0.5537109375 0.919921875 0.61328125 0.9052734375 0.6005859375 0.87109375 0.5712890625 0.861328125
0 0.0947265625 0.396484375 0.06640625 0.4345703125 0.103515625 0.4404296875 0.1416015625 0.419921875 0.1865234375 0.427734375 0.19921875 0.4130859375 0.0947265625 0.396484375
0 0.54296875 0.1591796875 0.564453125 0.1298828125 0.5322265625 0.1171875 0.5234375 0.1494140625 0.54296875 0.1591796875
0 0.3251953125 0.40625 0.376953125 0.4189453125 0.38671875 0.4052734375 0.3701171875 0.380859375 0.31640625 0.3798828125 0.3251953125 0.40625