0 0.578125 0.6650390625 0.619140625 0.6923828125 0.662109375 0.6611328125 0.646484375 0.6318359375 0.5673828125 0.630859375 0.578125 0.6650390625
0 0.3916015625 0.76171875 0.416015625 0.7685546875 0.443359375 0.7431640625 0.4306640625 0.7109375 0.375 0.7294921875 0.3916015625 0.76171875
0 0.4873046875 0.748046875 0.533203125 0.7490234375 0.546875 0.7392578125 0.5458984375 0.6875 0.48046875 0.7236328125 0.4873046875 0.748046875
0 0.376953125 0.6376953125 0.427734375 0.6689453125 0.443359375 0.6416015625 0.4150390625 0.611328125 0.3798828125 0.609375 0.376953125 0.6376953125
0 0.478515625 0.6337890625 0.5 0.6416015625 0.5234375 0.6240234375 0.5068359375 0.6015625 0.478515625 0.6123046875 0.478515625 0.6337890625
0 0.453125 0.5146484375 0.4765625 0.4990234375 0.4716796875 0.470703125 0.392578125 0.4951171875 0.453125 0.5146484375
0 0.39453125 0.2529296875 0.3232421875 0.201171875 0.2744140625 0.271484375 0.2373046875 0.279296875 0.22265625 0.2998046875 0.2509765625 0.3203125 0.2861328125 0.296875 0.3154296875 0.3359375 0.333984375 0.3369140625 0.37109375 0.3193359375 0.3525390625 0.2890625 0.314453125 0.2802734375 0.39453125 0.2529296875
0 0.419921875 0.2939453125 0.455078125 0.3193359375 0.486328125 0.3037109375 0.4814453125 0.291015625 0.4404296875 0.28125 0.419921875 0.2939453125
0 0.40234375 0.3662109375 0.421875 0.3427734375 0.3916015625 0.330078125 0.3828125 0.3408203125 0.40234375 0.3662109375
0 0.5869140625 0.11328125 0.5625 0.1259765625 0.568359375 0.1513671875 0.5869140625 0.11328125
0 0.5693359375 0.2109375 0.626953125 0.2197265625 0.6650390625 0.216796875 0.677734375 0.1943359375 0.5625 0.1865234375 0.5693359375 0.2109375
0 0.2822265625 0.689453125 0.21875 0.7001953125 0.265625 0.7158203125 0.2822265625 0.689453125
0 0.275390625 0.8623046875 0.2705078125 0.833984375 0.236328125 0.8330078125 0.2333984375 0.8515625 0.275390625 0.8623046875
0 0.30078125 0.9052734375 0.2109375 0.8935546875 0.265625 0.9326171875 0.30078125 0.9052734375
0 0.39453125 0.9033203125 0.40625 0.8701171875 0.3798828125 0.865234375 0.375 0.8994140625 0.39453125 0.9033203125
0 0.333984375 0.8251953125 0.3330078125 0.80078125 0.28515625 0.7841796875 0.2880859375 0.818359375 0.333984375 0.8251953125
0 0.1796875 0.5263671875 0.197265625 0.5029296875 0.1376953125 0.48046875 0.142578125 0.5087890625 0.1796875 0.5263671875
0 0.078125 0.5263671875 0.138671875 0.4697265625 0.140625 0.4521484375 0.1162109375 0.4296875 0.078125 0.5263671875
0 0.6689453125 0.28125 0.703125 0.2822265625 0.732421875 0.2646484375 0.6826171875 0.25390625 0.66015625 0.2666015625 0.6689453125 0.28125
0 0.4140625 0.2314453125 0.423828125 0.2080078125 0.3740234375 0.185546875 0.380859375 0.2158203125 0.4140625 0.2314453125
0 0.84765625 0.3076171875 0.89453125 0.2880859375 0.8681640625 0.263671875 0.8359375 0.3056640625 0.84765625 0.3076171875
0 0.8984375 0.5185546875 0.943359375 0.4912109375 0.8759765625 0.484375 0.873046875 0.5146484375 0.8984375 0.5185546875
0 0.556640625 0.5185546875 0.5625 0.4873046875 0.5244140625 0.470703125 0.51953125 0.5087890625 0.556640625 0.5185546875