0 0.5068359375 0.7421875 0.4521484375 0.740234375 0.3896484375 0.658203125 0.3251953125 0.6328125 0.263671875 0.6689453125 0.3330078125 0.77734375 0.3994140625 0.7734375 0.615234375 0.8037109375 0.62109375 0.7861328125 0.6044921875 0.775390625 0.5400390625 0.767578125 0.5068359375 0.7421875
0 0.8154296875 0.68359375 0.83984375 0.6865234375 0.908203125 0.6220703125 0.9013671875 0.5625 0.81640625 0.6650390625 0.8154296875 0.68359375
0 0.1611328125 0.193359375 0.158203125 0.2138671875 0.1962890625 0.23046875 0.232421875 0.2900390625 0.279296875 0.3212890625 0.302734375 0.3037109375 0.2109375 0.1982421875 0.1962890625 0.18359375 0.1611328125 0.193359375
0 0.2509765625 0.091796875 0.248046875 0.1845703125 0.2294921875 0.19921875 0.203125 0.1884765625 0.30859375 0.2978515625 0.30078125 0.2138671875 0.328125 0.1591796875 0.373046875 0.1318359375 0.2509765625 0.091796875
0 0.49609375 0.4033203125 0.4072265625 0.37109375 0.388671875 0.4013671875 0.498046875 0.4970703125 0.455078125 0.4326171875 0.4580078125 0.41796875 0.4951171875 0.419921875 0.49609375 0.4033203125
0 0.3916015625 0.48046875 0.26171875 0.5517578125 0.314453125 0.5673828125 0.3681640625 0.5234375 0.4169921875 0.521484375 0.41796875 0.4873046875 0.3916015625 0.48046875
0 0.3125 0.3544921875 0.34375 0.3798828125 0.33984375 0.3974609375 0.359375 0.4091796875 0.357421875 0.4345703125 0.3828125 0.4462890625 0.412109375 0.4267578125 0.3369140625 0.345703125 0.3154296875 0.341796875 0.3125 0.3544921875
0 0.60546875 0.5615234375 0.615234375 0.5478515625 0.5927734375 0.54296875 0.587890625 0.5576171875 0.60546875 0.5615234375
0 0.580078125 0.4677734375 0.564453125 0.5029296875 0.615234375 0.5185546875 0.662109375 0.5146484375 0.6572265625 0.455078125 0.5986328125 0.453125 0.580078125 0.4677734375
0 0.091796875 0.4326171875 0.125 0.4150390625 0.0712890625 0.376953125 0.068359375 0.4287109375 0.091796875 0.4326171875
0 0.15625 0.6611328125 0.1328125 0.6162109375 0.146484375 0.5869140625 0.1005859375 0.56640625 0.15625 0.6611328125
0 0.6845703125 0.912109375 0.734375 0.9208984375 0.75 0.9072265625 0.7412109375 0.892578125 0.662109375 0.8896484375 0.6845703125 0.912109375
0 0.890625 0.7744140625 0.888671875 0.8271484375 0.87109375 0.8310546875 0.86328125 0.8701171875 0.8564453125 0.84765625 0.82421875 0.8779296875 0.833984375 0.8935546875 0.818359375 0.9033203125 0.81640625 0.9423828125 0.837890625 0.9599609375 0.88671875 0.9091796875 0.9150390625 0.75 0.876953125 0.7685546875 0.890625 0.7744140625
0 0.2705078125 0.40234375 0.234375 0.4228515625 0.2578125 0.4345703125 0.2705078125 0.40234375
0 0.419921875 0.1748046875 0.44921875 0.1904296875 0.466796875 0.1845703125 0.4580078125 0.140625 0.4306640625 0.14453125 0.419921875 0.1748046875