0 0.3447265625 0.46875 0.3271484375 0.439453125 0.2783203125 0.44140625 0.20703125 0.5283203125 0.228515625 0.5712890625 0.21875 0.5927734375 0.240234375 0.5966796875 0.23046875 0.6298828125 0.263671875 0.7373046875 0.419921875 0.5380859375 0.43359375 0.4853515625 0.4169921875 0.466796875 0.3447265625 0.46875
0 0.6240234375 0.509765625 0.5634765625 0.51171875 0.5263671875 0.5625 0.4658203125 0.51171875 0.4375 0.5341796875 0.4140625 0.5947265625 0.4990234375 0.603515625 0.515625 0.6572265625 0.537109375 0.6611328125 0.56640625 0.6396484375 0.5654296875 0.6015625 0.642578125 0.5751953125 0.6240234375 0.509765625
0 0.6298828125 0.642578125 0.599609375 0.6884765625 0.67578125 0.7275390625 0.697265625 0.6884765625 0.671875 0.6669921875 0.673828125 0.6435546875 0.6298828125 0.642578125
0 0.4033203125 0.76953125 0.3603515625 0.7734375 0.376953125 0.8525390625 0.4296875 0.8818359375 0.4833984375 0.880859375 0.498046875 0.8251953125 0.4443359375 0.818359375 0.4033203125 0.76953125
0 0.1474609375 0.71875 0.126953125 0.7158203125 0.08984375 0.6064453125 0.09765625 0.5634765625 0.0576171875 0.53125 0.04296875 0.6220703125 0.015625 0.6708984375 0.041015625 0.8466796875 0.1484375 0.8896484375 0.171875 0.8427734375 0.16015625 0.8349609375 0.169921875 0.7509765625 0.1474609375 0.71875
0 0.1416015625 0.5390625 0.1611328125 0.521484375 0.2021484375 0.55078125 0.2109375 0.5166015625 0.2626953125 0.451171875 0.322265625 0.4345703125 0.328125 0.3779296875 0.3095703125 0.345703125 0.283203125 0.3388671875 0.2744140625 0.3046875 0.1748046875 0.318359375 0.1484375 0.3779296875 0.09765625 0.4091796875 0.044921875 0.5126953125 0.060546875 0.5830078125 0.0634765625 0.546875 0.1005859375 0.5625 0.1025390625 0.5390625 0.1416015625 0.5390625
0 0.484375 0.3740234375 0.482421875 0.3427734375 0.4609375 0.3095703125 0.455078125 0.2509765625 0.41015625 0.2333984375 0.43359375 0.2158203125 0.4052734375 0.19140625 0.3466796875 0.1796875 0.314453125 0.2060546875 0.248046875 0.3505859375 0.2646484375 0.359375 0.2666015625 0.34375 0.2939453125 0.345703125 0.287109375 0.3583984375 0.326171875 0.3779296875 0.3408203125 0.423828125 0.408203125 0.4287109375 0.3994140625 0.408203125 0.4345703125 0.40625 0.4423828125 0.419921875 0.484375 0.3740234375
0 0.4482421875 0.05859375 0.3935546875 0.109375 0.353515625 0.1201171875 0.375 0.1455078125 0.3798828125 0.18359375 0.431640625 0.1943359375 0.475266971875 0.174233253125 0.5234375 0.0888671875 0.5166015625 0.060546875 0.4482421875 0.05859375
0 0.5224609375 0.166015625 0.484375 0.2041015625 0.515625 0.2626953125 0.533203125 0.2646484375 0.5703125 0.2412109375 0.576171875 0.2158203125 0.5517578125 0.173828125 0.5224609375 0.166015625
0 0.7353515625 0.31640625 0.697265625 0.2900390625 0.712890625 0.2177734375 0.6865234375 0.201171875 0.623046875 0.2783203125 0.6845703125 0.353515625 0.7373046875 0.34765625 0.7763671875 0.375 0.8017578125 0.361328125 0.828125 0.3740234375 0.84765625 0.3017578125 0.8310546875 0.251953125 0.7939453125 0.255859375 0.7353515625 0.31640625
0 0.7998046875 0.05078125 0.7724609375 0.029296875 0.7138671875 0.046875 0.5751953125 0.0390625 0.5390625 0.0693359375 0.5537109375 0.083984375 0.6201171875 0.0625 0.7021484375 0.064453125 0.7783203125 0.08203125 0.845703125 0.1259765625 0.884765625 0.0654296875 0.8740234375 0.044921875 0.8544921875 0.05859375 0.7998046875 0.05078125
0 0.8779296875 0.072265625 0.841796875 0.1298828125 0.845703125 0.1865234375 0.8974609375 0.203125 0.8896484375 0.21875 0.931640625 0.2236328125 0.896484375 0.2998046875 0.9609375 0.3349609375 0.9609375 0.2431640625 0.943359375 0.1904296875 0.9140625 0.1884765625 0.8779296875 0.072265625
0 0.751953125 0.5556640625 0.814453125 0.5302734375 0.7587890625 0.505859375 0.72265625 0.5341796875 0.751953125 0.5556640625
0 0.82421875 0.4033203125 0.86328125 0.4189453125 0.890625 0.4072265625 0.876953125 0.3681640625 0.8232421875 0.373046875 0.82421875 0.4033203125
0 0.505859375 0.4267578125 0.546875 0.4345703125 0.58203125 0.4130859375 0.5751953125 0.388671875 0.5419921875 0.384765625 0.505859375 0.4267578125