0 0.787109375 0.4365234375 0.80859375 0.3994140625 0.7685546875 0.390625 0.744140625 0.4248046875 0.787109375 0.4365234375
0 0.5146484375 0.642578125 0.591796875 0.6806640625 0.6064453125 0.626953125 0.5693359375 0.60546875 0.505859375 0.6220703125 0.5146484375 0.642578125
0 0.12890625 0.4716796875 0.162109375 0.4638671875 0.19140625 0.4111328125 0.1865234375 0.376953125 0.12890625 0.4716796875
0 0.1962890625 0.515625 0.1533203125 0.5 0.14453125 0.5380859375 0.1796875 0.5732421875 0.2431640625 0.546875 0.248046875 0.5166015625 0.2236328125 0.5 0.1962890625 0.515625
0 0.080078125 0.5986328125 0.091796875 0.5986328125 0.119140625 0.5849609375 0.1162109375 0.564453125 0.083984375 0.5673828125 0.080078125 0.5986328125
0 0.0859375 0.6611328125 0.115234375 0.6279296875 0.0791015625 0.609375 0.0703125 0.6552734375 0.0859375 0.6611328125
0 0.083984375 0.7919921875 0.115234375 0.7666015625 0.0810546875 0.728515625 0.068359375 0.7490234375 0.083984375 0.7919921875
0 0.216796875 0.7841796875 0.220703125 0.7666015625 0.2001953125 0.75390625 0.166015625 0.7685546875 0.216796875 0.7841796875
0 0.1982421875 0.84375 0.259765625 0.8466796875 0.265625 0.8232421875 0.2529296875 0.818359375 0.1875 0.8232421875 0.1982421875 0.84375
0 0.3896484375 0.806640625 0.3369140625 0.8046875 0.3310546875 0.7890625 0.328125 0.8115234375 0.3427734375 0.8203125 0.3173828125 0.8203125 0.3017578125 0.802734375 0.2890625 0.8115234375 0.353515625 0.8720703125 0.384765625 0.8662109375 0.388671875 0.8232421875 0.365234375 0.8154296875 0.3896484375 0.806640625
0 0.310546875 0.7373046875 0.3095703125 0.703125 0.267578125 0.7138671875 0.2705078125 0.732421875 0.310546875 0.7373046875
0 0.26953125 0.8076171875 0.294921875 0.8134765625 0.3720703125 0.78125 0.373046875 0.7587890625 0.2861328125 0.7578125 0.26953125 0.8076171875
0 0.341796875 0.6376953125 0.33984375 0.6630859375 0.359375 0.6650390625 0.41015625 0.6337890625 0.3759765625 0.59765625 0.3515625 0.6083984375 0.341796875 0.6376953125
0 0.3740234375 0.40625 0.3349609375 0.419921875 0.326171875 0.4423828125 0.3515625 0.4619140625 0.3701171875 0.4453125 0.4130859375 0.451171875 0.4140625 0.4248046875 0.3740234375 0.40625
0 0.427734375 0.5068359375 0.466796875 0.5166015625 0.5302734375 0.509765625 0.525390625 0.4716796875 0.4365234375 0.4765625 0.427734375 0.5068359375
0 0.611328125 0.5146484375 0.650390625 0.5498046875 0.6640625 0.5400390625 0.65625 0.4990234375 0.6181640625 0.49609375 0.611328125 0.5146484375
0 0.4501953125 0.4765625 0.4609375 0.4931640625 0.447265625 0.5107421875 0.474609375 0.5126953125 0.5283203125 0.5078125 0.53125 0.4697265625 0.5205078125 0.458984375 0.4501953125 0.4765625
0 0.5 0.4013671875 0.4921875 0.4287109375 0.5380859375 0.46484375 0.6328125 0.4892578125 0.6376953125 0.447265625 0.5927734375 0.443359375 0.5673828125 0.40625 0.5 0.4013671875
0 0.455078125 0.3544921875 0.48046875 0.3603515625 0.529296875 0.3388671875 0.5185546875 0.3046875 0.455078125 0.3330078125 0.455078125 0.3544921875
0 0.681640625 0.5751953125 0.705078125 0.5849609375 0.7578125 0.5576171875 0.7451171875 0.544921875 0.7060546875 0.546875 0.681640625 0.5751953125
0 0.80859375 0.5439453125 0.8203125 0.5517578125 0.8623046875 0.54296875 0.86328125 0.5244140625 0.8232421875 0.5234375 0.80859375 0.5439453125
0 0.3701171875 0.201171875 0.322265625 0.2353515625 0.337890625 0.2509765625 0.3701171875 0.201171875
0 0.24609375 0.3193359375 0.2890625 0.2919921875 0.3037109375 0.248046875 0.23046875 0.3173828125 0.24609375 0.3193359375
0 0.529296875 0.2646484375 0.53515625 0.2392578125 0.5087890625 0.234375 0.50390625 0.2470703125 0.529296875 0.2646484375
0 0.5458984375 0.138671875 0.5 0.1533203125 0.53515625 0.1826171875 0.5458984375 0.138671875
0 0.599609375 0.2958984375 0.625 0.2880859375 0.6162109375 0.267578125 0.578125 0.2763671875 0.599609375 0.2958984375
0 0.59765625 0.1552734375 0.6298828125 0.154296875 0.650390625 0.1201171875 0.5947265625 0.12890625 0.59765625 0.1552734375
0 0.703125 0.1435546875 0.7421875 0.1142578125 0.7373046875 0.103515625 0.681640625 0.1123046875 0.703125 0.1435546875