0 0.47265625 0.5458984375 0.490234375 0.5224609375 0.4658203125 0.51171875 0.451171875 0.5361328125 0.47265625 0.5458984375
0 0.40234375 0.4736328125 0.4248046875 0.498046875 0.474609375 0.4990234375 0.49609375 0.4873046875 0.4775390625 0.455078125 0.404296875 0.4541015625 0.40234375 0.4736328125
0 0.5712890625 0.517578125 0.52734375 0.5498046875 0.51953125 0.5771484375 0.5322265625 0.603515625 0.6328125 0.6357421875 0.646484375 0.6279296875 0.64453125 0.5927734375 0.6201171875 0.533203125 0.5712890625 0.517578125
0 0.255859375 0.5751953125 0.25390625 0.6181640625 0.275390625 0.6474609375 0.28515625 0.5966796875 0.3251953125 0.583984375 0.3251953125 0.55859375 0.255859375 0.5751953125
0 0.35546875 0.7119140625 0.375 0.6982421875 0.3701171875 0.666015625 0.326171875 0.6787109375 0.35546875 0.7119140625
0 0.4580078125 0.703125 0.43359375 0.7431640625 0.560546875 0.7666015625 0.580078125 0.7197265625 0.5615234375 0.6953125 0.5087890625 0.72265625 0.4580078125 0.703125
0 0.4111328125 0.267578125 0.396484375 0.2841796875 0.400390625 0.3076171875 0.4375 0.3291015625 0.4814453125 0.32421875 0.484375 0.2939453125 0.4404296875 0.265625 0.4111328125 0.267578125
0 0.4921875 0.1416015625 0.501953125 0.1044921875 0.4658203125 0.091796875 0.4609375 0.1259765625 0.4921875 0.1416015625
0 0.6474609375 0.265625 0.685546875 0.2783203125 0.73046875 0.2470703125 0.6337890625 0.16796875 0.634765625 0.2783203125 0.6474609375 0.265625
0 0.642578125 0.4677734375 0.6953125 0.4912109375 0.703125 0.4482421875 0.669921875 0.3818359375 0.6494140625 0.376953125 0.642578125 0.4677734375
0 0.767578125 0.6318359375 0.814453125 0.6591796875 0.814453125 0.5869140625 0.7900390625 0.576171875 0.76953125 0.5927734375 0.767578125 0.6318359375
0 0.8349609375 0.732421875 0.828125 0.7822265625 0.888671875 0.7978515625 0.921875 0.7841796875 0.90625 0.7568359375 0.8720703125 0.73046875 0.8349609375 0.732421875
0 0.953125 0.8427734375 0.9287109375 0.880859375 0.8994140625 0.890625 0.8818359375 0.890625 0.8642578125 0.85546875 0.8388671875 0.859375 0.8212890625 0.90625 0.7470703125 0.939453125 0.716796875 0.9697265625 0.748046875 0.9736328125 0.8564453125 0.9609375 0.9208984375 0.935546875 0.947265625 0.9013671875 0.953125 0.8427734375
0 0.8818359375 0.46875 0.8525390625 0.453125 0.83984375 0.4951171875 0.8828125 0.5498046875 0.9140625 0.5283203125 0.91015625 0.4970703125 0.8916015625 0.451171875 0.8818359375 0.46875