0 0.7421875 0.1201171875 0.712890625 0.1025390625 0.708984375 0.0732421875 0.6318359375 0.0390625 0.5400390625 0.03515625 0.482421875 0.1123046875 0.505859375 0.1787109375 0.421875 0.2529296875 0.5439453125 0.318359375 0.5732421875 0.2734375 0.6337890625 0.2578125 0.810546875 0.3251953125 0.853515625 0.2373046875 0.73828125 0.1845703125 0.728515625 0.1591796875 0.7421875 0.1201171875
0 0.5537109375 0.642578125 0.451171875 0.6748046875 0.46484375 0.7216796875 0.517578125 0.7470703125 0.5400390625 0.7265625 0.591796875 0.7275390625 0.591796875 0.6884765625 0.5537109375 0.642578125
0 0.6875 0.4384765625 0.671875 0.4306640625 0.7119140625 0.42578125 0.713451628125 0.4350066484375 0.71875 0.4228515625 0.6875 0.4208984375 0.7021484375 0.408203125 0.6767578125 0.421875 0.6748046875 0.40625 0.6279296875 0.419921875 0.626953125 0.3779296875 0.6142578125 0.40625 0.5908203125 0.326171875 0.572265625 0.3291015625 0.5751953125 0.345703125 0.4970703125 0.330078125 0.470703125 0.3623046875 0.5869140625 0.431640625 0.591796875 0.4619140625 0.5791015625 0.517578125 0.5517578125 0.5 0.5009765625 0.5 0.484375 0.5302734375 0.521484375 0.5693359375 0.47265625 0.5810546875 0.5029296875 0.60546875 0.625 0.6123046875 0.650390625 0.5927734375 0.6123046875 0.56640625 0.751953125 0.5361328125 0.7177734375 0.50390625 0.650390625 0.4970703125 0.685546875 0.4658203125 0.6875 0.4384765625
0 0.75390625 0.3779296875 0.7734375 0.3916015625 0.7548828125 0.423828125 0.8046875 0.4248046875 0.853515625 0.3916015625 0.8447265625 0.34375 0.8056640625 0.337890625 0.75390625 0.3779296875
0 0.7861328125 0.6875 0.84375 0.6865234375 0.873046875 0.6279296875 0.8623046875 0.59375 0.779296875 0.6298828125 0.7861328125 0.6875
0 0.8193359375 0.44921875 0.80859375 0.4599609375 0.79296875 0.5341796875 0.8203125 0.5400390625 0.890625 0.5185546875 0.90234375 0.4931640625 0.8896484375 0.453125 0.8193359375 0.44921875
0 0.1943359375 0.43359375 0.1484375 0.4521484375 0.1669921875 0.501953125 0.2265625 0.5146484375 0.2509765625 0.5078125 0.271484375 0.4775390625 0.2666015625 0.443359375 0.1943359375 0.43359375
0 0.1611328125 0.30859375 0.2265625 0.3076171875 0.232421875 0.2802734375 0.1982421875 0.25390625 0.16015625 0.2978515625 0.1611328125 0.30859375
0 0.3173828125 0.611328125 0.2470703125 0.611328125 0.1826171875 0.634765625 0.1259765625 0.580078125 0.080078125 0.6357421875 0.1396484375 0.677734375 0.181640625 0.6787109375 0.2236328125 0.662109375 0.3291015625 0.662109375 0.345703125 0.6337890625 0.3173828125 0.611328125
0 0.294921875 0.7373046875 0.4140625 0.7900390625 0.423828125 0.7548828125 0.3974609375 0.7265625 0.3271484375 0.71484375 0.294921875 0.7373046875
0 0.490234375 0.7373046875 0.591796875 0.7880859375 0.595703125 0.7216796875 0.578125 0.6689453125 0.5009765625 0.6875 0.490234375 0.7373046875