0 0.5166015625 0.662109375 0.4638671875 0.640625 0.455078125 0.6201171875 0.484375 0.5849609375 0.4462890625 0.5625 0.376953125 0.5869140625 0.400390625 0.6318359375 0.322265625 0.6962890625 0.3447265625 0.716796875 0.4306640625 0.7421875 0.611328125 0.7646484375 0.625 0.7392578125 0.595703125 0.6826171875 0.5751953125 0.662109375 0.5166015625 0.662109375
0 0.6337890625 0.419921875 0.60546875 0.4775390625 0.703125 0.5185546875 0.7646484375 0.478515625 0.7890625 0.4404296875 0.6904296875 0.408203125 0.6337890625 0.419921875
0 0.638671875 0.6357421875 0.640625 0.6552734375 0.669921875 0.6708984375 0.748046875 0.5986328125 0.7470703125 0.572265625 0.6748046875 0.6015625 0.638671875 0.6357421875
0 0.0908203125 0.486328125 0.0625 0.4716796875 0.0703125 0.5810546875 0.109375 0.5634765625 0.12890625 0.5087890625 0.1005859375 0.46875 0.0908203125 0.486328125
0 0.2197265625 0.68359375 0.240234375 0.6845703125 0.25390625 0.6728515625 0.2158203125 0.634765625 0.1875 0.6416015625 0.2197265625 0.68359375
0 0.279296875 0.4228515625 0.2861328125 0.44140625 0.314453125 0.4443359375 0.3681640625 0.44140625 0.373046875 0.4150390625 0.3388671875 0.39453125 0.279296875 0.4228515625
0 0.333984375 0.0595703125 0.3095703125 0.041015625 0.2421875 0.0556640625 0.208984375 0.1220703125 0.224609375 0.1259765625 0.2265625 0.1533203125 0.193359375 0.1826171875 0.22265625 0.2529296875 0.2734375 0.2880859375 0.3203125 0.2236328125 0.28125 0.0751953125 0.2939453125 0.05078125 0.333984375 0.0595703125
0 0.3642578125 0.015625 0.29296875 0.0341796875 0.36328125 0.0634765625 0.3642578125 0.015625
0 0.4423828125 0.267578125 0.419921875 0.3095703125 0.4990234375 0.296875 0.513671875 0.2529296875 0.4755859375 0.25 0.4423828125 0.267578125
0 0.7275390625 0.333984375 0.693359375 0.3330078125 0.7060546875 0.390625 0.76171875 0.3955078125 0.810546875 0.3583984375 0.80859375 0.3173828125 0.7841796875 0.302734375 0.7275390625 0.333984375
0 0.3115234375 0.7109375 0.27734375 0.7373046875 0.28515625 0.7490234375 0.3115234375 0.7109375
0 0.4404296875 0.169921875 0.484375 0.1708984375 0.4736328125 0.1328125 0.4501953125 0.119140625 0.427734375 0.1279296875 0.4404296875 0.169921875