0 0.14453125 0.0908203125 0.11328125 0.0771484375 0.1044921875 0.046875 0.0263671875 0.046875 0.068359375 0.1416015625 0.1015625 0.1533203125 0.1201171875 0.126953125 0.1357421875 0.134765625 0.150390625 0.1220703125 0.14453125 0.0908203125
0 0.189453125 0.3349609375 0.21875 0.3564453125 0.232421875 0.3427734375 0.2265625 0.3193359375 0.1376953125 0.248046875 0.189453125 0.3349609375
0 0.2978515625 0.26953125 0.31640625 0.2705078125 0.33203125 0.2333984375 0.3017578125 0.21484375 0.279296875 0.2431640625 0.2978515625 0.26953125
0 0.318359375 0.4052734375 0.314453125 0.3583984375 0.2802734375 0.333984375 0.271484375 0.3681640625 0.318359375 0.4052734375
0 0.205078125 0.4677734375 0.20703125 0.4130859375 0.1728515625 0.388671875 0.1640625 0.3955078125 0.205078125 0.4677734375
0 0.5322265625 0.498046875 0.5068359375 0.517578125 0.4970703125 0.494140625 0.4697265625 0.484375 0.4443359375 0.51953125 0.4072265625 0.515625 0.3828125 0.5341796875 0.4091796875 0.5625 0.4462890625 0.560546875 0.4619140625 0.59765625 0.4951171875 0.591796875 0.505859375 0.5556640625 0.5224609375 0.55078125 0.537109375 0.5732421875 0.53125 0.6083984375 0.5625 0.6318359375 0.595703125 0.6181640625 0.59375 0.5458984375 0.5712890625 0.5 0.5322265625 0.498046875
0 0.4658203125 0.193359375 0.4453125 0.2646484375 0.462890625 0.2685546875 0.4658203125 0.294921875 0.49609375 0.2958984375 0.517578125 0.2783203125 0.52734375 0.2353515625 0.4970703125 0.201171875 0.4658203125 0.193359375
0 0.50390625 0.4755859375 0.544921875 0.4267578125 0.5322265625 0.390625 0.48046875 0.4130859375 0.50390625 0.4755859375
0 0.60546875 0.4482421875 0.6484375 0.4091796875 0.6279296875 0.369140625 0.595703125 0.4013671875 0.60546875 0.4482421875
0 0.6298828125 0.64453125 0.65625 0.6494140625 0.685546875 0.6025390625 0.6767578125 0.576171875 0.61328125 0.6142578125 0.6298828125 0.64453125
0 0.73046875 0.6123046875 0.767578125 0.6298828125 0.78125 0.6220703125 0.771484375 0.5869140625 0.7353515625 0.583984375 0.73046875 0.6123046875
0 0.66796875 0.7802734375 0.67578125 0.7529296875 0.6494140625 0.73046875 0.638671875 0.7646484375 0.66796875 0.7802734375
0 0.720703125 0.8623046875 0.734375 0.8955078125 0.78515625 0.8759765625 0.7685546875 0.833984375 0.7451171875 0.83203125 0.720703125 0.8623046875
0 0.609375 0.8916015625 0.6328125 0.9150390625 0.697265625 0.8740234375 0.6865234375 0.826171875 0.60546875 0.8564453125 0.609375 0.8916015625
0 0.8935546875 0.66015625 0.826171875 0.7412109375 0.830078125 0.8251953125 0.87109375 0.8466796875 0.87109375 0.8232421875 0.91796875 0.7861328125 0.89453125 0.7216796875 0.8935546875 0.66015625