0 0.47265625 0.3115234375 0.4501953125 0.240234375 0.3984375 0.2451171875 0.3818359375 0.29296875 0.47265625 0.3115234375
0 0.5859375 0.3701171875 0.642578125 0.3896484375 0.697265625 0.3623046875 0.6279296875 0.337890625 0.6142578125 0.30859375 0.5859375 0.3701171875
0 0.314453125 0.4501953125 0.3212890625 0.470703125 0.4453125 0.4912109375 0.49609375 0.4638671875 0.4169921875 0.451171875 0.3740234375 0.416015625 0.314453125 0.4501953125
0 0.48046875 0.6591796875 0.486328125 0.6806640625 0.521484375 0.7060546875 0.59765625 0.6650390625 0.5517578125 0.638671875 0.4970703125 0.642578125 0.48046875 0.6591796875
0 0.33984375 0.5419921875 0.396484375 0.5693359375 0.4140625 0.5615234375 0.4296875 0.5166015625 0.3544921875 0.515625 0.33984375 0.5419921875
0 0.185546875 0.4521484375 0.232421875 0.4228515625 0.1552734375 0.3984375 0.150390625 0.4482421875 0.185546875 0.4521484375
0 0.24609375 0.3310546875 0.2451171875 0.302734375 0.1923828125 0.28125 0.162109375 0.3095703125 0.24609375 0.3310546875
0 0.2705078125 0.794921875 0.251953125 0.8427734375 0.306640625 0.8505859375 0.3740234375 0.841796875 0.384765625 0.8056640625 0.3505859375 0.787109375 0.2705078125 0.794921875
0 0.3818359375 0.76171875 0.412109375 0.7666015625 0.421875 0.7509765625 0.4091796875 0.73046875 0.359375 0.7353515625 0.3818359375 0.76171875
0 0.451171875 0.8291015625 0.474609375 0.8017578125 0.4423828125 0.78515625 0.423828125 0.8076171875 0.451171875 0.8291015625
0 0.458984375 0.8916015625 0.46484375 0.8642578125 0.4248046875 0.83984375 0.40625 0.8740234375 0.458984375 0.8916015625
0 0.61328125 0.8623046875 0.666015625 0.8759765625 0.68359375 0.8642578125 0.6689453125 0.841796875 0.6298828125 0.84375 0.61328125 0.8623046875
0 0.1904296875 0.53515625 0.173828125 0.5478515625 0.173828125 0.5771484375 0.23046875 0.6240234375 0.251953125 0.6142578125 0.248046875 0.5810546875 0.2216796875 0.544921875 0.1904296875 0.53515625
0 0.083984375 0.6416015625 0.0673828125 0.619140625 0.0517578125 0.62109375 0.046875 0.6650390625 0.076171875 0.7470703125 0.142578125 0.8017578125 0.1171875 0.7607421875 0.1171875 0.6943359375 0.0703125 0.6669921875 0.083984375 0.6416015625
0 0.8984375 0.3544921875 0.912109375 0.3369140625 0.8916015625 0.322265625 0.876953125 0.3408203125 0.8984375 0.3544921875