0 0.5087890625 0.078125 0.4609375 0.1201171875 0.4794921875 0.158203125 0.529296875 0.1630859375 0.560546875 0.1435546875 0.576171875 0.1103515625 0.5595703125 0.078125 0.5087890625 0.078125
0 0.21484375 0.4189453125 0.212890625 0.4384765625 0.2392578125 0.462890625 0.28125 0.4677734375 0.296875 0.4580078125 0.2919921875 0.412109375 0.2392578125 0.404296875 0.21484375 0.4189453125
0 0.5634765625 0.474609375 0.564453125 0.5126953125 0.580078125 0.5146484375 0.6357421875 0.494140625 0.69140625 0.4423828125 0.6591796875 0.435546875 0.5634765625 0.474609375
0 0.4228515625 0.267578125 0.46875 0.2744140625 0.498046875 0.2626953125 0.4951171875 0.236328125 0.419921875 0.2431640625 0.4228515625 0.267578125
0 0.203125 0.2548828125 0.234375 0.2763671875 0.25 0.2646484375 0.248046875 0.2392578125 0.2060546875 0.212890625 0.203125 0.2548828125
0 0.4140625 0.3408203125 0.3818359375 0.283203125 0.3271484375 0.28125 0.3125 0.2958984375 0.326171875 0.3583984375 0.349609375 0.3720703125 0.3759765625 0.365234375 0.3837890625 0.34375 0.3955078125 0.359375 0.4140625 0.3408203125
0 0.451171875 0.6162109375 0.4638671875 0.642578125 0.5625 0.6474609375 0.57421875 0.6376953125 0.564453125 0.6064453125 0.5087890625 0.58203125 0.451171875 0.6162109375
0 0.3564453125 0.84765625 0.310546875 0.8779296875 0.34765625 0.9033203125 0.3642578125 0.87890625 0.4345703125 0.861328125 0.4375 0.8427734375 0.3564453125 0.84765625
0 0.876953125 0.8017578125 0.880859375 0.7744140625 0.8447265625 0.751953125 0.8046875 0.7705078125 0.8115234375 0.7890625 0.75390625 0.7998046875 0.744140625 0.8271484375 0.7568359375 0.849609375 0.8056640625 0.837890625 0.8359375 0.8466796875 0.8272274140625001 0.874745515625 0.8466796875 0.869140625 0.89453125 0.8291015625 0.908203125 0.7978515625 0.8955078125 0.751953125 0.8955078125 0.8046875 0.876953125 0.8017578125
0 0.169921875 0.2294921875 0.1708984375 0.162109375 0.072265625 0.3095703125 0.060546875 0.4169921875 0.0712890625 0.3984375 0.1015625 0.4091796875 0.126953125 0.2802734375 0.169921875 0.2294921875
0 0.134765625 0.3408203125 0.1640625 0.3564453125 0.1875 0.3330078125 0.185546875 0.3154296875 0.1337890625 0.3125 0.134765625 0.3408203125
0 0.625 0.1201171875 0.6279296875 0.13671875 0.662109375 0.1396484375 0.69921875 0.1220703125 0.6708984375 0.056640625 0.65234375 0.1025390625 0.625 0.1201171875
0 0.822265625 0.5009765625 0.833984375 0.4580078125 0.7880859375 0.455078125 0.796875 0.4951171875 0.822265625 0.5009765625
0 0.091796875 0.6748046875 0.1171875 0.6865234375 0.12890625 0.6767578125 0.1220703125 0.638671875 0.09765625 0.6513671875 0.091796875 0.6748046875
0 0.3251953125 0.59375 0.359375 0.5927734375 0.3671875 0.5751953125 0.3544921875 0.564453125 0.31640625 0.5751953125 0.3251953125 0.59375
0 0.49609375 0.7333984375 0.54296875 0.7470703125 0.5625 0.7392578125 0.560546875 0.7255859375 0.5009765625 0.6875 0.49609375 0.7333984375
0 0.826171875 0.4990234375 0.833984375 0.4580078125 0.7880859375 0.455078125 0.798828125 0.4970703125 0.826171875 0.4990234375