0 0.09375 0.5322265625 0.1669921875 0.509765625 0.171875 0.4775390625 0.1298828125 0.47265625 0.09375 0.5322265625
0 0.4765625 0.5107421875 0.4921875 0.4990234375 0.4775390625 0.490234375 0.4951171875 0.484375 0.5009765625 0.501953125 0.5166015625 0.5 0.5078125 0.4853515625 0.53515625 0.4716796875 0.53125 0.4443359375 0.5078125 0.4267578125 0.53125 0.4052734375 0.52734375 0.3369140625 0.5107421875 0.3125 0.4658203125 0.3046875 0.3701171875 0.353515625 0.2978515625 0.35546875 0.28125 0.3701171875 0.28515625 0.4755859375 0.3564453125 0.560546875 0.39453125 0.5830078125 0.4462890625 0.5234375 0.4716796875 0.53125 0.490234375 0.5146484375 0.4765625 0.5107421875
0 0.39453125 0.5888671875 0.412109375 0.5498046875 0.3779296875 0.50390625 0.345703125 0.5263671875 0.3515625 0.5556640625 0.30078125 0.5927734375 0.32421875 0.6103515625 0.31640625 0.6220703125 0.34375 0.6435546875 0.3515625 0.6748046875 0.435546875 0.6474609375 0.41015625 0.6142578125 0.421875 0.6064453125 0.39453125 0.5888671875
0 0.548828125 0.7177734375 0.546875 0.7509765625 0.5595703125 0.767578125 0.58984375 0.7685546875 0.66796875 0.7392578125 0.6376953125 0.712890625 0.5693359375 0.69140625 0.548828125 0.7177734375
0 0.5693359375 0.609375 0.60546875 0.6123046875 0.623046875 0.6025390625 0.6025390625 0.578125 0.5625 0.5947265625 0.5693359375 0.609375
0 0.7021484375 0.501953125 0.724609375 0.5029296875 0.759765625 0.4794921875 0.7666015625 0.43359375 0.677734375 0.4580078125 0.7021484375 0.501953125
0 0.7041015625 0.2734375 0.740234375 0.2763671875 0.78515625 0.2529296875 0.7392578125 0.23828125 0.697265625 0.2587890625 0.7041015625 0.2734375
0 0.65625 0.3310546875 0.69140625 0.3466796875 0.71484375 0.3388671875 0.7138671875 0.30078125 0.6728515625 0.30859375 0.65625 0.3310546875
0 0.6767578125 0.166015625 0.6533203125 0.1640625 0.611328125 0.2001953125 0.623046875 0.2080078125 0.75390625 0.1748046875 0.7333984375 0.162109375 0.6826171875 0.181640625 0.6767578125 0.166015625
0 0.380859375 0.2568359375 0.39453125 0.2470703125 0.3896484375 0.220703125 0.326171875 0.2548828125 0.380859375 0.2568359375
0 0.56640625 0.1357421875 0.5146484375 0.15625 0.517578125 0.1689453125 0.56640625 0.1357421875
0 0.8642578125 0.33984375 0.814453125 0.3525390625 0.8671875 0.3681640625 0.8642578125 0.33984375
0 0.80859375 0.4013671875 0.8203125 0.3857421875 0.7978515625 0.375 0.7890625 0.3896484375 0.80859375 0.4013671875
0 0.1982421875 0.83984375 0.18359375 0.8525390625 0.189453125 0.9013671875 0.220703125 0.9072265625 0.234375 0.8779296875 0.203125 0.8720703125 0.21875 0.8427734375 0.1982421875 0.83984375
0 0.63671875 0.8466796875 0.69140625 0.8154296875 0.6298828125 0.806640625 0.625 0.8447265625 0.63671875 0.8466796875
0 0.798828125 0.7216796875 0.828125 0.6865234375 0.8388671875 0.615234375 0.80078125 0.6318359375 0.798828125 0.7216796875