0 0.6748046875 0.322265625 0.62890625 0.3271484375 0.7001953125 0.36328125 0.7392578125 0.408203125 0.763671875 0.4091796875 0.783203125 0.3974609375 0.7783203125 0.3515625 0.6982421875 0.33984375 0.6748046875 0.322265625
0 0.71484375 0.5009765625 0.732421875 0.4931640625 0.7158203125 0.470703125 0.671875 0.4833984375 0.71484375 0.5009765625
0 0.576171875 0.4970703125 0.61328125 0.4990234375 0.65234375 0.4736328125 0.6259765625 0.45703125 0.5888671875 0.46484375 0.576171875 0.4970703125
0 0.84375 0.3466796875 0.841796875 0.3974609375 0.888671875 0.4130859375 0.9140625 0.3857421875 0.875 0.3681640625 0.8603515625 0.330078125 0.84375 0.3466796875
0 0.2587890625 0.54296875 0.2822265625 0.53125 0.3515625 0.5634765625 0.373046875 0.5556640625 0.3427734375 0.513671875 0.248046875 0.5283203125 0.2587890625 0.54296875
0 0.126953125 0.4013671875 0.125 0.4248046875 0.19140625 0.4599609375 0.203125 0.4326171875 0.1875 0.3837890625 0.1552734375 0.373046875 0.126953125 0.4013671875
0 0.1201171875 0.58203125 0.1015625 0.6025390625 0.09375 0.6923828125 0.107421875 0.7314453125 0.08984375 0.7607421875 0.1123046875 0.751953125 0.1494140625 0.78125 0.185546875 0.7861328125 0.18359375 0.7490234375 0.201171875 0.7236328125 0.19140625 0.6708984375 0.1201171875 0.58203125
0 0.0439453125 0.515625 0.03125 0.6005859375 0.05078125 0.6708984375 0.0625 0.6552734375 0.0546875 0.5947265625 0.078125 0.5498046875 0.0439453125 0.515625
0 0.3203125 0.8056640625 0.3427734375 0.83984375 0.388671875 0.8427734375 0.3984375 0.8330078125 0.3642578125 0.783203125 0.3388671875 0.78515625 0.3203125 0.8056640625
0 0.375 0.7392578125 0.44921875 0.7685546875 0.462890625 0.7568359375 0.4541015625 0.74609375 0.3994140625 0.73046875 0.375 0.7392578125
0 0.466796875 0.8583984375 0.466796875 0.8173828125 0.4248046875 0.802734375 0.421875 0.8212890625 0.466796875 0.8583984375
0 0.4912109375 0.82421875 0.5390625 0.8232421875 0.54296875 0.8037109375 0.5224609375 0.78125 0.474609375 0.7939453125 0.4912109375 0.82421875
0 0.6337890625 0.779296875 0.681640625 0.7939453125 0.69921875 0.7841796875 0.6865234375 0.767578125 0.625 0.7626953125 0.6337890625 0.779296875
0 0.9326171875 0.6875 0.873046875 0.7041015625 0.904296875 0.7333984375 0.9326171875 0.6875
0 0.4462890625 0.94140625 0.4765625 0.9404296875 0.490234375 0.9345703125 0.4775390625 0.9140625 0.423828125 0.9111328125 0.4462890625 0.94140625
0 0.798828125 0.7998046875 0.810546875 0.7822265625 0.7705078125 0.75390625 0.765625 0.7783203125 0.798828125 0.7998046875
0 0.3759765625 0.67578125 0.345703125 0.6962890625 0.359375 0.7119140625 0.3759765625 0.67578125