0 0.0849609375 0.58984375 0.0732421875 0.62109375 0.0595703125 0.603515625 0.099609375 0.7158203125 0.146484375 0.7294921875 0.19140625 0.6611328125 0.15625 0.6376953125 0.1318359375 0.595703125 0.0849609375 0.58984375
0 0.498046875 0.4990234375 0.4423828125 0.38671875 0.396484375 0.4091796875 0.44140625 0.4404296875 0.41015625 0.4638671875 0.412109375 0.5263671875 0.376953125 0.5595703125 0.46484375 0.5830078125 0.48046875 0.5498046875 0.45703125 0.5283203125 0.4892578125 0.521484375 0.498046875 0.4990234375
0 0.6572265625 0.4765625 0.70703125 0.4814453125 0.728515625 0.4111328125 0.6650390625 0.392578125 0.638671875 0.4599609375 0.6572265625 0.4765625
0 0.5146484375 0.40625 0.49609375 0.4287109375 0.5263671875 0.46484375 0.560546875 0.4755859375 0.5625 0.4501953125 0.54296875 0.4443359375 0.5546875 0.4169921875 0.5146484375 0.40625
0 0.70703125 0.5966796875 0.7109375 0.6376953125 0.734375 0.6396484375 0.779296875 0.6201171875 0.7783203125 0.59375 0.7529296875 0.583984375 0.70703125 0.5966796875
0 0.9365234375 0.64453125 0.859375 0.6552734375 0.931640625 0.6748046875 0.9365234375 0.64453125
0 0.4033203125 0.626953125 0.357421875 0.6318359375 0.388671875 0.6572265625 0.390625 0.6865234375 0.3583984375 0.693359375 0.345703125 0.7158203125 0.37890625 0.7294921875 0.396484375 0.6943359375 0.42578125 0.6806640625 0.421875 0.6435546875 0.4033203125 0.626953125
0 0.5537109375 0.708984375 0.595703125 0.7119140625 0.623046875 0.6943359375 0.6220703125 0.677734375 0.533203125 0.6904296875 0.5537109375 0.708984375
0 0.3154296875 0.37109375 0.2685546875 0.376953125 0.2626953125 0.33984375 0.2001953125 0.3125 0.2119140625 0.34375 0.259765625 0.3701171875 0.232421875 0.3779296875 0.23046875 0.4033203125 0.26953125 0.4130859375 0.2939453125 0.39453125 0.3466796875 0.404296875 0.349609375 0.3935546875 0.3154296875 0.37109375
0 0.474609375 0.3505859375 0.4794921875 0.3203125 0.435546875 0.3232421875 0.4423828125 0.34375 0.474609375 0.3505859375
0 0.2607421875 0.080078125 0.228515625 0.0947265625 0.279296875 0.1181640625 0.2607421875 0.080078125
0 0.392578125 0.0849609375 0.376953125 0.1123046875 0.40234375 0.1318359375 0.404296875 0.0732421875 0.3837890625 0.056640625 0.359375 0.0693359375 0.392578125 0.0849609375
0 0.1640625 0.4697265625 0.1796875 0.4560546875 0.1572265625 0.447265625 0.119140625 0.4658203125 0.1640625 0.4697265625
0 0.1552734375 0.591796875 0.189453125 0.5947265625 0.205078125 0.5869140625 0.2001953125 0.568359375 0.146484375 0.5673828125 0.1552734375 0.591796875
0 0.20703125 0.6572265625 0.22265625 0.6943359375 0.251953125 0.6884765625 0.234375 0.6728515625 0.2412109375 0.65234375 0.20703125 0.6572265625
0 0.30859375 0.7900390625 0.3203125 0.7607421875 0.2939453125 0.75 0.275390625 0.7763671875 0.30859375 0.7900390625
0 0.734375 0.7646484375 0.748046875 0.7685546875 0.771484375 0.7568359375 0.7626953125 0.732421875 0.736328125 0.7392578125 0.734375 0.7646484375
0 0.6015625 0.6474609375 0.615234375 0.6396484375 0.6064453125 0.626953125 0.56640625 0.6337890625 0.6015625 0.6474609375
0 0.287109375 0.2626953125 0.3046875 0.2392578125 0.2646484375 0.23046875 0.259765625 0.2431640625 0.287109375 0.2626953125
0 0.6875 0.2705078125 0.685546875 0.2939453125 0.69921875 0.2998046875 0.732421875 0.2900390625 0.7314453125 0.251953125 0.7099609375 0.25 0.6875 0.2705078125
0 0.728515625 0.8486328125 0.814453125 0.8056640625 0.7236328125 0.818359375 0.705078125 0.8349609375 0.728515625 0.8486328125
0 0.193359375 0.1572265625 0.234375 0.1845703125 0.232421875 0.1298828125 0.2158203125 0.11328125 0.1826171875 0.1171875 0.193359375 0.1572265625
0 0.4755859375 0.291015625 0.517578125 0.2978515625 0.525390625 0.2900390625 0.4931640625 0.265625 0.462890625 0.2646484375 0.4755859375 0.291015625