0 0.5390625 0.7841796875 0.5478515625 0.8125 0.662109375 0.8388671875 0.681640625 0.8212890625 0.6708984375 0.763671875 0.5791015625 0.7578125 0.5390625 0.7841796875
0 0.341796875 0.7373046875 0.3701171875 0.763671875 0.4609375 0.7666015625 0.482421875 0.7392578125 0.4423828125 0.7109375 0.3623046875 0.71875 0.341796875 0.7373046875
0 0.189453125 0.5556640625 0.2138671875 0.587890625 0.2890625 0.6044921875 0.302734375 0.5810546875 0.2666015625 0.537109375 0.2275390625 0.533203125 0.189453125 0.5556640625
0 0.4248046875 0.4765625 0.484375 0.4814453125 0.4951171875 0.4609375 0.4384765625 0.439453125 0.41796875 0.4580078125 0.4248046875 0.4765625
0 0.4306640625 0.4453125 0.388671875 0.5185546875 0.46484375 0.5556640625 0.48828125 0.5205078125 0.48046875 0.4892578125 0.49609375 0.4677734375 0.4306640625 0.4453125
0 0.146484375 0.3076171875 0.185546875 0.3232421875 0.205078125 0.2978515625 0.1865234375 0.275390625 0.1591796875 0.279296875 0.146484375 0.3076171875
0 0.3330078125 0.21875 0.29296875 0.2333984375 0.3076171875 0.25 0.337890625 0.2509765625 0.3828125 0.2001953125 0.3759765625 0.1875 0.3408203125 0.1875 0.3330078125 0.21875
0 0.71875 0.2841796875 0.748046875 0.2626953125 0.7080078125 0.248046875 0.6875 0.2724609375 0.71875 0.2841796875
0 0.619140625 0.3916015625 0.65625 0.3701171875 0.6416015625 0.34765625 0.599609375 0.3603515625 0.619140625 0.3916015625
0 0.53125 0.4404296875 0.58203125 0.4658203125 0.599609375 0.4443359375 0.5927734375 0.42578125 0.5576171875 0.421875 0.53125 0.4404296875
0 0.666015625 0.5244140625 0.6875 0.5126953125 0.69140625 0.4873046875 0.6337890625 0.46484375 0.666015625 0.5244140625
0 0.77734375 0.5888671875 0.7890625 0.5634765625 0.7529296875 0.55859375 0.75 0.5751953125 0.77734375 0.5888671875
0 0.53125 0.6943359375 0.57421875 0.7099609375 0.619140625 0.6865234375 0.6181640625 0.658203125 0.5712890625 0.65625 0.53125 0.6943359375
0 0.8486328125 0.701171875 0.892578125 0.7060546875 0.8984375 0.6865234375 0.8798828125 0.658203125 0.8359375 0.6689453125 0.8486328125 0.701171875
0 0.275390625 0.3837890625 0.3125 0.3642578125 0.2646484375 0.36328125 0.25390625 0.3818359375 0.275390625 0.3837890625