0 0.5419921875 0.392578125 0.58984375 0.4072265625 0.611328125 0.3876953125 0.5771484375 0.357421875 0.53515625 0.3701171875 0.5419921875 0.392578125
0 0.3544921875 0.38671875 0.3076171875 0.369140625 0.2802734375 0.375 0.255859375 0.4208984375 0.3095703125 0.451171875 0.3369140625 0.4375 0.392578125 0.4501953125 0.421875 0.4267578125 0.4169921875 0.412109375 0.3623046875 0.419921875 0.3544921875 0.38671875
0 0.78125 0.3564453125 0.8359375 0.3759765625 0.85546875 0.3642578125 0.8427734375 0.328125 0.8212890625 0.326171875 0.78125 0.3564453125
0 0.728515625 0.3056640625 0.78515625 0.3271484375 0.8271484375 0.314453125 0.83984375 0.2880859375 0.8134765625 0.27734375 0.728515625 0.3056640625
0 0.6337890625 0.220703125 0.66015625 0.2216796875 0.68359375 0.2099609375 0.6650390625 0.1875 0.625 0.2060546875 0.6337890625 0.220703125
0 0.392578125 0.3173828125 0.451171875 0.3232421875 0.4765625 0.3134765625 0.4765625 0.2783203125 0.4267578125 0.26953125 0.392578125 0.3173828125
0 0.4912109375 0.544921875 0.458984375 0.5830078125 0.494140625 0.5947265625 0.5673828125 0.591796875 0.58203125 0.5654296875 0.5634765625 0.548828125 0.4912109375 0.544921875
0 0.3076171875 0.5234375 0.3515625 0.5224609375 0.359375 0.5009765625 0.3447265625 0.48828125 0.29296875 0.5048828125 0.3076171875 0.5234375
0 0.0361328125 0.603515625 0.029296875 0.6669921875 0.091796875 0.6728515625 0.10546875 0.6630859375 0.107421875 0.6162109375 0.0693359375 0.591796875 0.0361328125 0.603515625
0 0.0908203125 0.720703125 0.0458984375 0.716796875 0.0703125 0.7958984375 0.181640625 0.8623046875 0.20703125 0.8251953125 0.193359375 0.7998046875 0.1455078125 0.791015625 0.0908203125 0.720703125
0 0.2216796875 0.62890625 0.2138671875 0.654296875 0.1728515625 0.658203125 0.15625 0.6845703125 0.1796875 0.7490234375 0.240234375 0.7880859375 0.353515625 0.6787109375 0.3466796875 0.658203125 0.2685546875 0.599609375 0.2216796875 0.62890625
0 0.3505859375 0.71875 0.326171875 0.7587890625 0.3427734375 0.78125 0.37109375 0.7841796875 0.4189453125 0.779296875 0.431640625 0.7529296875 0.4130859375 0.734375 0.3505859375 0.71875
0 0.3408203125 0.88671875 0.310546875 0.8974609375 0.3291015625 0.91796875 0.42578125 0.9423828125 0.435546875 0.9130859375 0.3994140625 0.85546875 0.3623046875 0.857421875 0.3408203125 0.88671875
0 0.638671875 0.7197265625 0.6298828125 0.705078125 0.5576171875 0.75390625 0.5048828125 0.765625 0.5107421875 0.794921875 0.443359375 0.8037109375 0.4560546875 0.845703125 0.533203125 0.8564453125 0.583984375 0.8310546875 0.564453125 0.7919921875 0.6171875 0.7783203125 0.638671875 0.7197265625
0 0.62109375 0.6220703125 0.59375 0.6337890625 0.6083984375 0.65234375 0.654296875 0.6513671875 0.671875 0.6376953125 0.6611328125 0.60546875 0.6259765625 0.6015625 0.62109375 0.6220703125
0 0.337890625 0.5888671875 0.359375 0.5986328125 0.421875 0.5888671875 0.3642578125 0.546875 0.3193359375 0.546875 0.337890625 0.5888671875
0 0.857421875 0.6474609375 0.86328125 0.6279296875 0.8505859375 0.62109375 0.818359375 0.6357421875 0.857421875 0.6474609375
0 0.703125 0.5400390625 0.6875 0.5654296875 0.6953125 0.5791015625 0.744140625 0.5576171875 0.7041015625 0.509765625 0.68359375 0.5205078125 0.703125 0.5400390625