0 0.4375 0.5498046875 0.46484375 0.4443359375 0.3857421875 0.439453125 0.357421875 0.4873046875 0.4375 0.5498046875
0 0.6591796875 0.490234375 0.6455078125 0.4609375 0.513671875 0.5595703125 0.5439453125 0.578125 0.642578125 0.5947265625 0.6787109375 0.580078125 0.72265625 0.5166015625 0.7197265625 0.501953125 0.6591796875 0.490234375
0 0.703125 0.2041015625 0.70703125 0.2763671875 0.744140625 0.2900390625 0.75390625 0.2666015625 0.728515625 0.2255859375 0.7236328125 0.181640625 0.703125 0.2041015625
0 0.1416015625 0.359375 0.0859375 0.4208984375 0.07421875 0.4560546875 0.1181640625 0.41015625 0.1611328125 0.404296875 0.16796875 0.3798828125 0.1416015625 0.359375
0 0.060546875 0.5869140625 0.08203125 0.5654296875 0.0419921875 0.552734375 0.0390625 0.5751953125 0.060546875 0.5869140625
0 0.130859375 0.7646484375 0.146484375 0.7568359375 0.1162109375 0.740234375 0.060546875 0.7509765625 0.130859375 0.7646484375
0 0.23046875 0.7666015625 0.2548828125 0.8125 0.3046875 0.8115234375 0.326171875 0.7998046875 0.2900390625 0.7578125 0.2587890625 0.751953125 0.23046875 0.7666015625
0 0.3603515625 0.796875 0.33984375 0.8330078125 0.349609375 0.8544921875 0.4306640625 0.822265625 0.4375 0.7822265625 0.3974609375 0.779296875 0.3603515625 0.796875
0 0.505859375 0.8017578125 0.5205078125 0.830078125 0.587890625 0.8349609375 0.625 0.8212890625 0.6181640625 0.79296875 0.5634765625 0.779296875 0.505859375 0.8017578125
0 0.515625 0.9228515625 0.537109375 0.9365234375 0.576171875 0.9072265625 0.5478515625 0.876953125 0.5166015625 0.876953125 0.515625 0.9228515625
0 0.6875 0.6962890625 0.75 0.7119140625 0.755859375 0.6904296875 0.7412109375 0.66796875 0.7119140625 0.66796875 0.6875 0.6962890625
0 0.5419921875 0.671875 0.58984375 0.6748046875 0.630859375 0.6494140625 0.6279296875 0.626953125 0.53125 0.6552734375 0.5419921875 0.671875
0 0.326171875 0.6748046875 0.359375 0.7080078125 0.38671875 0.7021484375 0.3955078125 0.640625 0.3525390625 0.642578125 0.326171875 0.6748046875