0 0.44140625 0.7392578125 0.48828125 0.6708984375 0.4287109375 0.646484375 0.375 0.7314453125 0.44140625 0.7392578125
0 0.125 0.6748046875 0.138671875 0.6767578125 0.185546875 0.6572265625 0.1728515625 0.638671875 0.123046875 0.6552734375 0.125 0.6748046875
0 0.228515625 0.7802734375 0.25 0.7666015625 0.2138671875 0.75 0.20703125 0.7705078125 0.228515625 0.7802734375
0 0.150390625 0.7412109375 0.18359375 0.7509765625 0.205078125 0.7431640625 0.216796875 0.7119140625 0.1474609375 0.708984375 0.150390625 0.7412109375
0 0.12109375 0.7724609375 0.1328125 0.7607421875 0.1162109375 0.740234375 0.078125 0.7607421875 0.12109375 0.7724609375
0 0.2421875 0.6298828125 0.2529296875 0.6484375 0.283203125 0.6533203125 0.310546875 0.6376953125 0.3037109375 0.607421875 0.2744140625 0.607421875 0.2421875 0.6298828125
0 0.435546875 0.3564453125 0.4052734375 0.322265625 0.337890625 0.4365234375 0.30078125 0.4599609375 0.275390625 0.5048828125 0.296875 0.5615234375 0.3359375 0.4619140625 0.380859375 0.4482421875 0.376953125 0.4072265625 0.435546875 0.3564453125
0 0.359375 0.5322265625 0.380859375 0.5361328125 0.40625 0.5263671875 0.3896484375 0.490234375 0.35546875 0.5029296875 0.359375 0.5322265625
0 0.5830078125 0.4296875 0.501953125 0.5244140625 0.5048828125 0.544921875 0.556640625 0.5478515625 0.578125 0.5419921875 0.60546875 0.4794921875 0.607421875 0.4541015625 0.5830078125 0.4296875
0 0.7734375 0.1865234375 0.7197265625 0.142578125 0.70703125 0.1533203125 0.72265625 0.1826171875 0.703125 0.2294921875 0.634765625 0.3095703125 0.65625 0.3349609375 0.62890625 0.3701171875 0.640625 0.4248046875 0.625 0.4443359375 0.662109375 0.5263671875 0.658203125 0.5791015625 0.671875 0.5810546875 0.71484375 0.2978515625 0.76171875 0.2529296875 0.751953125 0.2451171875 0.7734375 0.1865234375
0 0.7626953125 0.095703125 0.720703125 0.1103515625 0.755859375 0.1240234375 0.7626953125 0.095703125
0 0.5 0.8017578125 0.51171875 0.7685546875 0.4892578125 0.76171875 0.474609375 0.7861328125 0.5 0.8017578125
0 0.390625 0.8720703125 0.408203125 0.8935546875 0.453125 0.8564453125 0.419921875 0.8251953125 0.4208984375 0.806640625 0.390625 0.8720703125
0 0.50390625 0.8623046875 0.521484375 0.8525390625 0.5185546875 0.8359375 0.498046875 0.8388671875 0.50390625 0.8623046875
0 0.826171875 0.2529296875 0.8203125 0.1845703125 0.7880859375 0.185546875 0.79296875 0.2353515625 0.826171875 0.2529296875
0 0.572265625 0.3486328125 0.595703125 0.3583984375 0.609375 0.3349609375 0.6005859375 0.318359375 0.572265625 0.3330078125 0.572265625 0.3486328125