0 0.296875 0.5615234375 0.330078125 0.6455078125 0.3515625 0.6513671875 0.388671875 0.5693359375 0.3720703125 0.541015625 0.3076171875 0.509765625 0.296875 0.5615234375
0 0.5224609375 0.8125 0.54296875 0.8134765625 0.5693359375 0.810546875 0.580078125 0.7841796875 0.501953125 0.7802734375 0.5224609375 0.8125
0 0.5 0.5283203125 0.521484375 0.5322265625 0.564453125 0.5224609375 0.5595703125 0.484375 0.501953125 0.5048828125 0.5 0.5283203125
0 0.546875 0.5947265625 0.572265625 0.6376953125 0.63671875 0.6083984375 0.6201171875 0.5703125 0.5908203125 0.56640625 0.546875 0.5947265625
0 0.62890625 0.5966796875 0.646484375 0.6083984375 0.673828125 0.5869140625 0.6826171875 0.5390625 0.623046875 0.5654296875 0.62890625 0.5966796875
0 0.16015625 0.6337890625 0.15234375 0.5771484375 0.1318359375 0.578125 0.126953125 0.6044921875 0.16015625 0.6337890625
0 0.291015625 0.7138671875 0.30859375 0.6904296875 0.2763671875 0.66796875 0.263671875 0.7001953125 0.291015625 0.7138671875
0 0.1982421875 0.90625 0.23828125 0.9072265625 0.251953125 0.8974609375 0.2333984375 0.884765625 0.1875 0.8837890625 0.1982421875 0.90625
0 0.412109375 0.8955078125 0.453125 0.9072265625 0.453125 0.8720703125 0.4345703125 0.853515625 0.4130859375 0.859375 0.412109375 0.8955078125
0 0.1982421875 0.376953125 0.1796875 0.4443359375 0.205078125 0.4501953125 0.220703125 0.4404296875 0.208984375 0.4150390625 0.22265625 0.3994140625 0.1982421875 0.376953125
0 0.6318359375 0.146484375 0.572265625 0.1630859375 0.5869140625 0.1875 0.626953125 0.2041015625 0.6298828125 0.22265625 0.646484375 0.2216796875 0.703125 0.1826171875 0.6513671875 0.10546875 0.630859375 0.1240234375 0.6318359375 0.146484375
0 0.759765625 0.2705078125 0.77734375 0.2529296875 0.7705078125 0.216796875 0.71484375 0.2431640625 0.759765625 0.2705078125
0 0.806640625 0.3173828125 0.775390625 0.3486328125 0.794921875 0.3681640625 0.7890625 0.4580078125 0.802734375 0.4716796875 0.830078125 0.2646484375 0.8095703125 0.25 0.7734375 0.2626953125 0.806640625 0.3173828125
0 0.6875 0.3779296875 0.74609375 0.3505859375 0.7099609375 0.33984375 0.66015625 0.3701171875 0.6875 0.3779296875
0 0.6396484375 0.439453125 0.60546875 0.4443359375 0.630859375 0.4638671875 0.6396484375 0.439453125
0 0.7109375 0.4755859375 0.736328125 0.4580078125 0.7255859375 0.435546875 0.69921875 0.4501953125 0.7109375 0.4755859375
0 0.7841796875 0.0859375 0.7734375 0.1591796875 0.7890625 0.1669921875 0.771484375 0.1767578125 0.837890625 0.1806640625 0.859375 0.1611328125 0.84375 0.1123046875 0.8134765625 0.08203125 0.7841796875 0.0859375
0 0.5009765625 0.25 0.48046875 0.2587890625 0.490234375 0.2841796875 0.5009765625 0.25
0 0.412109375 0.3974609375 0.419921875 0.3779296875 0.3974609375 0.375 0.39453125 0.3896484375 0.412109375 0.3974609375