0 0.275390625 0.3818359375 0.234375 0.3447265625 0.2060546875 0.26953125 0.11328125 0.4482421875 0.095703125 0.5634765625 0.1201171875 0.564453125 0.1806640625 0.619140625 0.21875 0.6220703125 0.26171875 0.5869140625 0.263671875 0.5263671875 0.294921875 0.4462890625 0.275390625 0.3818359375
0 0.6669921875 0.271484375 0.740234375 0.2822265625 0.748046875 0.2529296875 0.6748046875 0.1796875 0.609375 0.1767578125 0.6669921875 0.271484375
0 0.478515625 0.2412109375 0.5 0.2216796875 0.4951171875 0.16796875 0.462890625 0.1845703125 0.478515625 0.2412109375
0 0.228515625 0.3095703125 0.251953125 0.3154296875 0.296875 0.2978515625 0.2783203125 0.2421875 0.23046875 0.2705078125 0.228515625 0.3095703125
0 0.3359375 0.5751953125 0.34765625 0.6962890625 0.423828125 0.6298828125 0.41796875 0.6005859375 0.3818359375 0.560546875 0.3359375 0.5751953125
0 0.1494140625 0.666015625 0.123046875 0.6474609375 0.130859375 0.5849609375 0.1103515625 0.6015625 0.109375 0.5771484375 0.0908203125 0.58203125 0.0703125 0.6396484375 0.08203125 0.6923828125 0.1669921875 0.783203125 0.201171875 0.7861328125 0.22265625 0.7490234375 0.1796875 0.7021484375 0.1640625 0.6494140625 0.1494140625 0.666015625
0 0.4677734375 0.841796875 0.5322265625 0.8359375 0.5673828125 0.857421875 0.603515625 0.8583984375 0.5283203125 0.779296875 0.5068359375 0.775390625 0.4375 0.8212890625 0.4677734375 0.841796875
0 0.6611328125 0.505859375 0.6201171875 0.494140625 0.59375 0.5107421875 0.580078125 0.5361328125 0.60546875 0.5654296875 0.6083984375 0.595703125 0.72265625 0.6318359375 0.748046875 0.6142578125 0.74609375 0.5947265625 0.703125 0.5693359375 0.6611328125 0.505859375
0 0.4912109375 0.439453125 0.470703125 0.4658203125 0.4765625 0.5302734375 0.453125 0.5576171875 0.466796875 0.5751953125 0.51953125 0.5205078125 0.53125 0.4619140625 0.5087890625 0.439453125 0.4912109375 0.439453125
0 0.9482421875 0.3125 0.8916015625 0.3125 0.841796875 0.3447265625 0.841796875 0.4072265625 0.88671875 0.4267578125 0.9462890625 0.412109375 0.96484375 0.3896484375 0.970703125 0.3544921875 0.9482421875 0.3125
0 0.8095703125 0.6171875 0.826171875 0.6826171875 0.87109375 0.7001953125 0.8828125 0.6728515625 0.875 0.6435546875 0.8447265625 0.607421875 0.8095703125 0.6171875
0 0.884765625 0.5341796875 0.8828125 0.5751953125 0.85546875 0.6064453125 0.888671875 0.6513671875 0.9326171875 0.5078125 0.900390625 0.5166015625 0.8935546875 0.55859375 0.884765625 0.5341796875
0 0.66015625 0.1044921875 0.6875 0.0810546875 0.6513671875 0.0546875 0.6484375 0.0947265625 0.66015625 0.1044921875
0 0.5302734375 0.046875 0.4990234375 0.05078125 0.505859375 0.0869140625 0.5390625 0.1025390625 0.546875 0.1552734375 0.568359375 0.1728515625 0.591796875 0.1513671875 0.58984375 0.0966796875 0.5537109375 0.083984375 0.5302734375 0.046875
0 0.7412109375 0.060546875 0.751953125 0.0908203125 0.7890625 0.1220703125 0.8212890625 0.091796875 0.8671875 0.1162109375 0.8251953125 0.072265625 0.7412109375 0.060546875
0 0.376953125 0.1728515625 0.38671875 0.1494140625 0.3369140625 0.095703125 0.3359375 0.1376953125 0.376953125 0.1728515625
0 0.302734375 0.7021484375 0.314453125 0.6669921875 0.2841796875 0.650390625 0.26953125 0.6845703125 0.302734375 0.7021484375
0 0.337890625 0.8193359375 0.375 0.7568359375 0.380859375 0.7294921875 0.3681640625 0.71875 0.310546875 0.7666015625 0.30859375 0.7939453125 0.271484375 0.8291015625 0.322265625 0.9111328125 0.3173828125 0.89453125 0.3369140625 0.908203125 0.359375 0.8896484375 0.337890625 0.8193359375