0 0.1337890625 0.572265625 0.1005859375 0.544921875 0.064453125 0.5947265625 0.1171875 0.6220703125 0.1337890625 0.60546875 0.1826171875 0.599609375 0.1875 0.5751953125 0.1337890625 0.572265625
0 0.1982421875 0.537109375 0.171875 0.5537109375 0.18359375 0.5693359375 0.16796875 0.5771484375 0.171875 0.5908203125 0.15234375 0.5966796875 0.2138671875 0.58984375 0.24609375 0.6123046875 0.30859375 0.5712890625 0.2412109375 0.564453125 0.2236328125 0.5390625 0.1982421875 0.537109375
0 0.455078125 0.5498046875 0.4970703125 0.572265625 0.548828125 0.5751953125 0.6220703125 0.560546875 0.623046875 0.5244140625 0.5771484375 0.5078125 0.455078125 0.5498046875
0 0.3984375 0.7080078125 0.435546875 0.7197265625 0.47265625 0.6787109375 0.4013671875 0.658203125 0.38671875 0.6748046875 0.3984375 0.7080078125
0 0.650390625 0.3154296875 0.5751953125 0.314453125 0.6171875 0.3740234375 0.650390625 0.3154296875
0 0.47265625 0.9716796875 0.4921875 0.9736328125 0.5615234375 0.9453125 0.5625 0.9267578125 0.5087890625 0.91015625 0.47265625 0.9716796875
0 0.7001953125 0.416015625 0.681640625 0.4267578125 0.693359375 0.4365234375 0.7001953125 0.416015625
0 0.708984375 0.3896484375 0.73046875 0.3994140625 0.77734375 0.3720703125 0.7724609375 0.353515625 0.728515625 0.3564453125 0.708984375 0.3896484375
0 0.8828125 0.2275390625 0.927734375 0.1982421875 0.9130859375 0.12890625 0.853515625 0.2197265625 0.8828125 0.2275390625
0 0.859375 0.4658203125 0.87109375 0.4755859375 0.9033203125 0.474609375 0.9296875 0.4404296875 0.8681640625 0.4453125 0.859375 0.4658203125
0 0.373046875 0.3564453125 0.40625 0.3701171875 0.42578125 0.3447265625 0.419921875 0.2763671875 0.3857421875 0.255859375 0.373046875 0.3564453125
0 0.775390625 0.2861328125 0.79296875 0.2978515625 0.826171875 0.2783203125 0.8212890625 0.24609375 0.77734375 0.2666015625 0.775390625 0.2861328125
0 0.162109375 0.7587890625 0.1455078125 0.716796875 0.0625 0.7255859375 0.0810546875 0.748046875 0.162109375 0.7587890625
0 0.1875 0.7978515625 0.20703125 0.8154296875 0.244140625 0.7744140625 0.2177734375 0.75390625 0.185546875 0.7666015625 0.1875 0.7978515625
0 0.01953125 0.7255859375 0.0390625 0.7119140625 0.0126953125 0.685546875 0.0078125 0.7216796875 0.01953125 0.7255859375