0 0.39453125 0.1689453125 0.4326171875 0.177734375 0.44140625 0.1962890625 0.46875 0.1787109375 0.46875 0.1533203125 0.3876953125 0.13671875 0.39453125 0.1689453125
0 0.34375 0.2333984375 0.33984375 0.2470703125 0.35546875 0.2529296875 0.4091796875 0.25 0.419921875 0.2353515625 0.3818359375 0.208984375 0.34375 0.2333984375
0 0.4462890625 0.3125 0.40625 0.3369140625 0.4375 0.3701171875 0.4462890625 0.3125
0 0.4609375 0.2998046875 0.48828125 0.2861328125 0.4814453125 0.263671875 0.453125 0.2724609375 0.4609375 0.2998046875
0 0.751953125 0.2646484375 0.7197265625 0.2421875 0.732421875 0.2744140625 0.751953125 0.2646484375
0 0.73046875 0.4599609375 0.767578125 0.4365234375 0.7646484375 0.408203125 0.720703125 0.4345703125 0.73046875 0.4599609375
0 0.611328125 0.6103515625 0.62109375 0.6357421875 0.673828125 0.6025390625 0.6650390625 0.564453125 0.6435546875 0.564453125 0.611328125 0.6103515625
0 0.7509765625 0.53125 0.703125 0.5517578125 0.66796875 0.6533203125 0.6689453125 0.673828125 0.736328125 0.6806640625 0.7734375 0.6318359375 0.75390625 0.5966796875 0.765625 0.5439453125 0.7509765625 0.53125
0 0.654296875 0.6962890625 0.6796875 0.7392578125 0.703125 0.7431640625 0.740234375 0.7216796875 0.740234375 0.6865234375 0.6591796875 0.677734375 0.654296875 0.6962890625
0 0.390625 0.7197265625 0.42578125 0.7412109375 0.455078125 0.7314453125 0.4501953125 0.70703125 0.4111328125 0.705078125 0.390625 0.7197265625
0 0.31640625 0.5478515625 0.3828125 0.5615234375 0.39453125 0.5361328125 0.3779296875 0.525390625 0.3369140625 0.525390625 0.31640625 0.5478515625
0 0.1318359375 0.56640625 0.181640625 0.5673828125 0.19140625 0.5556640625 0.1767578125 0.5390625 0.109375 0.5458984375 0.1318359375 0.56640625
0 0.4677734375 0.77734375 0.50390625 0.7919921875 0.5234375 0.7783203125 0.5205078125 0.763671875 0.46484375 0.7587890625 0.4677734375 0.77734375
0 0.4765625 0.7138671875 0.482421875 0.7392578125 0.5 0.7431640625 0.544921875 0.7294921875 0.5537109375 0.658203125 0.5 0.6611328125 0.4765625 0.7138671875
0 0.890625 0.7392578125 0.912109375 0.7060546875 0.8759765625 0.69921875 0.87109375 0.7314453125 0.890625 0.7392578125
0 0.619140625 0.7939453125 0.6181640625 0.765625 0.576171875 0.7666015625 0.5732421875 0.79296875 0.619140625 0.7939453125
0 0.634765625 0.8486328125 0.64453125 0.8271484375 0.6298828125 0.814453125 0.619140625 0.8369140625 0.634765625 0.8486328125
0 0.373046875 0.2509765625 0.306640625 0.2548828125 0.326171875 0.2666015625 0.373046875 0.2509765625