0 0.2646484375 0.60546875 0.2265625 0.6572265625 0.2392578125 0.689453125 0.29296875 0.7060546875 0.353515625 0.6669921875 0.337890625 0.6142578125 0.3134765625 0.58984375 0.2646484375 0.60546875
0 0.603515625 0.6591796875 0.59375 0.7060546875 0.6435546875 0.732421875 0.677734375 0.7314453125 0.7578125 0.7158203125 0.6806640625 0.642578125 0.6337890625 0.625 0.603515625 0.6591796875
0 0.439453125 0.7646484375 0.43359375 0.8095703125 0.466796875 0.8154296875 0.529296875 0.7529296875 0.5087890625 0.71484375 0.4794921875 0.71875 0.439453125 0.7646484375
0 0.474609375 0.8173828125 0.3974609375 0.8203125 0.2998046875 0.78515625 0.30078125 0.8193359375 0.35546875 0.9033203125 0.3818359375 0.880859375 0.4365234375 0.880859375 0.46875 0.8544921875 0.474609375 0.8173828125
0 0.583984375 0.8017578125 0.58984375 0.8271484375 0.607421875 0.8310546875 0.68359375 0.8134765625 0.6591796875 0.77734375 0.6240234375 0.767578125 0.583984375 0.8017578125
0 0.2529296875 0.2734375 0.3115234375 0.271484375 0.3837890625 0.21875 0.38671875 0.1962890625 0.4208984375 0.1796875 0.435546875 0.1494140625 0.4091796875 0.126953125 0.3740234375 0.146484375 0.2958984375 0.125 0.1630859375 0.05859375 0.1083984375 0.0546875 0.046875 0.1083984375 0.1025390625 0.177734375 0.150390625 0.1904296875 0.16796875 0.2158203125 0.158203125 0.2255859375 0.1663250390625 0.2592533796875 0.203125 0.2783203125 0.2333984375 0.275390625 0.2431640625 0.255859375 0.26171875 0.2626953125 0.2529296875 0.2734375
0 0.1865234375 0.2890625 0.173828125 0.3232421875 0.21484375 0.3466796875 0.310546875 0.3017578125 0.2802734375 0.28515625 0.2314453125 0.298828125 0.1865234375 0.2890625
0 0.4638671875 0.375 0.4033203125 0.33984375 0.330078125 0.3623046875 0.328125 0.3955078125 0.3408203125 0.40625 0.4677734375 0.404296875 0.525390625 0.4951171875 0.568359375 0.5185546875 0.599609375 0.4580078125 0.5009765625 0.369140625 0.4775390625 0.361328125 0.4638671875 0.375
0 0.5048828125 0.490234375 0.4794921875 0.5 0.470703125 0.5107421875 0.4921875 0.5498046875 0.5361328125 0.5625 0.533203125 0.5986328125 0.564453125 0.6064453125 0.6171875 0.5478515625 0.619140625 0.5263671875 0.5830078125 0.52734375 0.5048828125 0.490234375
0 0.7470703125 0.41015625 0.716796875 0.4912109375 0.76953125 0.5322265625 0.79296875 0.5048828125 0.7890625 0.4697265625 0.775390625 0.4228515625 0.7470703125 0.41015625
0 0.4892578125 0.205078125 0.4697265625 0.18359375 0.486328125 0.2587890625 0.51171875 0.2705078125 0.529296875 0.3154296875 0.55859375 0.2783203125 0.5546875 0.2236328125 0.5322265625 0.19921875 0.4892578125 0.205078125
0 0.658203125 0.3427734375 0.677734375 0.3505859375 0.693359375 0.3037109375 0.6416015625 0.25 0.6328125 0.2705078125 0.658203125 0.3427734375
0 0.05078125 0.4677734375 0.072265625 0.5283203125 0.0869140625 0.50390625 0.123046875 0.4951171875 0.1201171875 0.4765625 0.05078125 0.4677734375
0 0.9140625 0.6669921875 0.92578125 0.6708984375 0.96875 0.6572265625 0.9619140625 0.6328125 0.9296875 0.6396484375 0.9140625 0.6669921875