0 0.6318359375 0.580078125 0.4853515625 0.640625 0.46484375 0.6787109375 0.447265625 0.7822265625 0.404296875 0.8662109375 0.4140625 0.9130859375 0.6083984375 0.73046875 0.7373046875 0.6328125 0.7734375 0.5732421875 0.6318359375 0.580078125
0 0.4990234375 0.21484375 0.5947265625 0.224609375 0.6533203125 0.19140625 0.7490234375 0.1953125 0.7607421875 0.181640625 0.7646484375 0.201171875 0.763671875 0.1826171875 0.7978515625 0.14453125 0.7958984375 0.16015625 0.8076171875 0.154296875 0.83984375 0.1806640625 0.8408203125 0.205078125 0.8515625 0.1904296875 0.8251953125 0.150390625 0.8046875 0.1494140625 0.7958984375 0.1171875 0.7119140625 0.0859375 0.6787109375 0.04296875 0.6064453125 0.025390625 0.5361328125 0.08203125 0.4443359375 0.10546875 0.3427734375 0.1875 0.314453125 0.2509765625 0.27734375 0.2822265625 0.3125 0.2978515625 0.3359375 0.2783203125 0.3369140625 0.255859375 0.3974609375 0.2578125 0.4990234375 0.21484375
0 0.814453125 0.2587890625 0.7705078125 0.203125 0.74609375 0.2099609375 0.75390625 0.2548828125 0.7412109375 0.26953125 0.6484375 0.2822265625 0.6884765625 0.3203125 0.751953125 0.3271484375 0.783203125 0.3095703125 0.806640625 0.2666015625 0.791015625 0.2607421875 0.814453125 0.2587890625
0 0.494140625 0.3818359375 0.4560546875 0.3515625 0.3525390625 0.33203125 0.326171875 0.3994140625 0.291015625 0.4267578125 0.3203125 0.4560546875 0.34375 0.4404296875 0.3427734375 0.4140625 0.4072265625 0.421875 0.494140625 0.3818359375
0 0.1953125 0.3955078125 0.173828125 0.4365234375 0.07421875 0.5400390625 0.1015625 0.5498046875 0.216796875 0.4482421875 0.2333984375 0.314453125 0.201171875 0.3193359375 0.1953125 0.3955078125
0 0.1162109375 0.7109375 0.064453125 0.7060546875 0.06640625 0.7392578125 0.0849609375 0.759765625 0.2763671875 0.837890625 0.32421875 0.8427734375 0.333984375 0.8330078125 0.29296875 0.7666015625 0.2158203125 0.685546875 0.1162109375 0.7109375
0 0.2568359375 0.630859375 0.271484375 0.7490234375 0.30078125 0.7626953125 0.3359375 0.7431640625 0.3671875 0.6630859375 0.2880859375 0.654296875 0.2568359375 0.630859375
0 0.4833984375 0.39453125 0.4921875 0.3779296875 0.4599609375 0.353515625 0.3544921875 0.33203125 0.3359375 0.3466796875 0.326171875 0.3974609375 0.2890625 0.4267578125 0.31640625 0.4580078125 0.34375 0.4423828125 0.3486328125 0.4140625 0.4248046875 0.41796875 0.4833984375 0.39453125
0 0.4375 0.6650390625 0.4287109375 0.623046875 0.37890625 0.6142578125 0.3857421875 0.638671875 0.4375 0.6650390625
0 0.4580078125 0.234375 0.43359375 0.2763671875 0.458984375 0.2822265625 0.5556640625 0.263671875 0.552734375 0.2216796875 0.5087890625 0.21484375 0.4580078125 0.234375
0 0.8134765625 0.517578125 0.7939453125 0.505859375 0.783203125 0.5146484375 0.7998046875 0.52734375 0.7626953125 0.5234375 0.720703125 0.5478515625 0.7392578125 0.576171875 0.7783203125 0.5703125 0.7822265625 0.58984375 0.806640625 0.5908203125 0.90234375 0.5126953125 0.9111328125 0.451171875 0.8310546875 0.490234375 0.8134765625 0.517578125