0 0.564453125 0.5048828125 0.587890625 0.4638671875 0.5419921875 0.455078125 0.52734375 0.4951171875 0.564453125 0.5048828125
0 0.671875 0.2431640625 0.6875 0.2451171875 0.736328125 0.2041015625 0.7333984375 0.17578125 0.67578125 0.2216796875 0.671875 0.2431640625
0 0.8125 0.2021484375 0.841796875 0.2060546875 0.884765625 0.1787109375 0.8681640625 0.1328125 0.814453125 0.1669921875 0.8125 0.2021484375
0 0.3505859375 0.328125 0.32421875 0.3642578125 0.37109375 0.3916015625 0.3505859375 0.328125
0 0.12109375 0.6044921875 0.125 0.6416015625 0.185546875 0.6064453125 0.185546875 0.5869140625 0.1513671875 0.5625 0.12109375 0.6044921875
0 0.189453125 0.5400390625 0.232421875 0.5615234375 0.24609375 0.5341796875 0.2197265625 0.509765625 0.1962890625 0.513671875 0.189453125 0.5400390625
0 0.12109375 0.7802734375 0.15625 0.8037109375 0.19140625 0.7275390625 0.1240234375 0.697265625 0.109375 0.7060546875 0.12109375 0.7802734375
0 0.4208984375 0.8359375 0.44140625 0.8642578125 0.4375 0.8837890625 0.455078125 0.8896484375 0.5126953125 0.888671875 0.53125 0.8369140625 0.4794921875 0.822265625 0.4208984375 0.8359375
0 0.6923828125 0.66015625 0.720703125 0.6630859375 0.740234375 0.6513671875 0.7275390625 0.6328125 0.6875 0.6396484375 0.6923828125 0.66015625
0 0.5634765625 0.72265625 0.580078125 0.7236328125 0.6015625 0.7119140625 0.6005859375 0.6953125 0.544921875 0.6943359375 0.5634765625 0.72265625
0 0.568359375 0.2431640625 0.59375 0.2509765625 0.623046875 0.2333984375 0.6162109375 0.2109375 0.56640625 0.2236328125 0.568359375 0.2431640625
0 0.423828125 0.3173828125 0.435546875 0.3037109375 0.4228515625 0.291015625 0.39453125 0.2958984375 0.423828125 0.3173828125
0 0.33203125 0.4580078125 0.34765625 0.4423828125 0.3154296875 0.421875 0.30859375 0.4482421875 0.33203125 0.4580078125