0 0.3125 0.7353515625 0.3232421875 0.7734375 0.375 0.7763671875 0.388671875 0.7568359375 0.3720703125 0.732421875 0.3310546875 0.724609375 0.3125 0.7353515625
0 0.3515625 0.6044921875 0.33203125 0.6142578125 0.326171875 0.6630859375 0.3408203125 0.681640625 0.412109375 0.6943359375 0.435546875 0.6865234375 0.44140625 0.5966796875 0.3564453125 0.580078125 0.3515625 0.6044921875
0 0.6552734375 0.349609375 0.720703125 0.3701171875 0.732421875 0.3544921875 0.7119140625 0.330078125 0.654296875 0.3349609375 0.6552734375 0.349609375
0 0.87109375 0.4716796875 0.880859375 0.4169921875 0.8623046875 0.41015625 0.828125 0.4541015625 0.87109375 0.4716796875
0 0.4970703125 0.8828125 0.5390625 0.8876953125 0.5546875 0.8759765625 0.5439453125 0.85546875 0.4921875 0.8583984375 0.4970703125 0.8828125
0 0.3056640625 0.30078125 0.341796875 0.2998046875 0.35546875 0.2822265625 0.3232421875 0.26953125 0.2890625 0.2861328125 0.3056640625 0.30078125
0 0.1640625 0.2373046875 0.1875 0.2060546875 0.1455078125 0.181640625 0.125 0.2255859375 0.1640625 0.2373046875
0 0.5 0.1142578125 0.537109375 0.1298828125 0.578125 0.1142578125 0.5341796875 0.06640625 0.5048828125 0.056640625 0.5 0.1142578125
0 0.150390625 0.7548828125 0.16796875 0.7392578125 0.166015625 0.7041015625 0.1220703125 0.701171875 0.150390625 0.7548828125
0 0.7216796875 0.2421875 0.685546875 0.2412109375 0.720703125 0.2646484375 0.7216796875 0.2421875
0 0.369140625 0.4013671875 0.3759765625 0.373046875 0.3359375 0.3798828125 0.3408203125 0.396484375 0.369140625 0.4013671875