0 0.4150390625 0.08984375 0.408203125 0.1630859375 0.439453125 0.1884765625 0.4443359375 0.21875 0.474609375 0.2216796875 0.486328125 0.2060546875 0.466796875 0.1474609375 0.4375 0.0986328125 0.4150390625 0.08984375
0 0.259765625 0.3935546875 0.32421875 0.3369140625 0.2646484375 0.318359375 0.25 0.3662109375 0.259765625 0.3935546875
0 0.185546875 0.7646484375 0.203125 0.7294921875 0.1650390625 0.724609375 0.16015625 0.7587890625 0.185546875 0.7646484375
0 0.375 0.3369140625 0.390625 0.3154296875 0.3681640625 0.30078125 0.3515625 0.3212890625 0.375 0.3369140625
0 0.4580078125 0.306640625 0.41015625 0.3173828125 0.390625 0.3486328125 0.3935546875 0.38671875 0.3603515625 0.38671875 0.359375 0.3623046875 0.3359375 0.3564453125 0.3544921875 0.419921875 0.4130859375 0.431640625 0.4560546875 0.4140625 0.48828125 0.4326171875 0.501953125 0.3994140625 0.466796875 0.3701171875 0.478515625 0.3349609375 0.4580078125 0.306640625
0 0.35546875 0.2294921875 0.365234375 0.1923828125 0.3388671875 0.18359375 0.333984375 0.2119140625 0.35546875 0.2294921875
0 0.669921875 0.2119140625 0.685546875 0.2021484375 0.67578125 0.1787109375 0.701171875 0.1513671875 0.67578125 0.1396484375 0.6591796875 0.201171875 0.640625 0.1806640625 0.66015625 0.1513671875 0.6279296875 0.126953125 0.59375 0.1826171875 0.6015625 0.2236328125 0.587890625 0.2568359375 0.6767578125 0.271484375 0.6796875 0.2861328125 0.65625 0.3037109375 0.6640625 0.3310546875 0.712890625 0.3349609375 0.720703125 0.2568359375 0.6884765625 0.24609375 0.689453125 0.2216796875 0.669921875 0.2119140625
0 0.5439453125 0.41796875 0.576171875 0.4267578125 0.6015625 0.4052734375 0.5849609375 0.37890625 0.5390625 0.4013671875 0.5439453125 0.41796875
0 0.63671875 0.3876953125 0.65625 0.3525390625 0.6044921875 0.333984375 0.595703125 0.3642578125 0.63671875 0.3876953125
0 0.453125 0.5087890625 0.4423828125 0.55078125 0.52734375 0.5673828125 0.537109375 0.5283203125 0.5634765625 0.501953125 0.4814453125 0.49609375 0.453125 0.5087890625
0 0.66796875 0.6572265625 0.6591796875 0.646484375 0.6220703125 0.65625 0.6171875 0.6279296875 0.5673828125 0.58203125 0.5009765625 0.642578125 0.4619140625 0.640625 0.42578125 0.6728515625 0.427734375 0.6943359375 0.44921875 0.7060546875 0.431640625 0.7373046875 0.470703125 0.7392578125 0.4990234375 0.736328125 0.5634765625 0.689453125 0.6630859375 0.673828125 0.66796875 0.6572265625
0 0.87890625 0.1982421875 0.884765625 0.1240234375 0.93359375 0.0810546875 0.935546875 0.0595703125 0.8037109375 0.03125 0.7119140625 0.0703125 0.6708984375 0.041015625 0.6279296875 0.04296875 0.6298828125 0.05859375 0.7216796875 0.080078125 0.7197265625 0.095703125 0.73046875 0.0830078125 0.740234375 0.1123046875 0.71875 0.1591796875 0.748046875 0.1865234375 0.736328125 0.2216796875 0.75 0.2822265625 0.771484375 0.2939453125 0.8056640625 0.228515625 0.8486328125 0.22265625 0.8720703125 0.18359375 0.87890625 0.1982421875
0 0.802734375 0.3896484375 0.7177734375 0.375 0.7080078125 0.35546875 0.6787109375 0.365234375 0.673828125 0.3935546875 0.646484375 0.4033203125 0.65234375 0.4267578125 0.7001953125 0.4375 0.703125 0.4599609375 0.720703125 0.4599609375 0.736328125 0.4501953125 0.7333984375 0.40625 0.7724609375 0.4140625 0.802734375 0.3896484375
0 0.8125 0.5166015625 0.8095703125 0.53515625 0.7666015625 0.53125 0.7568359375 0.54296875 0.7470703125 0.509765625 0.6943359375 0.51171875 0.6884765625 0.498046875 0.6806640625 0.51171875 0.6689453125 0.498046875 0.6396484375 0.509765625 0.63671875 0.5224609375 0.6640625 0.5400390625 0.595703125 0.6103515625 0.60546875 0.6494140625 0.6103515625 0.6328125 0.630859375 0.6552734375 0.7255859375 0.650390625 0.82421875 0.5615234375 0.837890625 0.5029296875 0.8125 0.5166015625
0 0.3720703125 0.7734375 0.33984375 0.7802734375 0.37109375 0.8076171875 0.3720703125 0.7734375
0 0.794921875 0.4892578125 0.837890625 0.4970703125 0.873046875 0.4541015625 0.8720703125 0.431640625 0.8369140625 0.47265625 0.794921875 0.4892578125