0 0.2470703125 0.033203125 0.25 0.0732421875 0.30078125 0.0986328125 0.2470703125 0.033203125
0 0.2060546875 0.06640625 0.1708984375 0.0390625 0.12109375 0.0771484375 0.142578125 0.0810546875 0.2431640625 0.076171875 0.244140625 0.0634765625 0.2255859375 0.046875 0.2060546875 0.06640625
0 0.404296875 0.1044921875 0.3701171875 0.080078125 0.3466796875 0.08203125 0.3046875 0.1103515625 0.302734375 0.1298828125 0.328125 0.1572265625 0.3515625 0.2333984375 0.408203125 0.2724609375 0.4541015625 0.255859375 0.45703125 0.2373046875 0.384765625 0.1396484375 0.404296875 0.1044921875
0 0.505859375 0.2548828125 0.4599609375 0.236328125 0.3759765625 0.140625 0.3603515625 0.138671875 0.3486328125 0.16015625 0.2998046875 0.166015625 0.2890625 0.1865234375 0.314453125 0.2314453125 0.3388671875 0.240234375 0.3857421875 0.296875 0.41015625 0.2998046875 0.3828125 0.3427734375 0.484375 0.3740234375 0.51171875 0.3486328125 0.521484375 0.3017578125 0.501953125 0.2939453125 0.505859375 0.2548828125
0 0.271484375 0.4111328125 0.302734375 0.4248046875 0.34375 0.3720703125 0.3330078125 0.345703125 0.26953125 0.3759765625 0.271484375 0.4111328125
0 0.1240234375 0.42578125 0.103515625 0.4482421875 0.111328125 0.4755859375 0.126953125 0.4794921875 0.1865234375 0.470703125 0.19921875 0.4423828125 0.1806640625 0.423828125 0.1240234375 0.42578125
0 0.0576171875 0.470703125 0.060546875 0.5556640625 0.1044921875 0.591796875 0.14453125 0.5966796875 0.169921875 0.5771484375 0.111328125 0.5302734375 0.1064453125 0.48828125 0.0576171875 0.470703125
0 0.34375 0.5576171875 0.375 0.5634765625 0.41796875 0.5498046875 0.4072265625 0.482421875 0.34375 0.5302734375 0.34375 0.5576171875
0 0.634765625 0.3798828125 0.626953125 0.3544921875 0.6025390625 0.33984375 0.5615234375 0.375 0.5048828125 0.390625 0.5048828125 0.3125 0.4208984375 0.3125 0.4033203125 0.33984375 0.373046875 0.3486328125 0.365234375 0.3876953125 0.453125 0.4912109375 0.498046875 0.5224609375 0.5166015625 0.4296875 0.5478515625 0.458984375 0.6171875 0.4482421875 0.634765625 0.3798828125
0 0.6181640625 0.705078125 0.603515625 0.7177734375 0.595703125 0.7822265625 0.6201171875 0.810546875 0.66015625 0.8115234375 0.6884765625 0.806640625 0.70703125 0.7841796875 0.6396484375 0.7109375 0.6181640625 0.705078125
0 0.849609375 0.7509765625 0.8544921875 0.677734375 0.787109375 0.7001953125 0.7861328125 0.734375 0.849609375 0.7509765625
0 0.890625 0.5947265625 0.89453125 0.5400390625 0.8642578125 0.484375 0.859375 0.5537109375 0.890625 0.5947265625
0 0.4150390625 0.875 0.55078125 0.9013671875 0.583984375 0.8916015625 0.5439453125 0.84765625 0.416015625 0.8232421875 0.4150390625 0.875
0 0.6708984375 0.90625 0.7265625 0.9091796875 0.76171875 0.9033203125 0.7490234375 0.859375 0.671875 0.8603515625 0.6708984375 0.90625
0 0.1162109375 0.091796875 0.09765625 0.1865234375 0.119140625 0.1826171875 0.142578125 0.2333984375 0.138671875 0.1982421875 0.15625 0.1728515625 0.115234375 0.1181640625 0.1162109375 0.091796875