0 0.265625 0.5322265625 0.361328125 0.4990234375 0.365234375 0.4677734375 0.318359375 0.4248046875 0.341796875 0.4033203125 0.337890625 0.3603515625 0.3828125 0.3193359375 0.3642578125 0.298828125 0.3017578125 0.2890625 0.291015625 0.2431640625 0.2646484375 0.228515625 0.24609375 0.2333984375 0.2373046875 0.265625 0.23046875 0.2529296875 0.234375 0.2783203125 0.2158203125 0.271484375 0.1953125 0.3056640625 0.1953125 0.3291015625 0.2265625 0.3583984375 0.193359375 0.3837890625 0.1953125 0.4423828125 0.158203125 0.4794921875 0.1796875 0.5087890625 0.150390625 0.5166015625 0.1962890625 0.5859375 0.232421875 0.5966796875 0.224609375 0.6298828125 0.25390625 0.6552734375 0.26953125 0.6376953125 0.265625 0.6083984375 0.2421875 0.5947265625 0.265625 0.5322265625
0 0.0859375 0.4990234375 0.0947265625 0.521484375 0.17578125 0.5380859375 0.193359375 0.5087890625 0.1767578125 0.4765625 0.1240234375 0.46875 0.0859375 0.4990234375
0 0.2578125 0.2353515625 0.263671875 0.2255859375 0.2001953125 0.158203125 0.1875 0.1904296875 0.2578125 0.2353515625
0 0.8017578125 0.37890625 0.859375 0.3603515625 0.8115234375 0.330078125 0.7509765625 0.31640625 0.6455078125 0.3828125 0.5751953125 0.384765625 0.548828125 0.4267578125 0.5283203125 0.513671875 0.462890625 0.4287109375 0.4609375 0.3916015625 0.4169921875 0.38671875 0.3974609375 0.3359375 0.3466796875 0.361328125 0.34375 0.3818359375 0.4248046875 0.439453125 0.4716796875 0.5078125 0.529296875 0.5439453125 0.548828125 0.5986328125 0.5966796875 0.5703125 0.6357421875 0.515625 0.7353515625 0.474609375 0.8017578125 0.37890625
0 0.3876953125 0.029296875 0.337890625 0.0693359375 0.3896484375 0.099609375 0.390625 0.1259765625 0.404296875 0.1279296875 0.4296875 0.0869140625 0.3828125 0.0400390625 0.400390625 0.0341796875 0.3876953125 0.029296875
0 0.505859375 0.1611328125 0.4677734375 0.123046875 0.4189453125 0.10546875 0.431640625 0.1005859375 0.4267578125 0.08203125 0.4052734375 0.109375 0.4033203125 0.087890625 0.3916015625 0.10546875 0.3310546875 0.06640625 0.265625 0.1455078125 0.322265625 0.1982421875 0.318359375 0.2275390625 0.294921875 0.2353515625 0.306640625 0.2451171875 0.296875 0.2822265625 0.380859375 0.2998046875 0.4462890625 0.275390625 0.4609375 0.2822265625 0.48046875 0.1767578125 0.505859375 0.1611328125
0 0.5712890625 0.052734375 0.583984375 0.0888671875 0.556640625 0.1416015625 0.59765625 0.1591796875 0.6474609375 0.123046875 0.6826171875 0.125 0.701171875 0.1083984375 0.5712890625 0.052734375
0 0.7470703125 0.234375 0.7470703125 0.248046875 0.7392578125 0.2265625 0.708984375 0.2158203125 0.712890625 0.2646484375 0.7294921875 0.2890625 0.755859375 0.2939453125 0.7587890625 0.248046875 0.845703125 0.2568359375 0.8173828125 0.19921875 0.7470703125 0.234375
0 0.9052734375 0.306640625 0.8740234375 0.314453125 0.869140625 0.3349609375 0.8828125 0.3720703125 0.9140625 0.3994140625 0.8984375 0.4326171875 0.90234375 0.5224609375 0.8916015625 0.53515625 0.892578125 0.4599609375 0.8720703125 0.453125 0.884765625 0.5458984375 0.80078125 0.7353515625 0.822265625 0.7607421875 0.92578125 0.6123046875 0.978515625 0.4755859375 0.96875 0.4111328125 0.9052734375 0.306640625
0 0.4541015625 0.822265625 0.5546875 0.8701171875 0.55859375 0.8154296875 0.5361328125 0.74609375 0.455078125 0.7783203125 0.4541015625 0.822265625
0 0.412109375 0.6396484375 0.451171875 0.6552734375 0.478515625 0.6259765625 0.4501953125 0.591796875 0.42578125 0.6025390625 0.412109375 0.6396484375
0 0.4326171875 0.84375 0.466796875 0.8330078125 0.447265625 0.8193359375 0.4501953125 0.779296875 0.4033203125 0.759765625 0.3173828125 0.6875 0.3046875 0.7373046875 0.3203125 0.7900390625 0.296875 0.7900390625 0.3671875 0.8466796875 0.3486328125 0.8125 0.3876953125 0.8359375 0.4306640625 0.83203125 0.4326171875 0.84375
0 0.5078125 0.3564453125 0.494140625 0.3056640625 0.5146484375 0.27734375 0.5283203125 0.28515625 0.544921875 0.2724609375 0.4736328125 0.25 0.4345703125 0.259765625 0.44140625 0.2841796875 0.40625 0.3115234375 0.4599609375 0.32421875 0.453125 0.3486328125 0.482421875 0.3544921875 0.4638671875 0.353515625 0.462890625 0.3662109375 0.4833984375 0.375 0.4951171875 0.36328125 0.49609375 0.3740234375 0.453125 0.3818359375 0.51171875 0.4111328125 0.515625 0.3779296875 0.546875 0.3681640625 0.5224609375 0.34375 0.5078125 0.3564453125