0 0.2626953125 0.419921875 0.369140625 0.4345703125 0.373046875 0.4072265625 0.3291015625 0.359375 0.248046875 0.3994140625 0.2626953125 0.419921875
0 0.3173828125 0.240234375 0.34375 0.2451171875 0.37109375 0.2275390625 0.3544921875 0.21484375 0.314453125 0.2255859375 0.3173828125 0.240234375
0 0.3837890625 0.26171875 0.35546875 0.3037109375 0.380859375 0.3154296875 0.4560546875 0.30859375 0.46484375 0.2705078125 0.4287109375 0.251953125 0.3837890625 0.26171875
0 0.6953125 0.5224609375 0.7109375 0.5341796875 0.74609375 0.4814453125 0.7470703125 0.453125 0.703125 0.4755859375 0.6953125 0.5224609375
0 0.3955078125 0.623046875 0.5234375 0.6357421875 0.4853515625 0.5859375 0.4267578125 0.580078125 0.380859375 0.5966796875 0.3955078125 0.623046875
0 0.513671875 0.5810546875 0.55078125 0.5595703125 0.5322265625 0.525390625 0.48046875 0.5419921875 0.513671875 0.5810546875
0 0.34765625 0.7841796875 0.375 0.7958984375 0.427734375 0.7724609375 0.3818359375 0.736328125 0.34765625 0.7646484375 0.34765625 0.7841796875
0 0.12890625 0.6435546875 0.146484375 0.6357421875 0.12890625 0.6318359375 0.14453125 0.6220703125 0.142578125 0.5966796875 0.1240234375 0.56640625 0.1083984375 0.56640625 0.0859375 0.5869140625 0.123046875 0.7001953125 0.173828125 0.7607421875 0.171875 0.6904296875 0.14453125 0.6767578125 0.14453125 0.6494140625 0.12890625 0.6435546875
0 0.08984375 0.3017578125 0.0712890625 0.248046875 0.044921875 0.3154296875 0.08984375 0.3017578125
0 0.119140625 0.4248046875 0.162109375 0.3916015625 0.1103515625 0.38671875 0.09765625 0.4228515625 0.119140625 0.4248046875
0 0.638671875 0.2666015625 0.626953125 0.3095703125 0.625 0.3486328125 0.638671875 0.3486328125 0.66796875 0.3291015625 0.681640625 0.2841796875 0.6611328125 0.25390625 0.638671875 0.2666015625
0 0.5625 0.3798828125 0.5703125 0.3525390625 0.5556640625 0.326171875 0.5390625 0.3681640625 0.5625 0.3798828125
0 0.8232421875 0.453125 0.7626953125 0.453125 0.7626953125 0.4375 0.748046875 0.4892578125 0.783203125 0.5029296875 0.7763671875 0.537109375 0.810546875 0.5458984375 0.8388671875 0.501953125 0.84765625 0.5205078125 0.83984375 0.4658203125 0.8232421875 0.453125
0 0.68359375 0.5751953125 0.697265625 0.5830078125 0.69921875 0.6318359375 0.68359375 0.6572265625 0.697265625 0.6845703125 0.75 0.6201171875 0.7392578125 0.546875 0.7119140625 0.544921875 0.68359375 0.5751953125
0 0.6875 0.7548828125 0.705078125 0.7861328125 0.734375 0.7900390625 0.751953125 0.7529296875 0.7314453125 0.732421875 0.6982421875 0.734375 0.6875 0.7548828125
0 0.3994140625 0.169921875 0.3984375 0.2080078125 0.4375 0.2236328125 0.4990234375 0.20703125 0.5078125 0.1767578125 0.4658203125 0.1875 0.3994140625 0.169921875
0 0.65234375 0.8134765625 0.59765625 0.8154296875 0.630859375 0.8291015625 0.65234375 0.8134765625