0 0.451171875 0.7724609375 0.4697265625 0.810546875 0.501953125 0.8134765625 0.529296875 0.7783203125 0.5322265625 0.73828125 0.4833984375 0.73828125 0.451171875 0.7724609375
0 0.623046875 0.7431640625 0.65234375 0.7099609375 0.6123046875 0.671875 0.580078125 0.7099609375 0.623046875 0.7431640625
0 0.26953125 0.7880859375 0.298828125 0.7958984375 0.34375 0.7626953125 0.3349609375 0.73046875 0.28515625 0.7333984375 0.26953125 0.7880859375
0 0.189453125 0.3935546875 0.21875 0.4052734375 0.2421875 0.3662109375 0.1884765625 0.353515625 0.17578125 0.3701171875 0.189453125 0.3935546875
0 0.435546875 0.3115234375 0.46875 0.2900390625 0.4638671875 0.265625 0.43359375 0.2744140625 0.435546875 0.3115234375
0 0.447265625 0.4150390625 0.48046875 0.3857421875 0.4443359375 0.365234375 0.421875 0.3896484375 0.447265625 0.4150390625
0 0.5 0.4658203125 0.5234375 0.4716796875 0.546875 0.4580078125 0.5419921875 0.439453125 0.5 0.4482421875 0.5 0.4658203125
0 0.4208984375 0.5 0.443359375 0.4990234375 0.46875 0.4794921875 0.4599609375 0.453125 0.4140625 0.4775390625 0.4208984375 0.5
0 0.5771484375 0.470703125 0.572265625 0.4970703125 0.5966796875 0.52734375 0.623046875 0.5322265625 0.65625 0.5146484375 0.65625 0.4912109375 0.6337890625 0.474609375 0.5771484375 0.470703125
0 0.72265625 0.6279296875 0.751953125 0.6044921875 0.7431640625 0.583984375 0.685546875 0.6025390625 0.72265625 0.6279296875
0 0.671875 0.4228515625 0.68359375 0.3876953125 0.6435546875 0.376953125 0.62890625 0.4169921875 0.671875 0.4228515625
0 0.5556640625 0.4140625 0.595703125 0.4208984375 0.6015625 0.3994140625 0.5830078125 0.373046875 0.544921875 0.3798828125 0.5556640625 0.4140625
0 0.591796875 0.7841796875 0.6015625 0.7529296875 0.5712890625 0.751953125 0.560546875 0.7783203125 0.591796875 0.7841796875
0 0.470703125 0.8173828125 0.5126953125 0.8359375 0.5205078125 0.857421875 0.5595703125 0.859375 0.5546875 0.8955078125 0.5703125 0.9033203125 0.65234375 0.8525390625 0.6142578125 0.869140625 0.5615234375 0.814453125 0.470703125 0.8173828125
0 0.8056640625 0.833984375 0.865234375 0.8408203125 0.912109375 0.8173828125 0.8603515625 0.796875 0.7890625 0.8115234375 0.8056640625 0.833984375
0 0.6650390625 0.8515625 0.66796875 0.8876953125 0.7275390625 0.94140625 0.74609375 0.9404296875 0.759765625 0.9150390625 0.740234375 0.9228515625 0.708984375 0.8544921875 0.6650390625 0.8515625