0 0.2568359375 0.876953125 0.23046875 0.9306640625 0.2724609375 0.962890625 0.298828125 0.9619140625 0.3720703125 0.955078125 0.400390625 0.9306640625 0.3388671875 0.873046875 0.2568359375 0.876953125
0 0.3544921875 0.703125 0.3515625 0.7939453125 0.431640625 0.8095703125 0.4951171875 0.796875 0.556640625 0.6923828125 0.4052734375 0.6875 0.3544921875 0.703125
0 0.06640625 0.7880859375 0.095703125 0.7724609375 0.08984375 0.7236328125 0.0517578125 0.716796875 0.06640625 0.7880859375
0 0.18359375 0.5517578125 0.201171875 0.5244140625 0.1728515625 0.4765625 0.16015625 0.5244140625 0.18359375 0.5517578125
0 0.23046875 0.6259765625 0.27734375 0.6474609375 0.291015625 0.6279296875 0.28515625 0.5888671875 0.2353515625 0.572265625 0.23046875 0.6259765625
0 0.220703125 0.8056640625 0.2548828125 0.75 0.212890625 0.7568359375 0.19921875 0.7958984375 0.220703125 0.8056640625
0 0.5732421875 0.486328125 0.5576171875 0.474609375 0.5146484375 0.48046875 0.4775390625 0.44921875 0.44140625 0.4658203125 0.4580078125 0.4921875 0.4443359375 0.4765625 0.412109375 0.4833984375 0.408203125 0.5166015625 0.4248046875 0.55078125 0.4580078125 0.55859375 0.48046875 0.5341796875 0.462890625 0.4951171875 0.4892578125 0.501953125 0.501953125 0.5869140625 0.55078125 0.5947265625 0.568359375 0.5849609375 0.560546875 0.5400390625 0.58203125 0.5048828125 0.5732421875 0.486328125
0 0.69140625 0.4853515625 0.6982421875 0.505859375 0.75 0.5283203125 0.8037109375 0.509765625 0.806640625 0.4736328125 0.7470703125 0.466796875 0.69140625 0.4853515625
0 0.703125 0.3544921875 0.6826171875 0.341796875 0.6162109375 0.34765625 0.5927734375 0.29296875 0.55078125 0.2880859375 0.5576171875 0.24609375 0.5361328125 0.244140625 0.5068359375 0.26953125 0.474609375 0.2060546875 0.4501953125 0.201171875 0.43359375 0.2353515625 0.44921875 0.2880859375 0.44140625 0.3271484375 0.4873046875 0.349609375 0.48828125 0.3740234375 0.5029296875 0.388671875 0.5205078125 0.380859375 0.53125 0.4169921875 0.55078125 0.4248046875 0.5927734375 0.41796875 0.6533203125 0.369140625 0.6923828125 0.376953125 0.703125 0.3544921875
0 0.62109375 0.0966796875 0.6123046875 0.078125 0.5986328125 0.09765625 0.5947265625 0.07421875 0.5556640625 0.0859375 0.529296875 0.1318359375 0.5302734375 0.1484375 0.544921875 0.1337890625 0.544921875 0.1806640625 0.529296875 0.2041015625 0.5419921875 0.22265625 0.5615234375 0.212890625 0.55859375 0.2412109375 0.576171875 0.2470703125 0.626953125 0.2216796875 0.603515625 0.1865234375 0.626953125 0.1435546875 0.62109375 0.0966796875
0 0.7177734375 0.142578125 0.701171875 0.1474609375 0.70703125 0.1865234375 0.6787109375 0.193359375 0.65625 0.2197265625 0.65625 0.2509765625 0.6796875 0.2587890625 0.7412109375 0.23828125 0.763671875 0.1982421875 0.75390625 0.1650390625 0.7177734375 0.142578125
0 0.896484375 0.0908203125 0.869140625 0.0751953125 0.8798828125 0.056640625 0.8369140625 0.068359375 0.7783203125 0.05859375 0.765625 0.0986328125 0.8056640625 0.123046875 0.8369140625 0.123046875 0.857421875 0.1591796875 0.791015625 0.2041015625 0.80078125 0.2353515625 0.77734375 0.2548828125 0.84375 0.2705078125 0.890625 0.2529296875 0.8671875 0.1748046875 0.88671875 0.1513671875 0.896484375 0.0908203125
0 0.595703125 0.1064453125 0.6328125 0.1298828125 0.6875 0.1005859375 0.7021484375 0.046875 0.587890625 0.0751953125 0.595703125 0.1064453125
0 0.3916015625 0.845703125 0.3984375 0.8935546875 0.3828125 0.9072265625 0.4111328125 0.931640625 0.447265625 0.9326171875 0.486328125 0.9013671875 0.470703125 0.8818359375 0.48046875 0.8603515625 0.3916015625 0.845703125
0 0.71484375 0.2822265625 0.734375 0.2900390625 0.7646484375 0.287109375 0.767578125 0.2646484375 0.7294921875 0.25390625 0.71484375 0.2822265625