0 0.900390625 0.1865234375 0.904296875 0.1513671875 0.8701171875 0.16015625 0.830078125 0.1201171875 0.84765625 0.0888671875 0.8251953125 0.0625 0.7529296875 0.0625 0.6669921875 0.017578125 0.6201171875 0.041015625 0.5830078125 0.025390625 0.5146484375 0.03515625 0.505859375 0.0498046875 0.5263671875 0.041015625 0.5380859375 0.0703125 0.5087890625 0.078125 0.525390625 0.0634765625 0.5126953125 0.05859375 0.4814453125 0.0625 0.49609375 0.0751953125 0.4560546875 0.091796875 0.44921875 0.0810546875 0.458984375 0.1201171875 0.443359375 0.1279296875 0.4375 0.1591796875 0.46875 0.1865234375 0.4658203125 0.203125 0.5107421875 0.181640625 0.5224609375 0.1484375 0.6083984375 0.181640625 0.6806640625 0.181640625 0.7021484375 0.208984375 0.724609375 0.2099609375 0.7548828125 0.201171875 0.7900390625 0.15234375 0.8818359375 0.19140625 0.900390625 0.1865234375
0 0.3232421875 0.162109375 0.3037109375 0.123046875 0.2666015625 0.119140625 0.251953125 0.1337890625 0.298828125 0.1552734375 0.283203125 0.2646484375 0.302734375 0.2802734375 0.3388671875 0.23046875 0.4072265625 0.216796875 0.42578125 0.1982421875 0.3232421875 0.162109375
0 0.3515625 0.4580078125 0.328125 0.4482421875 0.3056640625 0.3828125 0.2158203125 0.373046875 0.197265625 0.4013671875 0.23046875 0.4404296875 0.236328125 0.5126953125 0.28125 0.5205078125 0.283203125 0.5830078125 0.30078125 0.5888671875 0.3125 0.6474609375 0.330078125 0.6513671875 0.3828125 0.6298828125 0.416015625 0.5537109375 0.388671875 0.5341796875 0.3515625 0.4580078125
0 0.44140625 0.4150390625 0.4306640625 0.3828125 0.4013671875 0.376953125 0.384765625 0.3955078125 0.44140625 0.4150390625
0 0.484375 0.4599609375 0.4755859375 0.498046875 0.615234375 0.5576171875 0.62890625 0.5283203125 0.5751953125 0.4609375 0.5263671875 0.44921875 0.484375 0.4599609375
0 0.6181640625 0.40625 0.5888671875 0.38671875 0.55859375 0.3974609375 0.5673828125 0.41796875 0.6201171875 0.412109375 0.658203125 0.4365234375 0.7021484375 0.431640625 0.70703125 0.4033203125 0.6708984375 0.390625 0.6181640625 0.40625
0 0.9228515625 0.41015625 0.8857421875 0.451171875 0.8525390625 0.419921875 0.8330078125 0.48046875 0.7939453125 0.474609375 0.74609375 0.5146484375 0.7685546875 0.544921875 0.853515625 0.5830078125 0.935546875 0.5205078125 0.9609375 0.4267578125 0.9501953125 0.412109375 0.9228515625 0.41015625
0 0.818359375 0.3310546875 0.837890625 0.3134765625 0.8212890625 0.279296875 0.78515625 0.3017578125 0.818359375 0.3310546875
0 0.0576171875 0.41015625 0.12890625 0.4248046875 0.14453125 0.4189453125 0.1357421875 0.3984375 0.05859375 0.3720703125 0.0576171875 0.41015625
0 0.3046875 0.3310546875 0.33203125 0.3408203125 0.365234375 0.3076171875 0.3427734375 0.287109375 0.302734375 0.3056640625 0.3046875 0.3310546875
0 0.9404296875 0.224609375 0.919921875 0.2158203125 0.9189453125 0.25 0.8857421875 0.232421875 0.8671875 0.2587890625 0.8779296875 0.2890625 0.935546875 0.3056640625 0.9462890625 0.275390625 0.96875 0.2744140625 0.9599609375 0.20703125 0.9404296875 0.224609375
0 0.4638671875 0.6640625 0.546875 0.6689453125 0.5625 0.6220703125 0.5205078125 0.58984375 0.455078125 0.6123046875 0.4638671875 0.6640625
0 0.626953125 0.6064453125 0.638671875 0.6083984375 0.671875 0.5791015625 0.6708984375 0.5625 0.630859375 0.5732421875 0.626953125 0.6064453125