0 0.291015625 0.6787109375 0.3173828125 0.705078125 0.35546875 0.7060546875 0.376953125 0.6923828125 0.3681640625 0.638671875 0.3212890625 0.646484375 0.291015625 0.6787109375
0 0.5732421875 0.5 0.4775390625 0.5 0.44140625 0.5302734375 0.4873046875 0.560546875 0.5693359375 0.537109375 0.62109375 0.5810546875 0.6484375 0.5556640625 0.6357421875 0.4296875 0.58203125 0.4443359375 0.5732421875 0.5
0 0.625 0.3720703125 0.6484375 0.3779296875 0.693359375 0.3642578125 0.6826171875 0.328125 0.625 0.3525390625 0.625 0.3720703125
0 0.5263671875 0.263671875 0.5078125 0.2861328125 0.515625 0.3056640625 0.5556640625 0.28515625 0.6181640625 0.302734375 0.626953125 0.2685546875 0.5263671875 0.263671875
0 0.701171875 0.1337890625 0.716796875 0.1416015625 0.736328125 0.1123046875 0.7333984375 0.07421875 0.697265625 0.0927734375 0.701171875 0.1337890625
0 0.11328125 0.5615234375 0.1005859375 0.533203125 0.080078125 0.5751953125 0.11328125 0.5615234375
0 0.103515625 0.6787109375 0.123046875 0.6494140625 0.1005859375 0.6328125 0.0859375 0.6591796875 0.103515625 0.6787109375
0 0.173828125 0.6376953125 0.19140625 0.6181640625 0.1845703125 0.59375 0.158203125 0.6181640625 0.173828125 0.6376953125
0 0.90234375 0.4833984375 0.923828125 0.4658203125 0.9052734375 0.44921875 0.876953125 0.4677734375 0.90234375 0.4833984375
0 0.744140625 0.5830078125 0.765625 0.5419921875 0.7216796875 0.509765625 0.69921875 0.5537109375 0.744140625 0.5830078125
0 0.6787109375 0.630859375 0.650390625 0.6435546875 0.68359375 0.6572265625 0.6787109375 0.630859375
0 0.28125 0.5478515625 0.310546875 0.5283203125 0.24609375 0.5185546875 0.2451171875 0.546875 0.28125 0.5478515625
0 0.513671875 0.2138671875 0.51171875 0.1767578125 0.4892578125 0.177734375 0.482421875 0.1884765625 0.513671875 0.2138671875
0 0.9296875 0.1201171875 0.8984375 0.0205078125 0.8740234375 0.017578125 0.857421875 0.0537109375 0.9296875 0.1201171875