0 0.3876953125 0.580078125 0.3154296875 0.5703125 0.296875 0.5908203125 0.330078125 0.6142578125 0.330078125 0.6298828125 0.263671875 0.6494140625 0.3046875 0.7255859375 0.28515625 0.7373046875 0.3115234375 0.748046875 0.3232421875 0.72265625 0.3564453125 0.7734375 0.376953125 0.7744140625 0.41796875 0.7490234375 0.427734375 0.6103515625 0.4052734375 0.607421875 0.3876953125 0.580078125
0 0.349609375 0.7626953125 0.3349609375 0.78125 0.326171875 0.7529296875 0.2763671875 0.720703125 0.19140625 0.7236328125 0.1962890625 0.74609375 0.2421875 0.7548828125 0.201171875 0.7763671875 0.2041015625 0.796875 0.353515625 0.8701171875 0.341796875 0.8251953125 0.4111328125 0.744140625 0.3056640625 0.71875 0.349609375 0.7626953125
0 0.5888671875 0.734375 0.5537109375 0.728515625 0.5390625 0.7431640625 0.546875 0.8056640625 0.53515625 0.8251953125 0.5439453125 0.857421875 0.578125 0.8583984375 0.61328125 0.8427734375 0.58984375 0.8193359375 0.61328125 0.7822265625 0.5888671875 0.734375
0 0.3466796875 0.359375 0.30859375 0.4248046875 0.3447265625 0.44921875 0.396484375 0.4541015625 0.4326171875 0.400390625 0.439453125 0.4091796875 0.439453125 0.3876953125 0.3466796875 0.359375
0 0.083984375 0.5224609375 0.09765625 0.4951171875 0.0771484375 0.48828125 0.0546875 0.5205078125 0.083984375 0.5224609375
0 0.076171875 0.5947265625 0.0859375 0.6220703125 0.1591796875 0.62109375 0.16796875 0.5693359375 0.1044921875 0.5546875 0.076171875 0.5947265625
0 0.12109375 0.6533203125 0.05859375 0.6572265625 0.0859375 0.6748046875 0.12109375 0.6533203125
0 0.1337890625 0.29296875 0.119140625 0.3056640625 0.1328125 0.3154296875 0.1337890625 0.29296875
0 0.2353515625 0.33984375 0.158203125 0.3564453125 0.259765625 0.3798828125 0.2353515625 0.33984375
0 0.1591796875 0.3671875 0.1484375 0.4150390625 0.21875 0.5087890625 0.279296875 0.4599609375 0.287109375 0.4130859375 0.2587890625 0.3828125 0.1591796875 0.3671875
0 0.1826171875 0.47265625 0.140625 0.4970703125 0.201171875 0.5146484375 0.1826171875 0.47265625
0 0.25390625 0.5537109375 0.30078125 0.5087890625 0.2373046875 0.51953125 0.232421875 0.5400390625 0.25390625 0.5537109375
0 0.2958984375 0.12109375 0.296875 0.1669921875 0.28125 0.1787109375 0.287109375 0.2412109375 0.359375 0.3037109375 0.380859375 0.2607421875 0.375 0.2119140625 0.314453125 0.1240234375 0.2958984375 0.12109375
0 0.453125 0.1826171875 0.47265625 0.1923828125 0.505859375 0.1650390625 0.4931640625 0.14453125 0.453125 0.1650390625 0.453125 0.1826171875
0 0.4697265625 0.294921875 0.49609375 0.2978515625 0.521484375 0.2783203125 0.5126953125 0.259765625 0.4609375 0.2705078125 0.4697265625 0.294921875
0 0.5078125 0.4697265625 0.537109375 0.4091796875 0.4580078125 0.412109375 0.453125 0.4560546875 0.5078125 0.4697265625
0 0.5693359375 0.30859375 0.6015625 0.3115234375 0.62109375 0.2939453125 0.6083984375 0.279296875 0.564453125 0.2900390625 0.5693359375 0.30859375
0 0.6015625 0.5126953125 0.6328125 0.5244140625 0.646484375 0.5166015625 0.642578125 0.4892578125 0.6025390625 0.486328125 0.6015625 0.5126953125
0 0.8046875 0.3466796875 0.8203125 0.3251953125 0.7783203125 0.28125 0.7734375 0.3232421875 0.8046875 0.3466796875
0 0.689453125 0.2568359375 0.71484375 0.2314453125 0.6494140625 0.181640625 0.625 0.2431640625 0.689453125 0.2568359375
0 0.765625 0.6826171875 0.822265625 0.7080078125 0.861328125 0.6748046875 0.8369140625 0.640625 0.8173828125 0.638671875 0.765625 0.6826171875
0 0.6533203125 0.740234375 0.62890625 0.7783203125 0.6640625 0.7919921875 0.7177734375 0.765625 0.7265625 0.7412109375 0.6943359375 0.7265625 0.6533203125 0.740234375
0 0.748046875 0.5791015625 0.7529296875 0.548828125 0.70703125 0.5517578125 0.7119140625 0.572265625 0.748046875 0.5791015625