0 0.486328125 0.0498046875 0.4208984375 0.029296875 0.3603515625 0.0625 0.3251953125 0.03125 0.2998046875 0.091796875 0.2021484375 0.1328125 0.12890625 0.2197265625 0.1689453125 0.2578125 0.1953125 0.2607421875 0.2607421875 0.216796875 0.3037109375 0.21875 0.4248046875 0.060546875 0.486328125 0.0498046875
0 0.1484375 0.3583984375 0.1455078125 0.322265625 0.111328125 0.3310546875 0.1142578125 0.353515625 0.1484375 0.3583984375
0 0.1572265625 0.59375 0.21484375 0.6005859375 0.234375 0.5927734375 0.2177734375 0.54296875 0.13671875 0.5673828125 0.1572265625 0.59375
0 0.267578125 0.3837890625 0.287109375 0.3720703125 0.2763671875 0.3515625 0.25 0.3662109375 0.267578125 0.3837890625
0 0.3525390625 0.3515625 0.3828125 0.3583984375 0.412109375 0.3330078125 0.3896484375 0.3046875 0.349609375 0.3291015625 0.3525390625 0.3515625
0 0.3662109375 0.162109375 0.341796875 0.1865234375 0.40625 0.2412109375 0.43359375 0.2275390625 0.4375 0.1904296875 0.4013671875 0.158203125 0.3662109375 0.162109375
0 0.5322265625 0.228515625 0.5078125 0.2548828125 0.546875 0.3251953125 0.564453125 0.3291015625 0.587890625 0.3115234375 0.587890625 0.2626953125 0.5751953125 0.236328125 0.5322265625 0.228515625
0 0.623046875 0.3798828125 0.646484375 0.3603515625 0.6181640625 0.33984375 0.578125 0.3701171875 0.623046875 0.3798828125
0 0.328125 0.5263671875 0.34765625 0.5048828125 0.3173828125 0.48046875 0.294921875 0.5146484375 0.328125 0.5263671875
0 0.357421875 0.5771484375 0.408203125 0.5927734375 0.447265625 0.5830078125 0.435546875 0.5478515625 0.3701171875 0.53515625 0.357421875 0.5771484375
0 0.3388671875 0.73046875 0.314453125 0.7587890625 0.31640625 0.7939453125 0.384765625 0.8017578125 0.4619140625 0.796875 0.48046875 0.7705078125 0.4345703125 0.73046875 0.3388671875 0.73046875
0 0.552734375 0.4990234375 0.546875 0.4638671875 0.5244140625 0.4609375 0.525390625 0.4853515625 0.552734375 0.4990234375
0 0.568359375 0.5537109375 0.6103515625 0.609375 0.640625 0.6240234375 0.68359375 0.5166015625 0.6591796875 0.5 0.5673828125 0.498046875 0.568359375 0.5537109375
0 0.8056640625 0.302734375 0.724609375 0.2998046875 0.716796875 0.4345703125 0.75 0.4501953125 0.794921875 0.4013671875 0.76953125 0.3466796875 0.8125 0.3115234375 0.8056640625 0.302734375
0 0.6640625 0.4384765625 0.6640625 0.4189453125 0.6435546875 0.40625 0.63671875 0.4287109375 0.6640625 0.4384765625
0 0.7265625 0.5048828125 0.748046875 0.4912109375 0.7119140625 0.482421875 0.69921875 0.4931640625 0.7265625 0.5048828125
0 0.8125 0.4345703125 0.8173828125 0.458984375 0.84765625 0.4599609375 0.876953125 0.4189453125 0.8740234375 0.396484375 0.8291015625 0.408203125 0.8125 0.4345703125
0 0.7578125 0.6728515625 0.77734375 0.6591796875 0.7587890625 0.625 0.720703125 0.6552734375 0.7578125 0.6728515625
0 0.9619140625 0.546875 0.916015625 0.5927734375 0.96484375 0.6162109375 0.9619140625 0.546875