0 0.3544921875 0.482421875 0.3115234375 0.4921875 0.287109375 0.5166015625 0.2734375 0.5654296875 0.2998046875 0.607421875 0.34375 0.6240234375 0.359375 0.6044921875 0.333984375 0.5732421875 0.412109375 0.5458984375 0.3544921875 0.482421875
0 0.5 0.5478515625 0.498046875 0.5693359375 0.431640625 0.6220703125 0.4638671875 0.65625 0.501953125 0.6591796875 0.515625 0.5986328125 0.55078125 0.5849609375 0.5380859375 0.513671875 0.5 0.5478515625
0 0.2470703125 0.689453125 0.294921875 0.6982421875 0.3125 0.6826171875 0.2724609375 0.658203125 0.23046875 0.6689453125 0.2470703125 0.689453125
0 0.2333984375 0.72265625 0.203125 0.7763671875 0.2236328125 0.8046875 0.2578125 0.8076171875 0.291015625 0.7802734375 0.2509765625 0.755859375 0.25 0.7275390625 0.2333984375 0.72265625
0 0.328125 0.7744140625 0.3515625 0.7353515625 0.3076171875 0.72265625 0.291015625 0.7568359375 0.328125 0.7744140625
0 0.375 0.7568359375 0.404296875 0.7685546875 0.486328125 0.7470703125 0.4306640625 0.705078125 0.3623046875 0.716796875 0.375 0.7568359375
0 0.6552734375 0.48046875 0.685546875 0.4814453125 0.720703125 0.4560546875 0.7197265625 0.439453125 0.638671875 0.4443359375 0.6552734375 0.48046875
0 0.634765625 0.7822265625 0.650390625 0.7099609375 0.5888671875 0.708984375 0.59375 0.7763671875 0.634765625 0.7822265625
0 0.6083984375 0.82421875 0.61328125 0.9130859375 0.7763671875 0.8515625 0.779296875 0.8232421875 0.7138671875 0.8359375 0.6083984375 0.82421875
0 0.4658203125 0.86328125 0.439453125 0.8798828125 0.455078125 0.9111328125 0.4228515625 0.94140625 0.4580078125 0.955078125 0.5263671875 0.939453125 0.5400390625 0.958984375 0.5625 0.9599609375 0.560546875 0.9306640625 0.5009765625 0.8984375 0.4892578125 0.869140625 0.4658203125 0.86328125
0 0.16015625 0.6337890625 0.169921875 0.6025390625 0.1455078125 0.591796875 0.12109375 0.6220703125 0.16015625 0.6337890625
0 0.5625 0.1396484375 0.587890625 0.1240234375 0.5478515625 0.0859375 0.5390625 0.1064453125 0.5625 0.1396484375
0 0.4453125 0.0947265625 0.4609375 0.0830078125 0.4599609375 0.052734375 0.412109375 0.0869140625 0.4453125 0.0947265625
0 0.71875 0.2099609375 0.66796875 0.1904296875 0.701171875 0.2158203125 0.71875 0.2099609375
0 0.748046875 0.7568359375 0.76953125 0.7431640625 0.7548828125 0.72265625 0.716796875 0.7451171875 0.748046875 0.7568359375
0 0.9443359375 0.634765625 0.9140625 0.6494140625 0.93359375 0.6650390625 0.9443359375 0.634765625