0 0.71875 0.4931640625 0.736328125 0.4658203125 0.7158203125 0.455078125 0.6962890625 0.470703125 0.65625 0.4404296875 0.6552734375 0.421875 0.7880859375 0.435546875 0.8427734375 0.419921875 0.8466796875 0.439453125 0.86328125 0.3955078125 0.8173828125 0.361328125 0.744140625 0.3466796875 0.7578125 0.3076171875 0.8037109375 0.310546875 0.8125 0.2666015625 0.83984375 0.2490234375 0.8115234375 0.197265625 0.7802734375 0.19921875 0.765625 0.1826171875 0.765625 0.1123046875 0.720703125 0.0791015625 0.716796875 0.0419921875 0.76953125 0.0283203125 0.7255859375 0.013671875 0.5341796875 0.0859375 0.4501953125 0.09765625 0.4599609375 0.1171875 0.4794921875 0.103515625 0.4814453125 0.119140625 0.552734375 0.1416015625 0.5205078125 0.142578125 0.4873046875 0.169921875 0.4580078125 0.1484375 0.41015625 0.1669921875 0.44140625 0.1826171875 0.43359375 0.2138671875 0.416015625 0.2216796875 0.416015625 0.2861328125 0.4814453125 0.357421875 0.4453125 0.2919921875 0.4453125 0.2236328125 0.4951171875 0.2109375 0.5029296875 0.234375 0.576171875 0.2353515625 0.55859375 0.3232421875 0.490234375 0.4658203125 0.501953125 0.5107421875 0.6640625 0.5556640625 0.703125 0.5322265625 0.7021484375 0.5078125 0.7265625 0.5048828125 0.71875 0.4931640625
0 0.8310546875 0.5234375 0.873046875 0.5263671875 0.951171875 0.4912109375 0.8388671875 0.46484375 0.8046875 0.5009765625 0.8310546875 0.5234375
0 0.373046875 0.2099609375 0.3486328125 0.189453125 0.2548828125 0.1875 0.296875 0.2470703125 0.29296875 0.3505859375 0.466796875 0.4345703125 0.498046875 0.3798828125 0.4150390625 0.283203125 0.376953125 0.2646484375 0.373046875 0.2099609375
0 0.095703125 0.3349609375 0.150390625 0.3642578125 0.1640625 0.3544921875 0.1640625 0.3212890625 0.1025390625 0.310546875 0.095703125 0.3349609375
0 0.0546875 0.4794921875 0.06640625 0.4599609375 0.0419921875 0.43359375 0.029296875 0.4755859375 0.0546875 0.4794921875
0 0.158203125 0.4462890625 0.17578125 0.4599609375 0.2109375 0.4423828125 0.2080078125 0.416015625 0.162109375 0.4208984375 0.158203125 0.4462890625
0 0.240234375 0.7021484375 0.248046875 0.6845703125 0.2216796875 0.677734375 0.21484375 0.6591796875 0.2470703125 0.65625 0.265625 0.6279296875 0.1845703125 0.611328125 0.1220703125 0.62109375 0.1103515625 0.63671875 0.0341796875 0.591796875 0.0283203125 0.5625 0.03125 0.6005859375 0.09765625 0.6845703125 0.119140625 0.7880859375 0.263671875 0.8779296875 0.2734375 0.8154296875 0.2421875 0.8056640625 0.203125 0.7041015625 0.240234375 0.7021484375
0 0.513671875 0.5869140625 0.546875 0.6298828125 0.57421875 0.5849609375 0.5654296875 0.568359375 0.5283203125 0.568359375 0.513671875 0.5869140625
0 0.4208984375 0.638671875 0.423828125 0.5947265625 0.3701171875 0.55078125 0.30859375 0.5791015625 0.3203125 0.6416015625 0.3818359375 0.68359375 0.4716796875 0.669921875 0.4873046875 0.6953125 0.513671875 0.6982421875 0.525390625 0.6884765625 0.498046875 0.6630859375 0.5068359375 0.62109375 0.4208984375 0.638671875
0 0.3359375 0.7880859375 0.3388671875 0.8125 0.3984375 0.8330078125 0.4453125 0.7841796875 0.4326171875 0.740234375 0.3662109375 0.751953125 0.3359375 0.7880859375
0 0.5908203125 0.802734375 0.7119140625 0.798828125 0.7421875 0.8115234375 0.7734375 0.7529296875 0.7255859375 0.71484375 0.57421875 0.7900390625 0.5908203125 0.802734375
0 0.3125 0.5185546875 0.322265625 0.5361328125 0.3974609375 0.517578125 0.404296875 0.4892578125 0.3447265625 0.4765625 0.3125 0.5185546875
0 0.775390625 0.6943359375 0.810546875 0.7060546875 0.84375 0.6884765625 0.8447265625 0.65625 0.8193359375 0.65625 0.775390625 0.6943359375
0 0.6025390625 0.607421875 0.626953125 0.6123046875 0.642578125 0.6025390625 0.6337890625 0.587890625 0.599609375 0.5927734375 0.6025390625 0.607421875
0 0.4072265625 0.13671875 0.345703125 0.1884765625 0.37109375 0.2119140625 0.3759765625 0.240234375 0.412109375 0.2509765625 0.439453125 0.1904296875 0.42578125 0.1728515625 0.4296875 0.1435546875 0.4072265625 0.13671875