0 0.80859375 0.7919921875 0.80859375 0.7470703125 0.7587890625 0.73046875 0.751953125 0.7763671875 0.80859375 0.7919921875
0 0.587890625 0.7919921875 0.5556640625 0.748046875 0.5263671875 0.775390625 0.4951171875 0.74609375 0.470703125 0.7548828125 0.470703125 0.8232421875 0.515625 0.8388671875 0.53125 0.8271484375 0.5185546875 0.783203125 0.5439453125 0.796875 0.587890625 0.7919921875
0 0.455078125 0.5751953125 0.474609375 0.5810546875 0.498046875 0.5478515625 0.4423828125 0.5 0.427734375 0.5322265625 0.455078125 0.5751953125
0 0.576171875 0.2939453125 0.5625 0.2490234375 0.5458984375 0.248046875 0.53515625 0.2705078125 0.576171875 0.2939453125
0 0.703125 0.4091796875 0.7021484375 0.375 0.66796875 0.3759765625 0.6748046875 0.400390625 0.703125 0.4091796875
0 0.146484375 0.4111328125 0.171875 0.3642578125 0.1083984375 0.3046875 0.103515625 0.4033203125 0.146484375 0.4111328125
0 0.1962890625 0.435546875 0.1572265625 0.40625 0.115234375 0.4130859375 0.1220703125 0.4609375 0.1474609375 0.453125 0.1611328125 0.4765625 0.203125 0.4931640625 0.203125 0.4775390625 0.236328125 0.4580078125 0.2275390625 0.439453125 0.1962890625 0.435546875
0 0.1875 0.5771484375 0.1943359375 0.548828125 0.15625 0.5498046875 0.1650390625 0.572265625 0.1875 0.5771484375
0 0.21875 0.6337890625 0.240234375 0.6103515625 0.2041015625 0.599609375 0.19140625 0.6298828125 0.21875 0.6337890625
0 0.265625 0.7275390625 0.296875 0.7099609375 0.2919921875 0.689453125 0.234375 0.7099609375 0.265625 0.7275390625
0 0.326171875 0.3330078125 0.34375 0.3056640625 0.3134765625 0.298828125 0.296875 0.3193359375 0.326171875 0.3330078125
0 0.275390625 0.3603515625 0.287109375 0.3388671875 0.2646484375 0.326171875 0.251953125 0.3486328125 0.275390625 0.3603515625
0 0.1640625 0.2333984375 0.17578125 0.2119140625 0.1513671875 0.19140625 0.140625 0.2236328125 0.1640625 0.2333984375
0 0.5478515625 0.89453125 0.6171875 0.9111328125 0.6162109375 0.8828125 0.5595703125 0.86328125 0.53515625 0.8759765625 0.5478515625 0.89453125