0 0.416015625 0.2822265625 0.4208984375 0.296875 0.49609375 0.3115234375 0.513671875 0.2919921875 0.5048828125 0.27734375 0.4365234375 0.265625 0.416015625 0.2822265625
0 0.4296875 0.3681640625 0.4326171875 0.337890625 0.40234375 0.3466796875 0.4072265625 0.365234375 0.4296875 0.3681640625
0 0.3115234375 0.361328125 0.357421875 0.3642578125 0.380859375 0.3544921875 0.3701171875 0.328125 0.28125 0.3271484375 0.3115234375 0.361328125
0 0.4296875 0.6240234375 0.470703125 0.5908203125 0.392578125 0.6025390625 0.4072265625 0.625 0.4296875 0.6240234375
0 0.513671875 0.5166015625 0.5224609375 0.533203125 0.60546875 0.5458984375 0.609375 0.5224609375 0.5693359375 0.501953125 0.5302734375 0.501953125 0.513671875 0.5166015625
0 0.4033203125 0.501953125 0.3984375 0.5419921875 0.47265625 0.5791015625 0.498046875 0.5380859375 0.5 0.5029296875 0.4501953125 0.4921875 0.4033203125 0.501953125
0 0.314453125 0.7373046875 0.353515625 0.7509765625 0.4296875 0.6845703125 0.3623046875 0.654296875 0.2802734375 0.662109375 0.314453125 0.7373046875
0 0.123046875 0.6591796875 0.126953125 0.7021484375 0.158203125 0.7080078125 0.203125 0.6767578125 0.1982421875 0.658203125 0.1513671875 0.6484375 0.123046875 0.6591796875
0 0.5654296875 0.74609375 0.576171875 0.7197265625 0.5419921875 0.697265625 0.517578125 0.7060546875 0.513671875 0.7841796875 0.546875 0.7978515625 0.6201171875 0.796875 0.640625 0.7783203125 0.6005859375 0.75 0.5654296875 0.74609375
0 0.48828125 0.8837890625 0.513671875 0.8955078125 0.5791015625 0.888671875 0.599609375 0.8701171875 0.5283203125 0.849609375 0.48828125 0.8837890625
0 0.333984375 0.7607421875 0.322265625 0.7744140625 0.279296875 0.7998046875 0.2978515625 0.828125 0.41796875 0.8583984375 0.427734375 0.7939453125 0.3583984375 0.75390625 0.3251953125 0.751953125 0.333984375 0.7607421875
0 0.0615234375 0.56640625 0.109375 0.5654296875 0.1552734375 0.564453125 0.162109375 0.5498046875 0.060546875 0.5498046875 0.0615234375 0.56640625
0 0.6611328125 0.490234375 0.685546875 0.4970703125 0.71484375 0.4541015625 0.6904296875 0.427734375 0.642578125 0.4619140625 0.6611328125 0.490234375
0 0.9580078125 0.57421875 0.8896484375 0.568359375 0.89453125 0.5947265625 0.8642578125 0.619140625 0.859375 0.5869140625 0.8251953125 0.564453125 0.7421875 0.6005859375 0.7783203125 0.623046875 0.8544921875 0.6171875 0.8623046875 0.634765625 0.92578125 0.6396484375 0.943359375 0.6357421875 0.9521484375 0.6015625 0.974609375 0.5947265625 0.9580078125 0.57421875
0 0.6376953125 0.564453125 0.623046875 0.5927734375 0.65625 0.6240234375 0.677734375 0.6064453125 0.67578125 0.5830078125 0.6630859375 0.564453125 0.6376953125 0.564453125
0 0.8046875 0.4560546875 0.814453125 0.4404296875 0.7939453125 0.421875 0.744140625 0.4287109375 0.8046875 0.4560546875
0 0.87109375 0.4462890625 0.9072265625 0.4453125 0.91796875 0.4228515625 0.845703125 0.4287109375 0.87109375 0.4462890625
0 0.5419921875 0.365234375 0.57421875 0.3701171875 0.591796875 0.3623046875 0.5908203125 0.34375 0.537109375 0.3486328125 0.5419921875 0.365234375
0 0.1875 0.5419921875 0.22265625 0.5595703125 0.236328125 0.5478515625 0.22265625 0.5029296875 0.1748046875 0.50390625 0.1875 0.5419921875
0 0.173828125 0.3193359375 0.19235946875 0.337333109375 0.208984375 0.3447265625 0.2421875 0.3369140625 0.240234375 0.3095703125 0.2001953125 0.28515625 0.173828125 0.3193359375
0 0.1875 0.3701171875 0.20703125 0.3759765625 0.2578125 0.3583984375 0.2451171875 0.34375 0.2021484375 0.345703125 0.1875 0.3701171875