0 0.3310546875 0.40625 0.2861328125 0.40234375 0.23828125 0.4306640625 0.21875 0.4716796875 0.2265625 0.5146484375 0.265625 0.5361328125 0.2724609375 0.482421875 0.357421875 0.4931640625 0.3515625 0.4384765625 0.3310546875 0.40625
0 0.1591796875 0.55078125 0.16015625 0.5888671875 0.1953125 0.6044921875 0.212890625 0.5927734375 0.2109375 0.5693359375 0.1884765625 0.548828125 0.1591796875 0.55078125
0 0.1123046875 0.61328125 0.078125 0.6455078125 0.083984375 0.6943359375 0.115234375 0.7021484375 0.150390625 0.6787109375 0.12890625 0.6474609375 0.1396484375 0.609375 0.1123046875 0.61328125
0 0.1845703125 0.630859375 0.158203125 0.6611328125 0.1728515625 0.685546875 0.2099609375 0.658203125 0.2275390625 0.697265625 0.298828125 0.7041015625 0.3046875 0.6865234375 0.2724609375 0.634765625 0.2099609375 0.646484375 0.1845703125 0.630859375
0 0.078125 0.4892578125 0.119140625 0.5048828125 0.1328125 0.4619140625 0.1162109375 0.44921875 0.0830078125 0.45703125 0.078125 0.4892578125
0 0.353515625 0.3525390625 0.37109375 0.3369140625 0.3564453125 0.310546875 0.33984375 0.3369140625 0.353515625 0.3525390625
0 0.4326171875 0.50390625 0.4033203125 0.5390625 0.32421875 0.5615234375 0.330078125 0.6025390625 0.3671875 0.6181640625 0.4072265625 0.5703125 0.4609375 0.5439453125 0.4658203125 0.49609375 0.4326171875 0.50390625
0 0.5966796875 0.486328125 0.642578125 0.4892578125 0.658203125 0.4736328125 0.6435546875 0.455078125 0.591796875 0.4599609375 0.5966796875 0.486328125
0 0.40625 0.7158203125 0.376953125 0.7900390625 0.427734375 0.8017578125 0.4765625 0.7255859375 0.4677734375 0.712890625 0.4208984375 0.705078125 0.40625 0.7158203125
0 0.353515625 0.7353515625 0.3671875 0.7158203125 0.3466796875 0.693359375 0.333984375 0.7236328125 0.353515625 0.7353515625
0 0.216796875 0.8291015625 0.2099609375 0.873046875 0.158203125 0.8759765625 0.1962890625 0.912109375 0.2763671875 0.927734375 0.279296875 0.9443359375 0.28125 0.9072265625 0.244140625 0.8701171875 0.2373046875 0.8203125 0.216796875 0.8291015625
0 0.4501953125 0.884765625 0.3701171875 0.841796875 0.328125 0.9072265625 0.31640625 0.9619140625 0.3427734375 0.943359375 0.5185546875 0.931640625 0.533203125 0.8974609375 0.4501953125 0.884765625
0 0.552734375 0.8134765625 0.5537109375 0.783203125 0.513671875 0.7880859375 0.5263671875 0.8125 0.552734375 0.8134765625
0 0.576171875 0.3740234375 0.578125 0.3408203125 0.5595703125 0.33203125 0.548828125 0.3662109375 0.576171875 0.3740234375
0 0.654296875 0.1416015625 0.68359375 0.1357421875 0.6591796875 0.09375 0.642578125 0.1083984375 0.654296875 0.1416015625
0 0.5712890625 0.046875 0.5234375 0.0634765625 0.56640625 0.0791015625 0.5712890625 0.046875
0 0.353515625 0.1884765625 0.3193359375 0.1875 0.33984375 0.2099609375 0.353515625 0.1884765625
0 0.810546875 0.5224609375 0.826171875 0.5205078125 0.8271484375 0.5 0.779296875 0.5126953125 0.810546875 0.5224609375