0 0.857421875 0.3681640625 0.87109375 0.3701171875 0.9140625 0.3583984375 0.8798828125 0.30078125 0.85546875 0.3447265625 0.857421875 0.3681640625
0 0.603515625 0.6044921875 0.6279296875 0.625 0.662109375 0.6259765625 0.681640625 0.6025390625 0.66796875 0.5693359375 0.6103515625 0.564453125 0.603515625 0.6044921875
0 0.2509765625 0.392578125 0.326171875 0.4091796875 0.388671875 0.3779296875 0.3466796875 0.345703125 0.24609375 0.3779296875 0.2509765625 0.392578125
0 0.1875 0.4501953125 0.1826171875 0.41015625 0.125 0.4072265625 0.1513671875 0.44140625 0.1875 0.4501953125
0 0.138671875 0.5634765625 0.171875 0.5791015625 0.189453125 0.5751953125 0.185546875 0.5498046875 0.1435546875 0.5390625 0.138671875 0.5634765625
0 0.359375 0.8076171875 0.328125 0.7900390625 0.34375 0.7236328125 0.298828125 0.7001953125 0.3017578125 0.677734375 0.2333984375 0.69140625 0.248046875 0.7431640625 0.23046875 0.7666015625 0.234375 0.7998046875 0.345703125 0.8662109375 0.330078125 0.8525390625 0.34375 0.8505859375 0.34375 0.8173828125 0.359375 0.8076171875
0 0.419921875 0.1259765625 0.4228515625 0.142578125 0.48046875 0.1572265625 0.498046875 0.1474609375 0.4736328125 0.109375 0.4560546875 0.103515625 0.419921875 0.1259765625
0 0.609375 0.2333984375 0.6201171875 0.189453125 0.583984375 0.2138671875 0.5869140625 0.23046875 0.609375 0.2333984375
0 0.68359375 0.2490234375 0.689453125 0.2236328125 0.6669921875 0.21875 0.658203125 0.2431640625 0.68359375 0.2490234375
0 0.556640625 0.0498046875 0.5126953125 0.04296875 0.53125 0.0654296875 0.556640625 0.0498046875
0 0.224609375 0.3037109375 0.21875 0.2529296875 0.2001953125 0.240234375 0.19140625 0.2900390625 0.224609375 0.3037109375