0 0.318359375 0.7568359375 0.3310546875 0.76953125 0.423828125 0.7705078125 0.4580078125 0.767578125 0.490234375 0.7373046875 0.4091796875 0.673828125 0.318359375 0.7568359375
0 0.1767578125 0.63671875 0.158203125 0.7490234375 0.232421875 0.7607421875 0.25390625 0.7548828125 0.234375 0.6767578125 0.2060546875 0.64453125 0.1767578125 0.63671875
0 0.5830078125 0.583984375 0.56640625 0.5908203125 0.578125 0.5986328125 0.5546875 0.6748046875 0.552734375 0.7431640625 0.5703125 0.7470703125 0.607421875 0.7333984375 0.62890625 0.6650390625 0.60546875 0.5986328125 0.5830078125 0.583984375
0 0.6591796875 0.595703125 0.62890625 0.6337890625 0.6328125 0.6826171875 0.6591796875 0.70703125 0.681640625 0.7060546875 0.75 0.6728515625 0.74609375 0.6376953125 0.7080078125 0.5859375 0.6591796875 0.595703125
0 0.853515625 0.6748046875 0.861328125 0.6376953125 0.8212890625 0.63671875 0.81640625 0.6708984375 0.853515625 0.6748046875
0 0.5908203125 0.328125 0.58984375 0.3115234375 0.6064453125 0.3125 0.6552734375 0.25390625 0.6806640625 0.265625 0.6884765625 0.244140625 0.7216796875 0.244140625 0.732421875 0.0849609375 0.5380859375 0.095703125 0.3662109375 0.134765625 0.3515625 0.1552734375 0.35546875 0.2236328125 0.42578125 0.2724609375 0.41796875 0.3427734375 0.4453125 0.3583984375 0.470703125 0.3154296875 0.484375 0.3193359375 0.4951171875 0.267578125 0.5908203125 0.328125
0 0.59375 0.4521484375 0.6171875 0.4775390625 0.646484375 0.4462890625 0.625 0.3974609375 0.5986328125 0.390625 0.59375 0.4521484375
0 0.30859375 0.4931640625 0.3125 0.4638671875 0.2685546875 0.447265625 0.25390625 0.4755859375 0.30859375 0.4931640625
0 0.294921875 0.6181640625 0.322265625 0.6220703125 0.33203125 0.5849609375 0.3037109375 0.548828125 0.28125 0.5810546875 0.294921875 0.6181640625
0 0.765625 0.3154296875 0.77734375 0.2666015625 0.7451171875 0.248046875 0.732421875 0.2587890625 0.765625 0.3154296875
0 0.837890625 0.3095703125 0.833984375 0.2626953125 0.7822265625 0.23828125 0.806640625 0.3076171875 0.837890625 0.3095703125
0 0.76171875 0.1259765625 0.7822265625 0.125 0.8017578125 0.091796875 0.849609375 0.0908203125 0.837890625 0.0400390625 0.8525390625 0.013671875 0.7724609375 0.041015625 0.7490234375 0.0703125 0.708984375 0.0576171875 0.7138671875 0.078125 0.732421875 0.0791015625 0.75 0.1494140625 0.74609375 0.1279296875 0.7548828125 0.12109375 0.7626953125 0.140625 0.76171875 0.1259765625
0 0.5361328125 0.369140625 0.5703125 0.3740234375 0.580078125 0.3486328125 0.5615234375 0.32421875 0.501953125 0.3310546875 0.5361328125 0.369140625
0 0.28125 0.3603515625 0.2890625 0.3369140625 0.2607421875 0.31640625 0.251953125 0.3388671875 0.28125 0.3603515625
0 0.146484375 0.4833984375 0.181640625 0.4853515625 0.224609375 0.4619140625 0.2353515625 0.416015625 0.158203125 0.4423828125 0.146484375 0.4833984375
0 0.8642578125 0.109375 0.869140625 0.1669921875 0.8515625 0.1962890625 0.8828125 0.2451171875 0.908203125 0.2568359375 0.9375 0.2158203125 0.93359375 0.1279296875 0.9150390625 0.10546875 0.8642578125 0.109375
0 0.91796875 0.6455078125 0.9609375 0.5947265625 0.8798828125 0.587890625 0.865234375 0.6435546875 0.91796875 0.6455078125