0 0.4208984375 0.24609375 0.474609375 0.2490234375 0.484375 0.2294921875 0.4423828125 0.1953125 0.408203125 0.2236328125 0.4208984375 0.24609375
0 0.4091796875 0.33984375 0.412109375 0.3837890625 0.427734375 0.3916015625 0.5126953125 0.373046875 0.501953125 0.3310546875 0.4638671875 0.3125 0.4091796875 0.33984375
0 0.365234375 0.3017578125 0.376953125 0.2861328125 0.3486328125 0.275390625 0.341796875 0.2939453125 0.365234375 0.3017578125
0 0.353515625 0.2216796875 0.3671875 0.1923828125 0.3486328125 0.18359375 0.333984375 0.2158203125 0.353515625 0.2216796875
0 0.361328125 0.5908203125 0.390625 0.5283203125 0.3310546875 0.5078125 0.310546875 0.5419921875 0.361328125 0.5908203125
0 0.2294921875 0.6484375 0.275390625 0.6728515625 0.2734375 0.6298828125 0.2470703125 0.587890625 0.205078125 0.6123046875 0.2294921875 0.6484375
0 0.095703125 0.7353515625 0.1103515625 0.779296875 0.1748046875 0.775390625 0.25 0.7978515625 0.1767578125 0.7109375 0.1376953125 0.703125 0.1337890625 0.73046875 0.095703125 0.7353515625
0 0.4912109375 0.548828125 0.439453125 0.5673828125 0.4990234375 0.591796875 0.51953125 0.6123046875 0.521484375 0.6533203125 0.56640625 0.6787109375 0.6552734375 0.650390625 0.685546875 0.6044921875 0.5224609375 0.583984375 0.4912109375 0.548828125
0 0.4990234375 0.734375 0.564453125 0.7392578125 0.572265625 0.7236328125 0.5322265625 0.69140625 0.45703125 0.7099609375 0.4990234375 0.734375
0 0.7685546875 0.53125 0.6611328125 0.53125 0.689453125 0.5751953125 0.703125 0.5732421875 0.685546875 0.5947265625 0.7265625 0.6201171875 0.7802734375 0.609375 0.810546875 0.5810546875 0.810546875 0.5556640625 0.7685546875 0.53125
0 0.5390625 0.4326171875 0.5517578125 0.4609375 0.578125 0.4619140625 0.607421875 0.4326171875 0.60546875 0.4091796875 0.5576171875 0.40234375 0.5390625 0.4326171875
0 0.53125 0.4638671875 0.5107421875 0.453125 0.470703125 0.4697265625 0.4697265625 0.498046875 0.5048828125 0.50390625 0.5244140625 0.541015625 0.55859375 0.5458984375 0.578125 0.5322265625 0.5595703125 0.484375 0.5302734375 0.482421875 0.53125 0.4638671875
0 0.87890625 0.2861328125 0.8134765625 0.26171875 0.81640625 0.2333984375 0.8017578125 0.216796875 0.7607421875 0.216796875 0.728515625 0.2392578125 0.7685546875 0.25 0.77734375 0.2724609375 0.763671875 0.2802734375 0.7783203125 0.296875 0.7998046875 0.2890625 0.8046875 0.3076171875 0.7890625 0.3642578125 0.734375 0.3857421875 0.82421875 0.4091796875 0.84375 0.3896484375 0.83984375 0.3330078125 0.87109375 0.3251953125 0.87890625 0.2861328125
0 0.689453125 0.4599609375 0.7265625 0.4443359375 0.7177734375 0.40625 0.666015625 0.4423828125 0.689453125 0.4599609375
0 0.892578125 0.1279296875 0.8818359375 0.0859375 0.779296875 0.0751953125 0.8662109375 0.126953125 0.892578125 0.1279296875
0 0.626953125 0.1240234375 0.6484375 0.1279296875 0.7578125 0.0966796875 0.7255859375 0.078125 0.6416015625 0.095703125 0.626953125 0.1240234375
0 0.8896484375 0.23046875 0.849609375 0.2470703125 0.919921875 0.2685546875 0.8896484375 0.23046875
0 0.8876953125 0.60546875 0.8359375 0.6220703125 0.8515625 0.6669921875 0.8876953125 0.60546875
0 0.41796875 0.1298828125 0.455078125 0.1435546875 0.4951171875 0.11328125 0.5205078125 0.119140625 0.5546875 0.0712890625 0.41796875 0.1298828125
0 0.3125 0.8291015625 0.326171875 0.8037109375 0.2919921875 0.7890625 0.2890625 0.8251953125 0.3125 0.8291015625