0 0.3359375 0.2451171875 0.3603515625 0.287109375 0.38671875 0.2919921875 0.3984375 0.2802734375 0.384765625 0.2236328125 0.3662109375 0.2109375 0.3359375 0.2451171875
0 0.4052734375 0.484375 0.42578125 0.4833984375 0.453125 0.4736328125 0.4482421875 0.44140625 0.396484375 0.4560546875 0.4052734375 0.484375
0 0.4873046875 0.576171875 0.47265625 0.5888671875 0.4833984375 0.6328125 0.5703125 0.6396484375 0.5908203125 0.63671875 0.59765625 0.6142578125 0.5576171875 0.583984375 0.4873046875 0.576171875
0 0.427734375 0.6357421875 0.3955078125 0.62109375 0.3505859375 0.62890625 0.33203125 0.6826171875 0.369140625 0.7373046875 0.34375 0.8056640625 0.37890625 0.8173828125 0.43359375 0.7978515625 0.400390625 0.6650390625 0.40625 0.6435546875 0.427734375 0.6357421875
0 0.5166015625 0.720703125 0.546875 0.7197265625 0.55859375 0.7060546875 0.5380859375 0.689453125 0.501953125 0.7041015625 0.5166015625 0.720703125
0 0.53125 0.8369140625 0.556640625 0.8154296875 0.5341796875 0.7890625 0.4970703125 0.78515625 0.451171875 0.8251953125 0.4736328125 0.84375 0.52734375 0.8466796875 0.484375 0.8779296875 0.4951171875 0.8984375 0.52734375 0.9033203125 0.55078125 0.8798828125 0.5458984375 0.859375 0.53125 0.8662109375 0.53125 0.8369140625
0 0.419921875 0.2470703125 0.431640625 0.2490234375 0.46875 0.2275390625 0.4658203125 0.203125 0.42578125 0.2119140625 0.419921875 0.2470703125
0 0.6640625 0.7353515625 0.681640625 0.7373046875 0.6953125 0.7275390625 0.685546875 0.7060546875 0.6572265625 0.6953125 0.6640625 0.7353515625
0 0.560546875 0.7783203125 0.591796875 0.7919921875 0.6376953125 0.76953125 0.6328125 0.7568359375 0.5830078125 0.751953125 0.560546875 0.7783203125
0 0.7333984375 0.814453125 0.765625 0.8134765625 0.775390625 0.8017578125 0.7548828125 0.7734375 0.7109375 0.7900390625 0.7333984375 0.814453125
0 0.7490234375 0.861328125 0.775390625 0.8603515625 0.79296875 0.8564453125 0.7900390625 0.84375 0.74609375 0.8466796875 0.7490234375 0.861328125
0 0.62890625 0.9248046875 0.6953125 0.9462890625 0.71484375 0.9169921875 0.69140625 0.8623046875 0.6376953125 0.876953125 0.62890625 0.9248046875