0 0.3564453125 0.23046875 0.337890625 0.2490234375 0.34375 0.2998046875 0.38671875 0.3427734375 0.400390625 0.3251953125 0.384765625 0.2978515625 0.390625 0.2431640625 0.3564453125 0.23046875
0 0.58984375 0.5615234375 0.60546875 0.5478515625 0.5869140625 0.537109375 0.576171875 0.5576171875 0.58984375 0.5615234375
0 0.5244140625 0.611328125 0.5703125 0.6201171875 0.58203125 0.5947265625 0.5634765625 0.56640625 0.515625 0.5849609375 0.5244140625 0.611328125
0 0.59375 0.6904296875 0.615234375 0.6826171875 0.6044921875 0.658203125 0.578125 0.6708984375 0.59375 0.6904296875
0 0.5625 0.7431640625 0.5625 0.7080078125 0.5400390625 0.708984375 0.5390625 0.7314453125 0.5625 0.7431640625
0 0.8251953125 0.630859375 0.810546875 0.6552734375 0.85546875 0.6708984375 0.873046875 0.6650390625 0.873046875 0.6357421875 0.8486328125 0.623046875 0.8251953125 0.630859375
0 0.9140625 0.5869140625 0.923828125 0.5634765625 0.8779296875 0.54296875 0.87109375 0.5732421875 0.9140625 0.5869140625
0 0.8857421875 0.96875 0.876953125 0.9853515625 0.89453125 0.9873046875 0.8857421875 0.96875
0 0.9345703125 0.6875 0.92578125 0.7314453125 0.947265625 0.7705078125 0.9423828125 0.759765625 0.96875 0.7509765625 0.970703125 0.7041015625 0.9345703125 0.6875
0 0.091796875 0.1962890625 0.0986328125 0.234375 0.154296875 0.2412109375 0.177734375 0.2021484375 0.1669921875 0.189453125 0.1123046875 0.181640625 0.091796875 0.1962890625
0 0.265625 0.1005859375 0.341796875 0.0517578125 0.2763671875 0.046875 0.25 0.0830078125 0.265625 0.1005859375
0 0.091796875 0.0673828125 0.1171875 0.0458984375 0.048828125 0.0322265625 0.0537109375 0.0625 0.091796875 0.0673828125
0 0.509765625 0.1279296875 0.517578125 0.1083984375 0.4931640625 0.095703125 0.48828125 0.1220703125 0.509765625 0.1279296875
0 0.609375 0.1806640625 0.625 0.1611328125 0.5869140625 0.140625 0.560546875 0.1591796875 0.609375 0.1806640625
0 0.7314453125 0.318359375 0.703125 0.3447265625 0.734375 0.3603515625 0.7314453125 0.318359375
0 0.78515625 0.4208984375 0.8037109375 0.390625 0.76953125 0.3955078125 0.76953125 0.4150390625 0.78515625 0.4208984375
0 0.7490234375 0.5078125 0.720703125 0.5205078125 0.748046875 0.5361328125 0.7490234375 0.5078125
0 0.416015625 0.5673828125 0.4296875 0.5400390625 0.4033203125 0.513671875 0.392578125 0.5556640625 0.416015625 0.5673828125
0 0.25390625 0.4228515625 0.2568359375 0.455078125 0.31640625 0.4736328125 0.333984375 0.4482421875 0.3291015625 0.42578125 0.2861328125 0.4140625 0.25390625 0.4228515625
0 0.4296875 0.4521484375 0.451171875 0.4326171875 0.4228515625 0.412109375 0.39453125 0.4345703125 0.4296875 0.4521484375
0 0.4921875 0.7294921875 0.5 0.7001953125 0.4775390625 0.69140625 0.466796875 0.7197265625 0.4921875 0.7294921875
0 0.2236328125 0.3046875 0.1953125 0.3232421875 0.1953125 0.3974609375 0.21484375 0.3974609375 0.2548828125 0.39453125 0.2578125 0.3798828125 0.25 0.3154296875 0.2236328125 0.3046875
0 0.111328125 0.3310546875 0.0654296875 0.302734375 0.08203125 0.3525390625 0.111328125 0.3310546875
0 0.18359375 0.4345703125 0.1572265625 0.404296875 0.09765625 0.4111328125 0.1064453125 0.4296875 0.18359375 0.4345703125