0 0.5986328125 0.361328125 0.623046875 0.3623046875 0.650390625 0.3349609375 0.6337890625 0.3125 0.58984375 0.3310546875 0.5986328125 0.361328125
0 0.60546875 0.3798828125 0.6142578125 0.40234375 0.66015625 0.4228515625 0.6943359375 0.41015625 0.708984375 0.3798828125 0.6630859375 0.369140625 0.60546875 0.3798828125
0 0.251953125 0.4873046875 0.29296875 0.5009765625 0.322265625 0.4912109375 0.30859375 0.4521484375 0.2451171875 0.44140625 0.251953125 0.4873046875
0 0.4453125 0.5556640625 0.33984375 0.5537109375 0.37109375 0.5810546875 0.4453125 0.5556640625
0 0.841796875 0.5966796875 0.861328125 0.5810546875 0.8505859375 0.564453125 0.763671875 0.5634765625 0.841796875 0.5966796875
0 0.7177734375 0.4921875 0.76171875 0.4951171875 0.77734375 0.4775390625 0.7646484375 0.458984375 0.705078125 0.4716796875 0.7177734375 0.4921875
0 0.5908203125 0.642578125 0.59375 0.7001953125 0.560546875 0.7255859375 0.603515625 0.7373046875 0.626953125 0.7314453125 0.6298828125 0.705078125 0.705078125 0.6669921875 0.5908203125 0.642578125
0 0.6376953125 0.83203125 0.677734375 0.8408203125 0.701171875 0.8310546875 0.6962890625 0.8046875 0.634765625 0.8056640625 0.6376953125 0.83203125
0 0.8388671875 0.74609375 0.8671875 0.7490234375 0.888671875 0.7373046875 0.8896484375 0.716796875 0.8125 0.7099609375 0.8388671875 0.74609375
0 0.4921875 0.8720703125 0.5146484375 0.84375 0.453125 0.8486328125 0.4580078125 0.8671875 0.4921875 0.8720703125
0 0.3984375 0.8662109375 0.40625 0.8427734375 0.3896484375 0.83203125 0.318359375 0.8388671875 0.3984375 0.8662109375
0 0.2822265625 0.71875 0.337890625 0.7275390625 0.333984375 0.6962890625 0.3095703125 0.677734375 0.2734375 0.7021484375 0.2822265625 0.71875
0 0.45703125 0.7353515625 0.482421875 0.6826171875 0.4423828125 0.673828125 0.40625 0.7080078125 0.45703125 0.7353515625
0 0.5234375 0.7705078125 0.5703125 0.7880859375 0.595703125 0.7744140625 0.5791015625 0.751953125 0.5400390625 0.75 0.5234375 0.7705078125
0 0.5322265625 0.84375 0.5625 0.8447265625 0.58203125 0.8310546875 0.5751953125 0.8125 0.529296875 0.8291015625 0.5322265625 0.84375
0 0.6162109375 0.91015625 0.6484375 0.9091796875 0.66796875 0.8994140625 0.6630859375 0.87109375 0.6015625 0.8916015625 0.6162109375 0.91015625
0 0.546875 0.9443359375 0.548828125 0.9267578125 0.5126953125 0.908203125 0.439453125 0.9072265625 0.546875 0.9443359375
0 0.83984375 0.6728515625 0.85546875 0.6591796875 0.8408203125 0.63671875 0.798828125 0.6552734375 0.83984375 0.6728515625
0 0.8994140625 0.474609375 0.896484375 0.5478515625 0.923828125 0.5615234375 0.94140625 0.5478515625 0.939453125 0.5205078125 0.92578125 0.4892578125 0.8994140625 0.474609375