0 0.2744140625 0.12890625 0.27734375 0.1650390625 0.3359375 0.2119140625 0.37109375 0.1982421875 0.376953125 0.1513671875 0.3427734375 0.123046875 0.2744140625 0.12890625
0 0.1767578125 0.24609375 0.138671875 0.3173828125 0.212890625 0.3173828125 0.234375 0.3134765625 0.23046875 0.2666015625 0.1865234375 0.265625 0.1767578125 0.24609375
0 0.4892578125 0.314453125 0.46875 0.3369140625 0.4853515625 0.359375 0.5546875 0.3623046875 0.6337890625 0.353515625 0.640625 0.3037109375 0.5673828125 0.296875 0.4892578125 0.314453125
0 0.53125 0.0537109375 0.5615234375 0.0546875 0.5615234375 0.037109375 0.5283203125 0.037109375 0.4775390625 0.064453125 0.470703125 0.0751953125 0.517578125 0.1279296875 0.53515625 0.2041015625 0.6513671875 0.201171875 0.6875 0.2431640625 0.658203125 0.2861328125 0.6875 0.2958984375 0.7734375 0.2744140625 0.7138671875 0.201171875 0.560546875 0.0966796875 0.53125 0.0537109375
0 0.6884765625 0.30859375 0.7734375 0.2919921875 0.7529296875 0.2578125 0.7099609375 0.24609375 0.666015625 0.2900390625 0.685546875 0.3056640625 0.7001953125 0.373046875 0.78515625 0.3779296875 0.783203125 0.4013671875 0.748046875 0.4306640625 0.7529296875 0.44921875 0.779296875 0.4521484375 0.8212890625 0.435546875 0.87109375 0.3857421875 0.8154296875 0.3203125 0.6884765625 0.30859375
0 0.5029296875 0.521484375 0.556640625 0.5283203125 0.595703125 0.4970703125 0.5556640625 0.47265625 0.490234375 0.5068359375 0.5029296875 0.521484375
0 0.13671875 0.5810546875 0.1640625 0.5556640625 0.1552734375 0.53125 0.0625 0.5517578125 0.13671875 0.5810546875
0 0.1904296875 0.74609375 0.25390625 0.7626953125 0.271484375 0.7568359375 0.2587890625 0.71484375 0.177734375 0.7158203125 0.1904296875 0.74609375
0 0.7724609375 0.85546875 0.8037109375 0.87109375 0.8603515625 0.861328125 0.875 0.8447265625 0.7900390625 0.814453125 0.6435546875 0.80078125 0.724609375 0.7529296875 0.7099609375 0.73046875 0.6533203125 0.7421875 0.5927734375 0.783203125 0.4912109375 0.7734375 0.4287109375 0.75 0.3720703125 0.755859375 0.361328125 0.7841796875 0.3720703125 0.806640625 0.48046875 0.8193359375 0.3828125 0.8681640625 0.4052734375 0.900390625 0.462890625 0.9130859375 0.5224609375 0.892578125 0.6611328125 0.88671875 0.7255859375 0.857421875 0.7724609375 0.85546875
0 0.3095703125 0.419921875 0.26953125 0.4404296875 0.3203125 0.4599609375 0.3095703125 0.419921875
0 0.685546875 0.6162109375 0.716796875 0.6240234375 0.73828125 0.6142578125 0.734375 0.5986328125 0.6962890625 0.59375 0.685546875 0.6162109375
0 0.3779296875 0.037109375 0.251953125 0.0146484375 0.357421875 0.0947265625 0.3779296875 0.037109375