0 0.7314453125 0.271484375 0.6318359375 0.26953125 0.5849609375 0.314453125 0.5439453125 0.296875 0.51953125 0.3134765625 0.5009765625 0.373046875 0.5419921875 0.375 0.5830078125 0.431640625 0.6240234375 0.423828125 0.6376953125 0.396484375 0.6630859375 0.435546875 0.6953125 0.4443359375 0.818359375 0.3759765625 0.7763671875 0.341796875 0.71875 0.3349609375 0.7314453125 0.271484375
0 0.5712890625 0.52734375 0.544921875 0.5380859375 0.5322265625 0.625 0.693359375 0.6552734375 0.734375 0.6123046875 0.7080078125 0.578125 0.6357421875 0.580078125 0.5712890625 0.52734375
0 0.353515625 0.8369140625 0.447265625 0.8505859375 0.5 0.8212890625 0.5 0.7529296875 0.4033203125 0.734375 0.353515625 0.8369140625
0 0.203125 0.7880859375 0.216796875 0.8271484375 0.2421875 0.8330078125 0.294921875 0.7978515625 0.2685546875 0.765625 0.2138671875 0.7734375 0.203125 0.7880859375
0 0.20703125 0.6162109375 0.2421875 0.6748046875 0.28515625 0.6142578125 0.2626953125 0.583984375 0.2373046875 0.583984375 0.20703125 0.6162109375
0 0.04296875 0.6044921875 0.0615234375 0.689453125 0.1142578125 0.6875 0.14453125 0.7021484375 0.166015625 0.6728515625 0.134765625 0.6552734375 0.1240234375 0.61328125 0.04296875 0.6044921875
0 0.361328125 0.2041015625 0.34765625 0.1845703125 0.392578125 0.1669921875 0.375 0.1572265625 0.3740234375 0.125 0.33984375 0.1474609375 0.3310546875 0.17578125 0.2421875 0.1982421875 0.23046875 0.2431640625 0.1875 0.2841796875 0.216796875 0.2900390625 0.2431640625 0.26953125 0.2861328125 0.28125 0.33984375 0.2392578125 0.361328125 0.2041015625
0 0.5244140625 0.125 0.4990234375 0.0703125 0.466796875 0.0869140625 0.4482421875 0.134765625 0.408203125 0.1455078125 0.4296875 0.1591796875 0.5693359375 0.142578125 0.583984375 0.1259765625 0.5634765625 0.10546875 0.5244140625 0.125
0 0.8583984375 0.017578125 0.744140625 0.0361328125 0.7626953125 0.05859375 0.7734375 0.0458984375 0.7783203125 0.123046875 0.8525390625 0.134765625 0.876953125 0.1591796875 0.87890625 0.1064453125 0.93359375 0.0927734375 0.9345703125 0.02734375 0.8583984375 0.017578125
0 0.578125 0.2412109375 0.6181640625 0.232421875 0.640625 0.1982421875 0.5732421875 0.1875 0.578125 0.2412109375
0 0.140625 0.4228515625 0.166015625 0.3779296875 0.1337890625 0.359375 0.099609375 0.4150390625 0.140625 0.4228515625