0 0.39453125 0.4814453125 0.4228515625 0.51171875 0.490234375 0.5205078125 0.517578125 0.4814453125 0.4755859375 0.439453125 0.4462890625 0.439453125 0.39453125 0.4814453125
0 0.17578125 0.4267578125 0.1728515625 0.455078125 0.240234375 0.4853515625 0.2978515625 0.470703125 0.3046875 0.4560546875 0.2802734375 0.4375 0.17578125 0.4267578125
0 0.3505859375 0.287109375 0.3837890625 0.27734375 0.435546875 0.2919921875 0.4521484375 0.25390625 0.4052734375 0.234375 0.330078125 0.2431640625 0.3505859375 0.287109375
0 0.818359375 0.4345703125 0.8125 0.4013671875 0.7861328125 0.38671875 0.7265625 0.4111328125 0.818359375 0.4345703125
0 0.080078125 0.6435546875 0.060546875 0.6923828125 0.078125 0.7001953125 0.126953125 0.6748046875 0.0810546875 0.59765625 0.0625 0.6064453125 0.080078125 0.6435546875
0 0.3291015625 0.435546875 0.36328125 0.4365234375 0.380859375 0.4208984375 0.3701171875 0.40234375 0.322265625 0.4150390625 0.3291015625 0.435546875
0 0.26953125 0.2958984375 0.294921875 0.2841796875 0.2861328125 0.255859375 0.248046875 0.2744140625 0.26953125 0.2958984375
0 0.7099609375 0.119140625 0.73046875 0.1220703125 0.75 0.1142578125 0.7431640625 0.09375 0.701171875 0.0986328125 0.7099609375 0.119140625
0 0.5244140625 0.71484375 0.5546875 0.7197265625 0.576171875 0.7099609375 0.5712890625 0.677734375 0.517578125 0.6904296875 0.5244140625 0.71484375
0 0.3388671875 0.865234375 0.357421875 0.8642578125 0.376953125 0.8369140625 0.3466796875 0.822265625 0.328125 0.8466796875 0.3388671875 0.865234375
0 0.060546875 0.8544921875 0.09375 0.8662109375 0.123046875 0.8466796875 0.0966796875 0.80859375 0.0732421875 0.802734375 0.060546875 0.8544921875
0 0.642578125 0.1083984375 0.654296875 0.0869140625 0.6376953125 0.076171875 0.623046875 0.1044921875 0.642578125 0.1083984375
0 0.76171875 0.5263671875 0.79296875 0.5029296875 0.73046875 0.5029296875 0.7451171875 0.52734375 0.76171875 0.5263671875