0 0.65625 0.0712890625 0.7177734375 0.09375 0.7939453125 0.083984375 0.849609375 0.1025390625 0.8271484375 0.0625 0.7333984375 0.03125 0.6708984375 0.03125 0.65625 0.0712890625
0 0.5791015625 0.083984375 0.51953125 0.1259765625 0.5302734375 0.142578125 0.5712890625 0.142578125 0.6025390625 0.1796875 0.67578125 0.2021484375 0.6640625 0.1630859375 0.625 0.1376953125 0.6181640625 0.0859375 0.5791015625 0.083984375
0 0.3310546875 0.630859375 0.2841796875 0.578125 0.216796875 0.5947265625 0.2236328125 0.615234375 0.2822265625 0.658203125 0.384765625 0.6923828125 0.4501953125 0.6875 0.47265625 0.6435546875 0.4462890625 0.62109375 0.3310546875 0.630859375
0 0.6484375 0.2841796875 0.6611328125 0.294921875 0.708984375 0.2939453125 0.720703125 0.2724609375 0.7060546875 0.25390625 0.65625 0.2587890625 0.6484375 0.2841796875
0 0.6513671875 0.310546875 0.63671875 0.3251953125 0.638671875 0.3623046875 0.611328125 0.4287109375 0.642578125 0.4462890625 0.7060546875 0.421875 0.7421875 0.3876953125 0.6904296875 0.3125 0.6513671875 0.310546875
0 0.3642578125 0.328125 0.431640625 0.3291015625 0.4716796875 0.310546875 0.474609375 0.2939453125 0.3515625 0.3017578125 0.3642578125 0.328125
0 0.193359375 0.2822265625 0.228515625 0.3056640625 0.2373046875 0.337890625 0.26953125 0.3447265625 0.28515625 0.3330078125 0.2763671875 0.298828125 0.2216796875 0.2734375 0.193359375 0.2822265625
0 0.267578125 0.4267578125 0.3046875 0.4091796875 0.2744140625 0.380859375 0.220703125 0.4033203125 0.267578125 0.4267578125
0 0.4794921875 0.453125 0.4169921875 0.439453125 0.3642578125 0.46875 0.3173828125 0.44921875 0.2880859375 0.490234375 0.205078125 0.4873046875 0.2197265625 0.509765625 0.3271484375 0.517578125 0.3642578125 0.5546875 0.455078125 0.5595703125 0.4833984375 0.517578125 0.556640625 0.4755859375 0.5263671875 0.439453125 0.4794921875 0.453125
0 0.4375 0.4052734375 0.525390625 0.4482421875 0.591796875 0.3798828125 0.5302734375 0.33984375 0.4775390625 0.349609375 0.4375 0.4052734375
0 0.447265625 0.8349609375 0.4619140625 0.853515625 0.529296875 0.8603515625 0.560546875 0.8388671875 0.5419921875 0.810546875 0.4736328125 0.8125 0.447265625 0.8349609375
0 0.52734375 0.7294921875 0.5302734375 0.74609375 0.59375 0.7509765625 0.6220703125 0.74609375 0.630859375 0.7197265625 0.5556640625 0.70703125 0.52734375 0.7294921875
0 0.580078125 0.5341796875 0.5986328125 0.5625 0.630859375 0.5673828125 0.65625 0.5595703125 0.66015625 0.5185546875 0.5966796875 0.494140625 0.580078125 0.5341796875
0 0.62890625 0.6513671875 0.6640625 0.6591796875 0.705078125 0.6318359375 0.7138671875 0.58984375 0.642578125 0.6103515625 0.62890625 0.6513671875
0 0.685546875 0.5380859375 0.70703125 0.5595703125 0.7890625 0.5029296875 0.7646484375 0.486328125 0.7060546875 0.484375 0.685546875 0.5380859375
0 0.779296875 0.6064453125 0.837890625 0.5654296875 0.7841796875 0.55078125 0.76171875 0.5810546875 0.779296875 0.6064453125
0 0.880859375 0.6845703125 0.8056640625 0.716796875 0.7099609375 0.732421875 0.7080078125 0.763671875 0.75 0.7685546875 0.7294921875 0.8046875 0.69921875 0.8154296875 0.708984375 0.8173828125 0.7626953125 0.802734375 0.7939453125 0.765625 0.8564453125 0.736328125 0.880859375 0.6845703125
0 0.4453125 0.2392578125 0.462890625 0.2451171875 0.521484375 0.1943359375 0.4658203125 0.173828125 0.4375 0.2099609375 0.4453125 0.2392578125
0 0.7734375 0.3115234375 0.78515625 0.2666015625 0.7646484375 0.259765625 0.744140625 0.2958984375 0.7734375 0.3115234375
0 0.951171875 0.3330078125 0.9404296875 0.306640625 0.8720703125 0.328125 0.84375 0.3642578125 0.865234375 0.4462890625 0.859375 0.5615234375 0.91796875 0.5712890625 0.931640625 0.5107421875 0.96484375 0.4677734375 0.9375 0.4052734375 0.951171875 0.3330078125
0 0.7841796875 0.248046875 0.828125 0.2548828125 0.849609375 0.2451171875 0.8486328125 0.23046875 0.783203125 0.2314453125 0.7841796875 0.248046875