0 0.5029296875 0.482421875 0.544921875 0.4404296875 0.412109375 0.3466796875 0.412109375 0.2412109375 0.4716796875 0.251953125 0.533203125 0.2197265625 0.51953125 0.1728515625 0.478515625 0.1357421875 0.482421875 0.1064453125 0.4697265625 0.099609375 0.2861328125 0.203125 0.259765625 0.2490234375 0.2626953125 0.322265625 0.2978515625 0.3203125 0.283203125 0.3017578125 0.3076171875 0.310546875 0.3193359375 0.296875 0.34765625 0.3173828125 0.314453125 0.4697265625 0.3408203125 0.5078125 0.36328125 0.5126953125 0.384765625 0.4931640625 0.3818359375 0.46484375 0.4482421875 0.4609375 0.5029296875 0.482421875
0 0.8154296875 0.05078125 0.81640625 0.0341796875 0.7783203125 0.0234375 0.7275390625 0.033203125 0.7099609375 0.015625 0.6806640625 0.0390625 0.6357421875 0.041015625 0.533203125 0.0888671875 0.6201171875 0.083984375 0.666015625 0.1494140625 0.7158203125 0.05859375 0.7763671875 0.09375 0.7734375 0.0439453125 0.8154296875 0.05078125
0 0.6015625 0.2490234375 0.6103515625 0.224609375 0.533203125 0.2080078125 0.5654296875 0.240234375 0.6015625 0.2490234375
0 0.7314453125 0.18359375 0.697265625 0.1982421875 0.6904296875 0.23046875 0.6484375 0.2373046875 0.6572265625 0.265625 0.71875 0.2763671875 0.7333984375 0.251953125 0.7783203125 0.255859375 0.796875 0.2158203125 0.7314453125 0.18359375
0 0.8701171875 0.333984375 0.849609375 0.3623046875 0.875 0.3955078125 0.875 0.4208984375 0.845703125 0.4560546875 0.8818359375 0.466796875 0.892578125 0.5048828125 0.919921875 0.5263671875 0.947265625 0.4306640625 0.94921875 0.3583984375 0.9365234375 0.34375 0.8701171875 0.333984375
0 0.76953125 0.4248046875 0.7451171875 0.41796875 0.748046875 0.4384765625 0.76953125 0.4248046875
0 0.84375 0.5478515625 0.8369140625 0.572265625 0.822265625 0.5478515625 0.8203125 0.5771484375 0.84375 0.5791015625 0.876953125 0.5537109375 0.8642578125 0.517578125 0.83203125 0.5419921875 0.84375 0.5478515625
0 0.7548828125 0.5078125 0.78515625 0.5126953125 0.796875 0.4912109375 0.7900390625 0.455078125 0.73046875 0.4716796875 0.7548828125 0.5078125
0 0.658203125 0.5615234375 0.666015625 0.5322265625 0.6396484375 0.515625 0.599609375 0.5537109375 0.658203125 0.5615234375
0 0.3994140625 0.638671875 0.443359375 0.6396484375 0.478515625 0.6103515625 0.4111328125 0.5859375 0.3828125 0.6142578125 0.3994140625 0.638671875
0 0.45703125 0.7841796875 0.46875 0.7666015625 0.4404296875 0.7578125 0.4375 0.7802734375 0.45703125 0.7841796875
0 0.3310546875 0.814453125 0.357421875 0.8212890625 0.38671875 0.7841796875 0.3662109375 0.767578125 0.31640625 0.7880859375 0.3310546875 0.814453125
0 0.4814453125 0.86328125 0.4404296875 0.8671875 0.4365234375 0.888671875 0.3662109375 0.86328125 0.326171875 0.8720703125 0.3193359375 0.904296875 0.3818359375 0.9453125 0.4375 0.9580078125 0.466796875 0.9482421875 0.455078125 0.9091796875 0.484375 0.8818359375 0.4814453125 0.86328125
0 0.2783203125 0.578125 0.2451171875 0.580078125 0.20703125 0.6181640625 0.2431640625 0.671875 0.287109375 0.6923828125 0.310546875 0.6767578125 0.314453125 0.6416015625 0.283203125 0.6123046875 0.2783203125 0.578125
0 0.4931640625 0.853515625 0.556640625 0.8623046875 0.564453125 0.8349609375 0.5283203125 0.802734375 0.486328125 0.8134765625 0.4931640625 0.853515625
0 0.6923828125 0.67578125 0.716796875 0.6787109375 0.73828125 0.6669921875 0.7314453125 0.65625 0.67578125 0.6455078125 0.6923828125 0.67578125
0 0.7734375 0.7060546875 0.791015625 0.7001953125 0.7841796875 0.685546875 0.744140625 0.6865234375 0.7734375 0.7060546875
0 0.705078125 0.7705078125 0.75390625 0.7275390625 0.6962890625 0.72265625 0.669921875 0.7626953125 0.705078125 0.7705078125
0 0.125 0.6787109375 0.09375 0.7275390625 0.1005859375 0.7421875 0.13671875 0.7490234375 0.140625 0.6962890625 0.154296875 0.6845703125 0.1455078125 0.671875 0.125 0.6787109375