0 0.22265625 0.2783203125 0.2880859375 0.333984375 0.326171875 0.3388671875 0.365234375 0.2431640625 0.318359375 0.1826171875 0.3271484375 0.158203125 0.22265625 0.2783203125
0 0.4599609375 0.421875 0.4208984375 0.421875 0.3837890625 0.392578125 0.349609375 0.4052734375 0.3759765625 0.478515625 0.505859375 0.5224609375 0.517578125 0.4853515625 0.4951171875 0.4609375 0.45703125 0.4501953125 0.4599609375 0.421875
0 0.765625 0.4365234375 0.6826171875 0.431640625 0.654296875 0.4091796875 0.658203125 0.3837890625 0.6357421875 0.361328125 0.5478515625 0.345703125 0.5078125 0.3818359375 0.5302734375 0.46875 0.6318359375 0.44140625 0.638671875 0.4248046875 0.62890625 0.4755859375 0.595703125 0.5283203125 0.595703125 0.5458984375 0.615234375 0.5498046875 0.607421875 0.5908203125 0.623046875 0.5986328125 0.68359375 0.5048828125 0.6875 0.4755859375 0.7451171875 0.4609375 0.765625 0.4365234375
0 0.5234375 0.7783203125 0.5419921875 0.767578125 0.5849609375 0.79296875 0.6806640625 0.78515625 0.697265625 0.7646484375 0.728515625 0.7099609375 0.6640625 0.6904296875 0.671875 0.6513671875 0.6455078125 0.609375 0.5576171875 0.626953125 0.5263671875 0.669921875 0.501953125 0.6591796875 0.484375 0.6123046875 0.4365234375 0.578125 0.37890625 0.6103515625 0.4189453125 0.65625 0.45703125 0.6611328125 0.45703125 0.6923828125 0.43359375 0.7197265625 0.455078125 0.7255859375 0.4501953125 0.755859375 0.462890625 0.7529296875 0.4716796875 0.703125 0.513671875 0.7001953125 0.48828125 0.7939453125 0.5 0.8173828125 0.5546875 0.8056640625 0.525390625 0.7919921875 0.548828125 0.7861328125 0.5234375 0.7783203125
0 0.126953125 0.4580078125 0.1953125 0.5087890625 0.2314453125 0.505859375 0.234375 0.4716796875 0.1474609375 0.419921875 0.126953125 0.4580078125
0 0.1826171875 0.583984375 0.169921875 0.5986328125 0.173828125 0.6611328125 0.2353515625 0.6875 0.240234375 0.7177734375 0.2578125 0.7294921875 0.267578125 0.7021484375 0.25 0.6767578125 0.248046875 0.6279296875 0.1826171875 0.583984375
0 0.576171875 0.1396484375 0.57421875 0.1689453125 0.587890625 0.1787109375 0.625 0.1650390625 0.625 0.1376953125 0.6083984375 0.125 0.576171875 0.1396484375
0 0.220703125 0.8466796875 0.2421875 0.8623046875 0.279296875 0.8427734375 0.2744140625 0.81640625 0.234375 0.8154296875 0.220703125 0.8466796875
0 0.71875 0.0947265625 0.748046875 0.0986328125 0.8203125 0.0576171875 0.7216796875 0.0546875 0.7109375 0.0673828125 0.71875 0.0947265625
0 0.9404296875 0.1875 0.900390625 0.2001953125 0.912109375 0.2373046875 0.849609375 0.3037109375 0.873046875 0.3134765625 0.9033203125 0.306640625 0.9306640625 0.265625 0.970703125 0.2568359375 0.9404296875 0.1875
0 0.744140625 0.2802734375 0.779296875 0.3154296875 0.8125 0.3017578125 0.814453125 0.2529296875 0.7666015625 0.232421875 0.744140625 0.2802734375
0 0.462890625 0.1611328125 0.49609375 0.1357421875 0.4462890625 0.126953125 0.439453125 0.1552734375 0.462890625 0.1611328125
0 0.4296875 0.3779296875 0.435546875 0.3583984375 0.4169921875 0.345703125 0.404296875 0.3740234375 0.4296875 0.3779296875
0 0.896484375 0.0986328125 0.88671875 0.1279296875 0.9296875 0.1455078125 0.9375 0.0732421875 0.8994140625 0.05078125 0.880859375 0.0791015625 0.896484375 0.0986328125