0 0.37890625 0.3974609375 0.3671875 0.4365234375 0.4287109375 0.474609375 0.4921875 0.4794921875 0.50390625 0.4619140625 0.48828125 0.3837890625 0.4208984375 0.3515625 0.37890625 0.3974609375
0 0.79296875 0.4580078125 0.6865234375 0.455078125 0.546875 0.5166015625 0.5634765625 0.546875 0.65625 0.5576171875 0.67578125 0.5537109375 0.6962890625 0.486328125 0.7744140625 0.486328125 0.79296875 0.4580078125
0 0.5908203125 0.2109375 0.6064453125 0.248046875 0.498046875 0.2529296875 0.490234375 0.3193359375 0.5087890625 0.390625 0.5361328125 0.375 0.5595703125 0.392578125 0.6240234375 0.3828125 0.66015625 0.4111328125 0.68359375 0.3662109375 0.6748046875 0.20703125 0.6201171875 0.220703125 0.5908203125 0.2109375
0 0.595703125 0.0849609375 0.623046875 0.0439453125 0.6142578125 0.029296875 0.5439453125 0.009765625 0.482421875 0.0322265625 0.4873046875 0.048828125 0.5263671875 0.044921875 0.5322265625 0.076171875 0.6123046875 0.12109375 0.64453125 0.1240234375 0.65625 0.1181640625 0.6513671875 0.09765625 0.6103515625 0.103515625 0.595703125 0.0849609375
0 0.6171875 0.1630859375 0.60546875 0.1826171875 0.642578125 0.1962890625 0.6484375 0.1494140625 0.6337890625 0.13671875 0.6064453125 0.14453125 0.6171875 0.1630859375
0 0.5263671875 0.1484375 0.5517578125 0.1484375 0.5517578125 0.16796875 0.5859375 0.1708984375 0.595703125 0.1533203125 0.5849609375 0.1328125 0.51171875 0.1298828125 0.5263671875 0.1484375
0 0.244140625 0.2763671875 0.25 0.2646484375 0.2255859375 0.251953125 0.16015625 0.2646484375 0.244140625 0.2763671875
0 0.201171875 0.3193359375 0.2060546875 0.33984375 0.23828125 0.3447265625 0.2998046875 0.341796875 0.3125 0.3193359375 0.2900390625 0.30859375 0.201171875 0.3193359375
0 0.283203125 0.3916015625 0.2939453125 0.41015625 0.33984375 0.4111328125 0.357421875 0.3994140625 0.3505859375 0.376953125 0.3193359375 0.373046875 0.283203125 0.3916015625
0 0.314453125 0.4931640625 0.341796875 0.4775390625 0.3427734375 0.455078125 0.27734375 0.4775390625 0.314453125 0.4931640625
0 0.482421875 0.7275390625 0.4853515625 0.75390625 0.53515625 0.7666015625 0.5625 0.7470703125 0.5732421875 0.7109375 0.5146484375 0.7109375 0.482421875 0.7275390625
0 0.640625 0.6396484375 0.6474609375 0.6640625 0.7451171875 0.669921875 0.8037109375 0.65234375 0.814453125 0.6748046875 0.875 0.5986328125 0.8369140625 0.56640625 0.7001953125 0.578125 0.640625 0.6396484375
0 0.4111328125 0.1328125 0.4453125 0.1396484375 0.474609375 0.1181640625 0.4345703125 0.099609375 0.39453125 0.1025390625 0.4111328125 0.1328125
0 0.857421875 0.4169921875 0.873046875 0.4033203125 0.8642578125 0.388671875 0.8125 0.3935546875 0.857421875 0.4169921875
0 0.923828125 0.3798828125 0.875 0.4111328125 0.880859375 0.4248046875 0.9375 0.4150390625 0.943359375 0.3818359375 0.9267578125 0.3515625 0.923828125 0.3798828125
0 0.8798828125 0.458984375 0.8359375 0.4736328125 0.865234375 0.5009765625 0.849609375 0.5439453125 0.8828125 0.5556640625 0.927734375 0.4892578125 0.9326171875 0.42578125 0.8818359375 0.4296875 0.8798828125 0.458984375
0 0.3681640625 0.330078125 0.3984375 0.3310546875 0.421875 0.3212890625 0.4169921875 0.3046875 0.35546875 0.2900390625 0.3681640625 0.330078125
0 0.8056640625 0.30078125 0.810546875 0.2822265625 0.75390625 0.2587890625 0.76953125 0.2490234375 0.748046875 0.2451171875 0.7568359375 0.203125 0.6650390625 0.19921875 0.6484375 0.2138671875 0.66015625 0.3115234375 0.6767578125 0.3359375 0.724609375 0.3486328125 0.7529296875 0.341796875 0.7734375 0.3251953125 0.7578125 0.3134765625 0.8056640625 0.30078125
0 0.654296875 0.1787109375 0.6953125 0.1923828125 0.767578125 0.1845703125 0.7138671875 0.13671875 0.6552734375 0.14453125 0.654296875 0.1787109375
0 0.416015625 0.2548828125 0.421875 0.2177734375 0.4052734375 0.201171875 0.353515625 0.2431640625 0.416015625 0.2548828125
0 0.3095703125 0.62109375 0.36328125 0.6337890625 0.373046875 0.6181640625 0.3369140625 0.587890625 0.3046875 0.5966796875 0.3095703125 0.62109375