0 0.5 0.3115234375 0.505859375 0.3388671875 0.556640625 0.3857421875 0.5927734375 0.3359375 0.626953125 0.3251953125 0.6220703125 0.314453125 0.5 0.3115234375
0 0.6875 0.2646484375 0.701171875 0.2724609375 0.728515625 0.2529296875 0.7236328125 0.236328125 0.6875 0.2373046875 0.6875 0.2646484375
0 0.71484375 0.3447265625 0.736328125 0.3251953125 0.7216796875 0.29296875 0.654296875 0.3037109375 0.71484375 0.3447265625
0 0.3828125 0.5361328125 0.4267578125 0.58984375 0.44921875 0.5966796875 0.466796875 0.5302734375 0.4248046875 0.50390625 0.3916015625 0.5078125 0.3828125 0.5361328125
0 0.4921875 0.5341796875 0.48828125 0.5576171875 0.517578125 0.5595703125 0.552734375 0.5283203125 0.5419921875 0.509765625 0.5107421875 0.509765625 0.4921875 0.5341796875
0 0.146484375 0.6279296875 0.1513671875 0.650390625 0.212890625 0.6611328125 0.236328125 0.6494140625 0.2216796875 0.60546875 0.1962890625 0.6015625 0.146484375 0.6279296875
0 0.142578125 0.4130859375 0.2001953125 0.39453125 0.208984375 0.3759765625 0.1767578125 0.353515625 0.142578125 0.4130859375
0 0.4599609375 0.1796875 0.4765625 0.1806640625 0.5078125 0.1611328125 0.5185546875 0.12890625 0.451171875 0.1572265625 0.4599609375 0.1796875
0 0.412109375 0.2607421875 0.439453125 0.2548828125 0.4326171875 0.232421875 0.3828125 0.2509765625 0.412109375 0.2607421875
0 0.416015625 0.3115234375 0.42578125 0.2998046875 0.4150390625 0.28515625 0.37890625 0.2998046875 0.416015625 0.3115234375
0 0.662109375 0.5224609375 0.68359375 0.4990234375 0.6748046875 0.482421875 0.62890625 0.4951171875 0.662109375 0.5224609375
0 0.6875 0.6240234375 0.732421875 0.6123046875 0.6884765625 0.583984375 0.658203125 0.6123046875 0.6875 0.6240234375
0 0.501953125 0.7216796875 0.55078125 0.6923828125 0.4853515625 0.693359375 0.48046875 0.7138671875 0.501953125 0.7216796875
0 0.314453125 0.7958984375 0.3076171875 0.767578125 0.28125 0.7802734375 0.2861328125 0.796875 0.314453125 0.7958984375
0 0.568359375 0.1259765625 0.6708984375 0.1171875 0.6875 0.0888671875 0.5546875 0.1220703125 0.568359375 0.1259765625
0 0.783203125 0.2958984375 0.78515625 0.2646484375 0.7548828125 0.255859375 0.75390625 0.2841796875 0.783203125 0.2958984375
0 0.58203125 0.6728515625 0.5849609375 0.689453125 0.599609375 0.6884765625 0.6640625 0.6513671875 0.6357421875 0.640625 0.6064453125 0.65234375 0.58203125 0.6728515625