0 0.48046875 0.7861328125 0.4853515625 0.814453125 0.572265625 0.8447265625 0.595703125 0.8330078125 0.5888671875 0.798828125 0.5107421875 0.775390625 0.48046875 0.7861328125
0 0.46484375 0.6845703125 0.48046875 0.6904296875 0.5361328125 0.669921875 0.541015625 0.6533203125 0.4736328125 0.638671875 0.46484375 0.6845703125
0 0.376953125 0.5595703125 0.3837890625 0.580078125 0.431640625 0.5908203125 0.451171875 0.5791015625 0.4501953125 0.55859375 0.4052734375 0.544921875 0.376953125 0.5595703125
0 0.2802734375 0.587890625 0.318359375 0.6044921875 0.33984375 0.5810546875 0.3349609375 0.548828125 0.25390625 0.5498046875 0.2802734375 0.587890625
0 0.091796875 0.5830078125 0.1171875 0.5615234375 0.0693359375 0.55078125 0.06640625 0.5673828125 0.091796875 0.5830078125
0 0.0986328125 0.634765625 0.146484375 0.6591796875 0.1455078125 0.615234375 0.1025390625 0.59765625 0.078125 0.6044921875 0.0986328125 0.634765625
0 0.2412109375 0.6875 0.1630859375 0.677734375 0.158203125 0.7001953125 0.20703125 0.7333984375 0.189453125 0.7607421875 0.271484375 0.8154296875 0.29296875 0.7978515625 0.267578125 0.7490234375 0.26953125 0.7138671875 0.2412109375 0.6875
0 0.103515625 0.7705078125 0.1083984375 0.7890625 0.158203125 0.7900390625 0.1826171875 0.78515625 0.185546875 0.7705078125 0.1533203125 0.759765625 0.103515625 0.7705078125
0 0.689453125 0.9326171875 0.7255859375 0.89453125 0.6689453125 0.890625 0.642578125 0.9052734375 0.689453125 0.9326171875
0 0.763671875 0.8408203125 0.78515625 0.8544921875 0.8046875 0.8427734375 0.806640625 0.8154296875 0.7666015625 0.810546875 0.763671875 0.8408203125
0 0.4931640625 0.462890625 0.5390625 0.4736328125 0.564453125 0.4326171875 0.5556640625 0.41796875 0.4921875 0.4384765625 0.4931640625 0.462890625
0 0.796875 0.6845703125 0.8056640625 0.65625 0.75390625 0.6591796875 0.7607421875 0.6796875 0.796875 0.6845703125
0 0.8671875 0.7607421875 0.8583984375 0.73046875 0.8359375 0.7333984375 0.8408203125 0.75390625 0.8671875 0.7607421875