0 0.4482421875 0.6484375 0.435546875 0.6826171875 0.4921875 0.7333984375 0.521484375 0.7177734375 0.51171875 0.6806640625 0.4912109375 0.6484375 0.4482421875 0.6484375
0 0.703125 0.8017578125 0.7421875 0.8076171875 0.7578125 0.8037109375 0.7578125 0.7548828125 0.7060546875 0.75390625 0.703125 0.8017578125
0 0.232421875 0.4013671875 0.2392578125 0.421875 0.2724609375 0.435546875 0.33984375 0.4384765625 0.33984375 0.4228515625 0.3056640625 0.40234375 0.2587890625 0.390625 0.232421875 0.4013671875
0 0.3544921875 0.1875 0.333984375 0.2568359375 0.375 0.2666015625 0.4150390625 0.26171875 0.43359375 0.2392578125 0.3994140625 0.193359375 0.3544921875 0.1875
0 0.4541015625 0.2890625 0.5078125 0.2978515625 0.529296875 0.2763671875 0.5244140625 0.25390625 0.453125 0.2646484375 0.4541015625 0.2890625
0 0.5234375 0.6279296875 0.5390625 0.6181640625 0.5390625 0.5947265625 0.4853515625 0.587890625 0.5234375 0.6279296875
0 0.54296875 0.5693359375 0.599609375 0.5986328125 0.6328125 0.5556640625 0.6201171875 0.537109375 0.5751953125 0.5390625 0.54296875 0.5693359375
0 0.671875 0.3642578125 0.66796875 0.3837890625 0.689453125 0.4052734375 0.646484375 0.4267578125 0.638671875 0.4736328125 0.65625 0.4853515625 0.748046875 0.4755859375 0.740234375 0.3427734375 0.7275390625 0.33203125 0.671875 0.3642578125
0 0.4931640625 0.08984375 0.4404296875 0.080078125 0.482421875 0.1142578125 0.451171875 0.2060546875 0.466796875 0.2177734375 0.4912109375 0.19140625 0.53125 0.1806640625 0.55078125 0.1318359375 0.4931640625 0.08984375
0 0.22265625 0.1533203125 0.2421875 0.1650390625 0.3486328125 0.103515625 0.345703125 0.0771484375 0.2705078125 0.068359375 0.22265625 0.1533203125
0 0.263671875 0.5283203125 0.2841796875 0.48828125 0.22265625 0.5009765625 0.2412109375 0.52734375 0.263671875 0.5283203125
0 0.2470703125 0.58984375 0.287109375 0.5966796875 0.291015625 0.5830078125 0.2646484375 0.564453125 0.22265625 0.5654296875 0.2470703125 0.58984375
0 0.3359375 0.7353515625 0.4091796875 0.818359375 0.501953125 0.8447265625 0.42578125 0.7880859375 0.435546875 0.7587890625 0.4033203125 0.736328125 0.3359375 0.7353515625
0 0.7509765625 0.580078125 0.73046875 0.6240234375 0.75 0.6630859375 0.765625 0.6630859375 0.779296875 0.6396484375 0.76953125 0.6279296875 0.794921875 0.5966796875 0.7509765625 0.580078125
0 0.103515625 0.3251953125 0.123046875 0.3369140625 0.1484375 0.3037109375 0.1376953125 0.267578125 0.09765625 0.2900390625 0.103515625 0.3251953125