0 0.4873046875 0.369140625 0.455078125 0.4033203125 0.4609375 0.4521484375 0.419921875 0.4931640625 0.423828125 0.5166015625 0.4453125 0.5205078125 0.6201171875 0.474609375 0.66015625 0.4326171875 0.5517578125 0.375 0.4873046875 0.369140625
0 0.4443359375 0.642578125 0.494140625 0.6416015625 0.4931640625 0.5859375 0.400390625 0.5830078125 0.4052734375 0.62109375 0.4443359375 0.642578125
0 0.494140625 0.6962890625 0.5029296875 0.73046875 0.5546875 0.7373046875 0.6162109375 0.72265625 0.623046875 0.6748046875 0.5341796875 0.67578125 0.494140625 0.6962890625
0 0.3583984375 0.880859375 0.353515625 0.9267578125 0.42578125 0.9501953125 0.4658203125 0.94921875 0.494140625 0.9013671875 0.4384765625 0.87109375 0.3583984375 0.880859375
0 0.419921875 0.7939453125 0.4248046875 0.81640625 0.505859375 0.8330078125 0.541015625 0.8134765625 0.5380859375 0.798828125 0.4892578125 0.783203125 0.419921875 0.7939453125
0 0.7744140625 0.826171875 0.7138671875 0.81640625 0.654296875 0.8349609375 0.6767578125 0.861328125 0.75390625 0.8779296875 0.7890625 0.8603515625 0.8271484375 0.794921875 0.8056640625 0.7890625 0.7744140625 0.826171875
0 0.53515625 0.9130859375 0.576171875 0.9599609375 0.6318359375 0.9453125 0.650390625 0.9228515625 0.5498046875 0.892578125 0.53515625 0.9130859375
0 0.703125 0.6669921875 0.73828125 0.6845703125 0.814453125 0.6494140625 0.7919921875 0.626953125 0.7333984375 0.626953125 0.703125 0.6669921875
0 0.5810546875 0.552734375 0.5791015625 0.5703125 0.61328125 0.5791015625 0.537109375 0.6201171875 0.5517578125 0.63671875 0.5859375 0.6357421875 0.75 0.5654296875 0.6865234375 0.548828125 0.6552734375 0.560546875 0.5810546875 0.552734375
0 0.8671875 0.6044921875 0.8818359375 0.548828125 0.81640625 0.5615234375 0.8388671875 0.6015625 0.8671875 0.6044921875
0 1 0.3212890625 0.9404296875 0.32421875 0.8955078125 0.27734375 0.873046875 0.3896484375 0.8408203125 0.3828125 0.82421875 0.4033203125 0.8349609375 0.4296875 0.873046875 0.4306640625 0.880859375 0.4970703125 0.916015625 0.5419921875 0.9365234375 0.517578125 0.9599609375 0.52734375 0.994140625 0.5087890625 1 0.3212890625
0 0.353515625 0.5205078125 0.3720703125 0.51171875 0.380859375 0.5224609375 0.404296875 0.4560546875 0.3701171875 0.4140625 0.3388671875 0.421875 0.314453125 0.4541015625 0.3115234375 0.517578125 0.2431640625 0.515625 0.23046875 0.5322265625 0.234375 0.5615234375 0.29296875 0.6279296875 0.287109375 0.6767578125 0.26171875 0.6904296875 0.263671875 0.7080078125 0.2998046875 0.7421875 0.34375 0.7490234375 0.359375 0.7255859375 0.349609375 0.6455078125 0.375 0.5517578125 0.353515625 0.5205078125
0 0.58203125 0.1611328125 0.607421875 0.1337890625 0.5966796875 0.12109375 0.560546875 0.1337890625 0.58203125 0.1611328125
0 0.5361328125 0.111328125 0.4931640625 0.111328125 0.4296875 0.1806640625 0.4716796875 0.1796875 0.4619140625 0.216796875 0.548828125 0.2392578125 0.580078125 0.1767578125 0.544921875 0.1611328125 0.55078125 0.1376953125 0.5361328125 0.111328125
0 0.5908203125 0.064453125 0.640625 0.0830078125 0.6484375 0.1142578125 0.6796875 0.0927734375 0.66796875 0.0400390625 0.5732421875 0.02734375 0.5908203125 0.064453125
0 0.7314453125 0.271484375 0.783203125 0.2822265625 0.810546875 0.2626953125 0.8095703125 0.234375 0.72265625 0.2451171875 0.7314453125 0.271484375
0 0.623046875 0.3369140625 0.65234375 0.3564453125 0.703125 0.3369140625 0.6884765625 0.291015625 0.630859375 0.3076171875 0.623046875 0.3369140625
0 0.4765625 0.3232421875 0.4873046875 0.341796875 0.568359375 0.3408203125 0.5703125 0.3173828125 0.5419921875 0.296875 0.5048828125 0.294921875 0.4765625 0.3232421875
0 0.103515625 0.3759765625 0.1083984375 0.388671875 0.1572265625 0.390625 0.173828125 0.4228515625 0.193359375 0.4287109375 0.224609375 0.4111328125 0.2275390625 0.376953125 0.1533203125 0.359375 0.103515625 0.3759765625
0 0.20703125 0.4990234375 0.2421875 0.4736328125 0.1962890625 0.455078125 0.15625 0.4755859375 0.20703125 0.4990234375
0 0.1943359375 0.669921875 0.251953125 0.6943359375 0.259765625 0.6787109375 0.2294921875 0.626953125 0.181640625 0.6435546875 0.1943359375 0.669921875
0 0.234375 0.5712890625 0.2275390625 0.55078125 0.15234375 0.5439453125 0.1728515625 0.5703125 0.234375 0.5712890625
0 0.2919921875 0.396484375 0.322265625 0.4013671875 0.357421875 0.3720703125 0.3564453125 0.35546875 0.283203125 0.3662109375 0.2919921875 0.396484375
0 0.373046875 0.2861328125 0.400390625 0.2548828125 0.3896484375 0.232421875 0.35546875 0.2724609375 0.373046875 0.2861328125
0 0.404296875 0.3818359375 0.447265625 0.3896484375 0.46875 0.3466796875 0.4248046875 0.326171875 0.3916015625 0.33203125 0.404296875 0.3818359375
0 0.75 0.3544921875 0.771484375 0.3388671875 0.7451171875 0.33203125 0.734375 0.3505859375 0.75 0.3544921875
0 0.7578125 0.4111328125 0.779296875 0.3779296875 0.7451171875 0.36328125 0.720703125 0.3876953125 0.7578125 0.4111328125
0 0.3671875 0.8154296875 0.3759765625 0.849609375 0.41015625 0.8525390625 0.421875 0.8388671875 0.4150390625 0.798828125 0.4072265625 0.8125 0.3671875 0.8154296875