0 0.509765625 0.4287109375 0.5107421875 0.3828125 0.427734375 0.3798828125 0.4404296875 0.408203125 0.509765625 0.4287109375
0 0.6484375 0.4169921875 0.6708984375 0.44140625 0.705078125 0.4423828125 0.7353515625 0.435546875 0.73828125 0.4150390625 0.6669921875 0.40625 0.6484375 0.4169921875
0 0.31640625 0.5185546875 0.3642578125 0.5078125 0.3828125 0.4853515625 0.3330078125 0.482421875 0.31640625 0.5185546875
0 0.2353515625 0.783203125 0.279296875 0.7958984375 0.2890625 0.7724609375 0.2744140625 0.75 0.232421875 0.7607421875 0.2353515625 0.783203125
0 0.1357421875 0.736328125 0.08203125 0.7353515625 0.115234375 0.7666015625 0.1357421875 0.736328125
0 0.21875 0.7802734375 0.1904296875 0.7734375 0.166015625 0.8037109375 0.21875 0.8466796875 0.2412109375 0.83984375 0.24609375 0.8193359375 0.2119140625 0.810546875 0.21875 0.7802734375
0 0.302734375 0.8544921875 0.318359375 0.8330078125 0.2685546875 0.806640625 0.265625 0.8349609375 0.302734375 0.8544921875
0 0.685546875 0.6748046875 0.70703125 0.6591796875 0.6962890625 0.626953125 0.6484375 0.6513671875 0.685546875 0.6748046875
0 0.216796875 0.4580078125 0.248046875 0.4423828125 0.2255859375 0.419921875 0.201171875 0.4267578125 0.216796875 0.4580078125
0 0.3916015625 0.177734375 0.419921875 0.1220703125 0.302734375 0.1884765625 0.3916015625 0.177734375
0 0.91796875 0.5341796875 0.9189453125 0.5078125 0.859375 0.5107421875 0.8779296875 0.533203125 0.91796875 0.5341796875
0 0.720703125 0.5244140625 0.734375 0.5009765625 0.6923828125 0.486328125 0.685546875 0.5185546875 0.720703125 0.5244140625
0 0.88671875 0.6630859375 0.9169921875 0.59375 0.86328125 0.6259765625 0.859375 0.6455078125 0.88671875 0.6630859375
0 0.328125 0.8779296875 0.3388671875 0.90625 0.38671875 0.9130859375 0.4326171875 0.904296875 0.435546875 0.8701171875 0.3955078125 0.857421875 0.328125 0.8779296875
0 0.2529296875 0.251953125 0.279296875 0.2705078125 0.30859375 0.2490234375 0.3037109375 0.189453125 0.220703125 0.2568359375 0.2529296875 0.251953125