0 0.58203125 0.8466796875 0.595703125 0.8427734375 0.587890625 0.7998046875 0.5673828125 0.779296875 0.4873046875 0.78125 0.474609375 0.8193359375 0.494140625 0.8544921875 0.4404296875 0.875 0.4375 0.8916015625 0.4814453125 0.9296875 0.564453125 0.9482421875 0.625 0.9345703125 0.615234375 0.8994140625 0.583984375 0.8681640625 0.58203125 0.8466796875
0 0.6611328125 0.6328125 0.5712890625 0.642578125 0.556640625 0.6982421875 0.640625 0.7216796875 0.6806640625 0.697265625 0.7529296875 0.708984375 0.76953125 0.6865234375 0.6611328125 0.6328125
0 0.1162109375 0.388671875 0.083984375 0.4208984375 0.0859375 0.4697265625 0.1171875 0.4775390625 0.1357421875 0.43359375 0.181640625 0.4248046875 0.1767578125 0.400390625 0.1162109375 0.388671875
0 0.27734375 0.3544921875 0.353515625 0.3310546875 0.189453125 0.2998046875 0.2041015625 0.341796875 0.27734375 0.3544921875
0 0.45703125 0.3779296875 0.53125 0.4150390625 0.5732421875 0.392578125 0.576171875 0.3740234375 0.4912109375 0.33203125 0.45703125 0.3779296875
0 0.7373046875 0.380859375 0.603515625 0.3935546875 0.591796875 0.4697265625 0.6259765625 0.484375 0.65234375 0.5302734375 0.6943359375 0.4609375 0.748046875 0.4501953125 0.751953125 0.4091796875 0.7373046875 0.380859375
0 0.4111328125 0.533203125 0.373046875 0.5322265625 0.3876953125 0.5859375 0.474609375 0.5947265625 0.490234375 0.5576171875 0.4541015625 0.5 0.4365234375 0.5 0.4111328125 0.533203125
0 0.177734375 0.6318359375 0.234375 0.6669921875 0.3154296875 0.642578125 0.33984375 0.6142578125 0.2138671875 0.61328125 0.177734375 0.6318359375
0 0.5849609375 0.54296875 0.544921875 0.5771484375 0.546875 0.6005859375 0.564453125 0.6064453125 0.5927734375 0.603515625 0.640625 0.5693359375 0.6298828125 0.53515625 0.5849609375 0.54296875
0 0.43359375 0.6904296875 0.451171875 0.7001953125 0.529296875 0.6748046875 0.5068359375 0.642578125 0.4677734375 0.640625 0.43359375 0.6904296875
0 0.779296875 0.7841796875 0.76953125 0.8115234375 0.796875 0.8427734375 0.7568359375 0.853515625 0.744140625 0.8759765625 0.767578125 0.9267578125 0.8125 0.8505859375 0.90625 0.7861328125 0.9111328125 0.75390625 0.779296875 0.7841796875
0 0.3203125 0.1123046875 0.3017578125 0.107421875 0.298828125 0.1240234375 0.3203125 0.1123046875
0 0.349609375 0.1474609375 0.33984375 0.1494140625 0.375 0.1708984375 0.396484375 0.1494140625 0.3994140625 0.10546875 0.333984375 0.1220703125 0.349609375 0.1474609375
0 0.205078125 0.2314453125 0.2275390625 0.265625 0.265625 0.2802734375 0.294921875 0.2705078125 0.3095703125 0.220703125 0.2470703125 0.2109375 0.205078125 0.2314453125
0 0.5927734375 0.208984375 0.5859375 0.2763671875 0.6083984375 0.314453125 0.708984375 0.3115234375 0.685546875 0.3681640625 0.6953125 0.3759765625 0.78515625 0.3134765625 0.6806640625 0.24609375 0.6455078125 0.205078125 0.5927734375 0.208984375
0 0.0625 0.5322265625 0.05859375 0.5029296875 0.0361328125 0.5 0.033203125 0.5283203125 0.0625 0.5322265625
0 0.0830078125 0.30078125 0.1328125 0.3017578125 0.138671875 0.2646484375 0.1611328125 0.23828125 0.08203125 0.2822265625 0.0830078125 0.30078125
0 0.3359375 0.4853515625 0.341796875 0.4521484375 0.3037109375 0.4296875 0.314453125 0.4716796875 0.3359375 0.4853515625
0 0.3486328125 0.146484375 0.3291015625 0.169921875 0.3046875 0.1591796875 0.3125 0.2001953125 0.259765625 0.2353515625 0.296875 0.2724609375 0.388671875 0.2626953125 0.41015625 0.2158203125 0.3876953125 0.16015625 0.3486328125 0.146484375