0 0.4697265625 0.248046875 0.47265625 0.2333984375 0.3349609375 0.130859375 0.298828125 0.2607421875 0.3203125 0.3486328125 0.369140625 0.3974609375 0.419921875 0.3544921875 0.359375 0.3056640625 0.373046875 0.2607421875 0.4697265625 0.248046875
0 0.2353515625 0.45703125 0.259765625 0.4599609375 0.30078125 0.4169921875 0.2216796875 0.396484375 0.212890625 0.4326171875 0.2353515625 0.45703125
0 0.146484375 0.4501953125 0.1181640625 0.412109375 0.037109375 0.3916015625 0.0478515625 0.42578125 0.146484375 0.4501953125
0 0.2705078125 0.501953125 0.279296875 0.5537109375 0.330078125 0.5791015625 0.353515625 0.7080078125 0.376953125 0.7119140625 0.44140625 0.7001953125 0.4765625 0.5966796875 0.3896484375 0.501953125 0.2705078125 0.501953125
0 0.55078125 0.5419921875 0.5517578125 0.56640625 0.662109375 0.6318359375 0.67578125 0.6142578125 0.6435546875 0.544921875 0.5927734375 0.53125 0.55078125 0.5419921875
0 0.515625 0.6826171875 0.5185546875 0.73046875 0.576171875 0.7314453125 0.607421875 0.7138671875 0.6044921875 0.6875 0.5556640625 0.66796875 0.515625 0.6826171875
0 0.8876953125 0.130859375 0.8134765625 0.109375 0.7802734375 0.0625 0.7158203125 0.017578125 0.6298828125 0.01953125 0.5986328125 0.0390625 0.5517578125 0.025390625 0.4765625 0.0400390625 0.5166015625 0.056640625 0.537109375 0.0869140625 0.537109375 0.1083984375 0.51953125 0.1201171875 0.5322265625 0.1875 0.5517578125 0.181640625 0.6689453125 0.255859375 0.7099609375 0.2578125 0.7705078125 0.3046875 0.8125 0.3056640625 0.8876953125 0.2578125 0.927734375 0.2021484375 0.88671875 0.1708984375 0.8876953125 0.130859375
0 0.6591796875 0.51171875 0.6904296875 0.5078125 0.7177734375 0.53125 0.76171875 0.5341796875 0.77734375 0.5126953125 0.7490234375 0.490234375 0.63671875 0.4853515625 0.6591796875 0.51171875
0 0.515625 0.4892578125 0.521484375 0.4716796875 0.4951171875 0.44921875 0.451171875 0.4580078125 0.515625 0.4892578125
0 0.16796875 0.1669921875 0.1728515625 0.185546875 0.201171875 0.1884765625 0.2919921875 0.140625 0.328125 0.0810546875 0.2119140625 0.123046875 0.16796875 0.1669921875
0 0.771484375 0.6025390625 0.814453125 0.6357421875 0.875 0.5849609375 0.8896484375 0.533203125 0.8662109375 0.560546875 0.771484375 0.6025390625
0 0.6953125 0.6630859375 0.7109375 0.6455078125 0.6845703125 0.638671875 0.671875 0.6572265625 0.6953125 0.6630859375
0 0.4912109375 0.173828125 0.517578125 0.2431640625 0.53515625 0.2470703125 0.5703125 0.2216796875 0.568359375 0.2041015625 0.5302734375 0.16796875 0.4912109375 0.173828125
0 0.6259765625 0.26171875 0.578125 0.2705078125 0.625 0.2880859375 0.6259765625 0.26171875