0 0.21875 0.3173828125 0.2529296875 0.3515625 0.28515625 0.3564453125 0.294921875 0.3291015625 0.2841796875 0.3203125 0.2470703125 0.30078125 0.21875 0.3173828125
0 0.3193359375 0.380859375 0.310546875 0.4111328125 0.330078125 0.4423828125 0.380859375 0.4501953125 0.41015625 0.4326171875 0.40234375 0.4033203125 0.3701171875 0.376953125 0.3193359375 0.380859375
0 0.439453125 0.3134765625 0.458984375 0.3271484375 0.4921875 0.3134765625 0.4951171875 0.283203125 0.439453125 0.2861328125 0.439453125 0.3134765625
0 0.439453125 0.3837890625 0.4501953125 0.412109375 0.4765625 0.4189453125 0.5 0.4072265625 0.4931640625 0.357421875 0.4619140625 0.361328125 0.439453125 0.3837890625
0 0.21875 0.6142578125 0.228515625 0.5888671875 0.1865234375 0.564453125 0.203125 0.6083984375 0.21875 0.6142578125
0 0.326171875 0.5869140625 0.3203125 0.6337890625 0.3515625 0.6494140625 0.375 0.6357421875 0.37890625 0.6025390625 0.3408203125 0.578125 0.326171875 0.5869140625
0 0.458984375 0.6376953125 0.49609375 0.6123046875 0.4951171875 0.580078125 0.453125 0.5927734375 0.458984375 0.6376953125
0 0.48046875 0.7626953125 0.50390625 0.7802734375 0.529296875 0.7509765625 0.5166015625 0.71875 0.484375 0.7294921875 0.48046875 0.7626953125
0 0.55859375 0.6767578125 0.587890625 0.6943359375 0.607421875 0.6572265625 0.5673828125 0.638671875 0.552734375 0.6552734375 0.55859375 0.6767578125
0 0.650390625 0.6865234375 0.689453125 0.6982421875 0.734375 0.6806640625 0.6806640625 0.64453125 0.65625 0.6611328125 0.650390625 0.6865234375
0 0.705078125 0.5009765625 0.71484375 0.4794921875 0.6904296875 0.462890625 0.673828125 0.4931640625 0.705078125 0.5009765625
0 0.7578125 0.7470703125 0.771484375 0.7197265625 0.7451171875 0.705078125 0.724609375 0.7275390625 0.7578125 0.7470703125
0 0.837890625 0.5595703125 0.859375 0.5400390625 0.8408203125 0.509765625 0.818359375 0.5263671875 0.837890625 0.5595703125
0 0.4033203125 0.787109375 0.427734375 0.7900390625 0.43359375 0.7529296875 0.3994140625 0.716796875 0.38671875 0.7568359375 0.4033203125 0.787109375
0 0.392578125 0.8544921875 0.4638671875 0.9296875 0.5 0.9384765625 0.51171875 0.9326171875 0.470703125 0.8955078125 0.4658203125 0.869140625 0.392578125 0.8544921875
0 0.728515625 0.9013671875 0.748046875 0.8876953125 0.7373046875 0.87109375 0.71484375 0.8798828125 0.728515625 0.9013671875
0 0.7158203125 0.912109375 0.69140625 0.9208984375 0.697265625 0.9521484375 0.7158203125 0.912109375
0 0.826171875 0.6962890625 0.828125 0.7294921875 0.798828125 0.7216796875 0.84375 0.7548828125 0.8671875 0.7001953125 0.8330078125 0.63671875 0.80078125 0.6767578125 0.826171875 0.6962890625
0 0.21875 0.3759765625 0.21875 0.3466796875 0.2001953125 0.34765625 0.1953125 0.3681640625 0.21875 0.3759765625