0 0.712890625 0.1728515625 0.7314453125 0.154296875 0.7734375 0.1552734375 0.7265625 0.1318359375 0.720703125 0.0615234375 0.7001953125 0.037109375 0.6337890625 0.0625 0.5048828125 0.080078125 0.4501953125 0.044921875 0.4013671875 0.0703125 0.3349609375 0.080078125 0.322265625 0.0966796875 0.318359375 0.1181640625 0.3486328125 0.142578125 0.4873046875 0.14453125 0.5146484375 0.203125 0.5791015625 0.197265625 0.658203125 0.2763671875 0.677734375 0.2626953125 0.689453125 0.2158203125 0.724609375 0.1982421875 0.712890625 0.1728515625
0 0.14453125 0.3662109375 0.1923828125 0.404296875 0.2626953125 0.3984375 0.296875 0.4189453125 0.33203125 0.3994140625 0.3310546875 0.37890625 0.1728515625 0.349609375 0.14453125 0.3662109375
0 0.681640625 0.2333984375 0.6708984375 0.265625 0.6376953125 0.265625 0.6005859375 0.205078125 0.5107421875 0.201171875 0.4833984375 0.146484375 0.3974609375 0.15234375 0.380859375 0.1845703125 0.384765625 0.2958984375 0.3896484375 0.3046875 0.3916015625 0.2734375 0.427734375 0.3154296875 0.4033203125 0.31640625 0.37109375 0.3642578125 0.3974609375 0.373046875 0.4189453125 0.359375 0.4365234375 0.375 0.4375 0.3603515625 0.421875 0.3564453125 0.4423828125 0.3515625 0.4482421875 0.33203125 0.4560546875 0.349609375 0.51171875 0.3603515625 0.4892578125 0.3984375 0.5234375 0.3779296875 0.5087890625 0.3671875 0.5263671875 0.3671875 0.53125 0.3896484375 0.5517578125 0.390625 0.5625 0.4189453125 0.583984375 0.4267578125 0.6669921875 0.396484375 0.697265625 0.3642578125 0.67578125 0.3447265625 0.681640625 0.2333984375
0 0.5185546875 0.5546875 0.529296875 0.5458984375 0.51953125 0.5341796875 0.5478515625 0.525390625 0.55078125 0.5068359375 0.5166015625 0.484375 0.4638671875 0.482421875 0.4345703125 0.458984375 0.3857421875 0.470703125 0.3671875 0.5048828125 0.396484375 0.5400390625 0.388671875 0.5751953125 0.455078125 0.5927734375 0.4892578125 0.5859375 0.49609375 0.5439453125 0.5107421875 0.537109375 0.5185546875 0.5546875
0 0.58984375 0.5634765625 0.5859375 0.5849609375 0.615234375 0.6201171875 0.6875 0.5751953125 0.66796875 0.5478515625 0.6728515625 0.5234375 0.58984375 0.5634765625
0 0.306640625 0.6298828125 0.3095703125 0.5546875 0.244140625 0.5849609375 0.2802734375 0.626953125 0.306640625 0.6298828125
0 0.83984375 0.5693359375 0.8095703125 0.578125 0.7353515625 0.5625 0.73046875 0.6357421875 0.701171875 0.6474609375 0.6875 0.6806640625 0.703125 0.6904296875 0.7451171875 0.640625 0.8193359375 0.58984375 0.8388671875 0.59375 0.83984375 0.5693359375
0 0.75390625 0.3681640625 0.806640625 0.3388671875 0.7353515625 0.337890625 0.705078125 0.3544921875 0.75390625 0.3681640625
0 0.7275390625 0.13671875 0.708984375 0.1748046875 0.72265625 0.1943359375 0.71484375 0.2080078125 0.7353515625 0.203125 0.7451171875 0.232421875 0.7529296875 0.2109375 0.779296875 0.2294921875 0.7900390625 0.265625 0.837890625 0.2841796875 0.8447265625 0.3125 0.8984375 0.3310546875 0.8984375 0.3056640625 0.837890625 0.2509765625 0.779296875 0.1552734375 0.7275390625 0.13671875
0 0.9453125 0.4970703125 0.923828125 0.4697265625 0.943359375 0.3994140625 0.9306640625 0.3515625 0.875 0.4072265625 0.904296875 0.4501953125 0.8583984375 0.462890625 0.8125 0.5185546875 0.85546875 0.6083984375 0.88671875 0.5869140625 0.8779296875 0.58203125 0.9375 0.5595703125 0.9453125 0.4970703125
0 0.6630859375 0.39453125 0.65625 0.4130859375 0.685546875 0.4228515625 0.7216796875 0.416015625 0.73046875 0.3994140625 0.6923828125 0.3828125 0.6630859375 0.39453125
0 0.5625 0.4697265625 0.576171875 0.4755859375 0.61328125 0.4580078125 0.6103515625 0.431640625 0.572265625 0.4326171875 0.5625 0.4697265625
0 0.1865234375 0.484375 0.21484375 0.4873046875 0.232421875 0.4775390625 0.2021484375 0.439453125 0.142578125 0.4404296875 0.1865234375 0.484375
0 0.3369140625 0.140625 0.296875 0.1689453125 0.31640625 0.1767578125 0.3583984375 0.16015625 0.3857421875 0.166015625 0.404296875 0.1455078125 0.3369140625 0.140625
0 0.732421875 0.6689453125 0.794921875 0.6865234375 0.81640625 0.6552734375 0.8154296875 0.609375 0.7470703125 0.640625 0.732421875 0.6689453125