0 0.609375 0.2919921875 0.5859375 0.3837890625 0.603515625 0.4052734375 0.69921875 0.3037109375 0.6787109375 0.234375 0.6318359375 0.251953125 0.609375 0.2919921875
0 0.3486328125 0.501953125 0.330078125 0.5517578125 0.333984375 0.6318359375 0.357421875 0.6416015625 0.416015625 0.5927734375 0.423828125 0.5673828125 0.3955078125 0.525390625 0.3486328125 0.501953125
0 0.2109375 0.6416015625 0.2578125 0.7314453125 0.2890625 0.6943359375 0.2314453125 0.580078125 0.20703125 0.5927734375 0.2109375 0.6416015625
0 0.6123046875 0.498046875 0.58203125 0.5478515625 0.5927734375 0.5625 0.625 0.5634765625 0.642578125 0.5517578125 0.6484375 0.5146484375 0.6357421875 0.498046875 0.6123046875 0.498046875
0 0.806640625 0.5283203125 0.83203125 0.5283203125 0.83203125 0.4775390625 0.7978515625 0.4765625 0.787109375 0.4970703125 0.806640625 0.5283203125
0 0.9375 0.0869140625 0.904296875 0.1279296875 0.939453125 0.2099609375 0.919921875 0.2666015625 0.939453125 0.3408203125 0.9296875 0.4033203125 0.958984375 0.4150390625 0.98828125 0.3388671875 0.9990234375 0.03125 0.935546875 0.0517578125 0.9375 0.0869140625
0 0.78515625 0.1572265625 0.806640625 0.1396484375 0.7939453125 0.10546875 0.7578125 0.1376953125 0.78515625 0.1572265625
0 0.533203125 0.1416015625 0.5546875 0.1259765625 0.5517578125 0.109375 0.478515625 0.1240234375 0.533203125 0.1416015625
0 0.484375 0.2412109375 0.517578125 0.2646484375 0.541015625 0.2001953125 0.5009765625 0.166015625 0.482421875 0.1904296875 0.484375 0.2412109375
0 0.5771484375 0.82421875 0.61328125 0.8271484375 0.630859375 0.8115234375 0.6259765625 0.7890625 0.56640625 0.7978515625 0.5771484375 0.82421875
0 0.41796875 0.8330078125 0.427734375 0.8095703125 0.3916015625 0.78515625 0.3984375 0.8310546875 0.41796875 0.8330078125
0 0.328125 0.9599609375 0.33984375 0.9619140625 0.375 0.9423828125 0.3681640625 0.890625 0.333984375 0.9111328125 0.328125 0.9599609375
0 0.15234375 0.3427734375 0.1875 0.3251953125 0.2001953125 0.26953125 0.146484375 0.3330078125 0.15234375 0.3427734375
0 0.8046875 0.3232421875 0.80859375 0.3681640625 0.849609375 0.3388671875 0.8466796875 0.310546875 0.8232421875 0.306640625 0.8046875 0.3232421875