0 0.2001953125 0.609375 0.1796875 0.6318359375 0.185546875 0.6494140625 0.248046875 0.6767578125 0.263671875 0.6689453125 0.263671875 0.6455078125 0.2314453125 0.61328125 0.2001953125 0.609375
0 0.1455078125 0.548828125 0.205078125 0.5595703125 0.21875 0.5458984375 0.2001953125 0.5078125 0.126953125 0.5263671875 0.1455078125 0.548828125
0 0.326171875 0.4853515625 0.375 0.4638671875 0.3193359375 0.46875 0.3125 0.4541015625 0.3408203125 0.44921875 0.35546875 0.4091796875 0.396484375 0.3798828125 0.3857421875 0.357421875 0.345703125 0.3505859375 0.3369140625 0.291015625 0.330078125 0.3251953125 0.287109375 0.3544921875 0.31640625 0.3974609375 0.283203125 0.4208984375 0.2900390625 0.439453125 0.2578125 0.4365234375 0.26171875 0.4775390625 0.29296875 0.5009765625 0.2734375 0.5244140625 0.2890625 0.5400390625 0.361328125 0.5341796875 0.359375 0.5126953125 0.3330078125 0.50390625 0.326171875 0.4853515625
0 0.478515625 0.8115234375 0.5068359375 0.841796875 0.5703125 0.8603515625 0.556640625 0.7529296875 0.5068359375 0.7578125 0.48046875 0.7822265625 0.478515625 0.8115234375
0 0.46875 0.6728515625 0.486328125 0.6533203125 0.4716796875 0.62890625 0.423828125 0.6533203125 0.46875 0.6728515625
0 0.419921875 0.4619140625 0.4609375 0.4931640625 0.4716796875 0.529296875 0.541015625 0.5693359375 0.5458984375 0.517578125 0.4853515625 0.482421875 0.4755859375 0.458984375 0.419921875 0.4619140625
0 0.576171875 0.5458984375 0.560546875 0.5751953125 0.57421875 0.6337890625 0.63671875 0.5966796875 0.65625 0.5498046875 0.6455078125 0.533203125 0.576171875 0.5458984375
0 0.7158203125 0.453125 0.6611328125 0.466796875 0.681640625 0.4853515625 0.6796875 0.5087890625 0.71875 0.5380859375 0.7646484375 0.4609375 0.84375 0.4267578125 0.7607421875 0.404296875 0.7158203125 0.453125
0 0.5869140625 0.388671875 0.572265625 0.4677734375 0.626953125 0.4775390625 0.638671875 0.4697265625 0.62109375 0.4267578125 0.626953125 0.3974609375 0.5869140625 0.388671875
0 0.798828125 0.3193359375 0.8466796875 0.3515625 0.94140625 0.3896484375 0.875 0.3271484375 0.8564453125 0.27734375 0.798828125 0.3037109375 0.798828125 0.3193359375
0 0.888671875 0.5185546875 0.89453125 0.5380859375 0.849609375 0.5693359375 0.8564453125 0.595703125 0.908203125 0.5966796875 0.951171875 0.5224609375 0.9443359375 0.48046875 0.9111328125 0.484375 0.888671875 0.5185546875
0 0.826171875 0.7255859375 0.8466796875 0.76953125 0.87890625 0.7724609375 0.888671875 0.7119140625 0.91015625 0.6845703125 0.8583984375 0.6796875 0.826171875 0.7255859375
0 0.736328125 0.1435546875 0.7353515625 0.10546875 0.69140625 0.1201171875 0.7041015625 0.142578125 0.736328125 0.1435546875
0 0.765625 0.3662109375 0.775390625 0.3408203125 0.7294921875 0.326171875 0.716796875 0.3505859375 0.765625 0.3662109375
0 0.478515625 0.1865234375 0.50390625 0.1572265625 0.5048828125 0.11328125 0.470703125 0.1240234375 0.478515625 0.1865234375
0 0.4599609375 0.2421875 0.435546875 0.2529296875 0.470703125 0.2607421875 0.4599609375 0.2421875
0 0.515625 0.3623046875 0.54296875 0.3466796875 0.4892578125 0.322265625 0.484375 0.3486328125 0.515625 0.3623046875