0 0.421875 0.1357421875 0.3115234375 0.103515625 0.259765625 0.0537109375 0.26171875 0.0322265625 0.2373046875 0.025390625 0.197265625 0.0576171875 0.203125 0.0966796875 0.248046875 0.1103515625 0.271484375 0.2021484375 0.2890625 0.2197265625 0.3193359375 0.158203125 0.3955078125 0.17578125 0.419921875 0.1611328125 0.421875 0.1357421875
0 0.1337890625 0.279296875 0.158203125 0.2783203125 0.173828125 0.2685546875 0.1689453125 0.240234375 0.109375 0.2470703125 0.1337890625 0.279296875
0 0.181640625 0.2705078125 0.2177734375 0.30078125 0.271484375 0.3115234375 0.30859375 0.2802734375 0.3037109375 0.263671875 0.2275390625 0.25390625 0.181640625 0.2705078125
0 0.5341796875 0.314453125 0.583984375 0.3271484375 0.59375 0.3037109375 0.5830078125 0.29296875 0.529296875 0.2919921875 0.5341796875 0.314453125
0 0.400390625 0.2587890625 0.4013671875 0.283203125 0.45703125 0.2978515625 0.48046875 0.2783203125 0.4736328125 0.2421875 0.4345703125 0.240234375 0.400390625 0.2587890625
0 0.25 0.4130859375 0.279296875 0.3916015625 0.2333984375 0.388671875 0.228515625 0.4033203125 0.25 0.4130859375
0 0.2939453125 0.37109375 0.2919921875 0.388671875 0.330078125 0.3955078125 0.306640625 0.4130859375 0.3125 0.4384765625 0.35546875 0.4541015625 0.400390625 0.4072265625 0.3984375 0.3916015625 0.3720703125 0.3671875 0.2939453125 0.37109375
0 0.15625 0.4541015625 0.1611328125 0.470703125 0.2353515625 0.484375 0.248046875 0.5009765625 0.240234375 0.5302734375 0.29296875 0.5458984375 0.31640625 0.4990234375 0.2666015625 0.4921875 0.2587890625 0.44140625 0.15625 0.4541015625
0 0.4267578125 0.66796875 0.404296875 0.6396484375 0.41015625 0.6162109375 0.4326171875 0.59375 0.4970703125 0.578125 0.5087890625 0.5546875 0.6044921875 0.544921875 0.619140625 0.5185546875 0.5830078125 0.48046875 0.5087890625 0.47265625 0.47265625 0.4970703125 0.4765625 0.5302734375 0.439453125 0.5478515625 0.4345703125 0.57421875 0.33984375 0.5791015625 0.349609375 0.7060546875 0.3876953125 0.751953125 0.453125 0.7548828125 0.484375 0.7099609375 0.484375 0.6806640625 0.5234375 0.6748046875 0.4267578125 0.66796875
0 0.7822265625 0.455078125 0.8310546875 0.443359375 0.84375 0.4755859375 0.873046875 0.4853515625 0.849609375 0.5244140625 0.87109375 0.5419921875 0.896484375 0.5166015625 0.828125 0.4111328125 0.7685546875 0.42578125 0.7822265625 0.455078125
0 0.732421875 0.5849609375 0.7734375 0.5341796875 0.7197265625 0.5 0.70703125 0.5732421875 0.732421875 0.5849609375
0 0.6142578125 0.404296875 0.603515625 0.4326171875 0.576171875 0.4423828125 0.6171875 0.4638671875 0.615234375 0.4365234375 0.6494140625 0.427734375 0.6513671875 0.408203125 0.6142578125 0.404296875
0 0.8232421875 0.697265625 0.767578125 0.7236328125 0.765625 0.7568359375 0.744140625 0.7822265625 0.76171875 0.7861328125 0.8408203125 0.78515625 0.85546875 0.7724609375 0.806640625 0.7353515625 0.8232421875 0.697265625
0 0.6494140625 0.662109375 0.609375 0.6787109375 0.67578125 0.6904296875 0.6494140625 0.662109375
0 0.0625 0.4326171875 0.115234375 0.4248046875 0.0517578125 0.376953125 0.048828125 0.4248046875 0.0625 0.4326171875
0 0.66796875 0.3662109375 0.681640625 0.3583984375 0.6669921875 0.345703125 0.62890625 0.3564453125 0.66796875 0.3662109375
0 0.9033203125 0.619140625 0.875 0.6298828125 0.88671875 0.6435546875 0.9033203125 0.619140625
0 0.4794921875 0.748046875 0.4775390625 0.73828125 0.509765625 0.7412109375 0.4873046875 0.71875 0.4658203125 0.724609375 0.4375 0.7666015625 0.447265625 0.7880859375 0.5400390625 0.8828125 0.59375 0.8916015625 0.611328125 0.8837890625 0.564453125 0.8349609375 0.564453125 0.7822265625 0.4794921875 0.748046875