0 0.638671875 0.4150390625 0.63671875 0.4638671875 0.65234375 0.4814453125 0.73828125 0.4111328125 0.7138671875 0.3671875 0.6767578125 0.376953125 0.638671875 0.4150390625
0 0.9140625 0.1494140625 0.9189453125 0.072265625 0.8662109375 0.072265625 0.87109375 0.0869140625 0.8486328125 0.111328125 0.802734375 0.1279296875 0.798828125 0.1748046875 0.83203125 0.2001953125 0.8779296875 0.1640625 0.900390625 0.1748046875 0.890625 0.1630859375 0.9140625 0.1494140625
0 0.4248046875 0.1875 0.4013671875 0.248046875 0.33203125 0.2392578125 0.322265625 0.3115234375 0.369140625 0.3193359375 0.482421875 0.2236328125 0.5 0.1904296875 0.4912109375 0.166015625 0.4248046875 0.1875
0 0.1875 0.4990234375 0.21875 0.5205078125 0.2734375 0.4794921875 0.2822265625 0.416015625 0.205078125 0.4287109375 0.1875 0.4990234375
0 0.12109375 0.6982421875 0.189453125 0.7431640625 0.201171875 0.7197265625 0.193359375 0.6513671875 0.1259765625 0.630859375 0.12109375 0.6982421875
0 0.2890625 0.6025390625 0.3203125 0.6181640625 0.3515625 0.5576171875 0.3037109375 0.544921875 0.2890625 0.5576171875 0.2890625 0.6025390625
0 0.3408203125 0.751953125 0.412109375 0.8251953125 0.455078125 0.7978515625 0.44921875 0.7568359375 0.4326171875 0.744140625 0.3408203125 0.751953125
0 0.5947265625 0.6640625 0.5322265625 0.6875 0.5166015625 0.673828125 0.541015625 0.7314453125 0.5625 0.7353515625 0.6142578125 0.73046875 0.64453125 0.7021484375 0.642578125 0.6826171875 0.5947265625 0.6640625
0 0.8232421875 0.3984375 0.7763671875 0.39453125 0.79296875 0.4111328125 0.765625 0.4580078125 0.791015625 0.4658203125 0.779296875 0.5283203125 0.802734375 0.5400390625 0.833984375 0.4482421875 0.86328125 0.4248046875 0.8291015625 0.416015625 0.8232421875 0.3984375
0 0.525390625 0.1416015625 0.595703125 0.1572265625 0.609375 0.1259765625 0.5849609375 0.109375 0.5400390625 0.1171875 0.525390625 0.1416015625
0 0.708984375 0.0380859375 0.60546875 0.0400390625 0.697265625 0.0478515625 0.708984375 0.0380859375
0 0.89453125 0.3291015625 0.9072265625 0.271484375 0.880859375 0.2763671875 0.873046875 0.3076171875 0.89453125 0.3291015625