0 0.689453125 0.6943359375 0.6943359375 0.70703125 0.734375 0.7080078125 0.7744140625 0.70703125 0.7890625 0.6923828125 0.7470703125 0.673828125 0.689453125 0.6943359375
0 0.802734375 0.5458984375 0.771484375 0.5185546875 0.783203125 0.4931640625 0.76953125 0.4697265625 0.7548828125 0.458984375 0.6474609375 0.484375 0.630859375 0.5322265625 0.689453125 0.5263671875 0.685546875 0.6025390625 0.7587890625 0.66015625 0.8095703125 0.662109375 0.841796875 0.6884765625 0.9013671875 0.677734375 0.908203125 0.6591796875 0.787109375 0.5966796875 0.802734375 0.5458984375
0 0.291015625 0.4814453125 0.40234375 0.5302734375 0.404296875 0.4091796875 0.3388671875 0.404296875 0.287109375 0.4501953125 0.291015625 0.4814453125
0 0.4384765625 0.703125 0.421875 0.7763671875 0.4716796875 0.798828125 0.525390625 0.7978515625 0.56640625 0.7744140625 0.54296875 0.7197265625 0.5068359375 0.701171875 0.4384765625 0.703125
0 0.25 0.4990234375 0.251953125 0.4345703125 0.1826171875 0.421875 0.16796875 0.4580078125 0.1875 0.4970703125 0.220703125 0.5107421875 0.216796875 0.5595703125 0.20703125 0.5849609375 0.142578125 0.6357421875 0.201171875 0.6748046875 0.2353515625 0.626953125 0.267578125 0.6162109375 0.291015625 0.5537109375 0.25 0.4990234375
0 0.0986328125 0.580078125 0.08203125 0.6298828125 0.11328125 0.6787109375 0.1484375 0.7919921875 0.1640625 0.7978515625 0.232421875 0.6240234375 0.2080078125 0.591796875 0.1376953125 0.625 0.0986328125 0.580078125
0 0.0283203125 0.36328125 0.056640625 0.6259765625 0.076171875 0.6318359375 0.0625 0.6220703125 0.1015625 0.5771484375 0.099609375 0.5205078125 0.0283203125 0.36328125
0 0.40234375 0.8935546875 0.419921875 0.9541015625 0.435546875 0.9541015625 0.4228515625 0.822265625 0.423828125 0.8818359375 0.4072265625 0.87109375 0.40234375 0.8935546875
0 0.2841796875 0.78125 0.2470703125 0.779296875 0.220703125 0.8017578125 0.2412109375 0.8203125 0.24609375 0.8115234375 0.2470703125 0.837890625 0.255859375 0.8232421875 0.2705078125 0.90625 0.3681640625 0.908203125 0.3828125 0.9228515625 0.3984375 0.8837890625 0.3330078125 0.751953125 0.3017578125 0.751953125 0.2841796875 0.78125
0 0.716796875 0.9423828125 0.4931640625 0.921875 0.466796875 0.9345703125 0.45703125 0.9697265625 0.4921875 0.9794921875 0.5537109375 0.955078125 0.6044921875 0.978515625 0.6630859375 0.97265625 0.716796875 0.9423828125
0 0.314453125 0.6591796875 0.345703125 0.6787109375 0.328125 0.6962890625 0.330078125 0.7216796875 0.353515625 0.7275390625 0.390625 0.7080078125 0.3916015625 0.6015625 0.310546875 0.6220703125 0.314453125 0.6591796875
0 0.421875 0.2099609375 0.439453125 0.1884765625 0.4052734375 0.16796875 0.375 0.1728515625 0.3818359375 0.255859375 0.4306640625 0.240234375 0.4248046875 0.2734375 0.4853515625 0.2734375 0.5078125 0.2939453125 0.515625 0.2646484375 0.4833984375 0.2265625 0.4248046875 0.236328125 0.421875 0.2099609375
0 0.2734375 0.3154296875 0.29296875 0.3095703125 0.2783203125 0.28125 0.251953125 0.3154296875 0.2734375 0.3154296875
0 0.228515625 0.3583984375 0.2509765625 0.31640625 0.203125 0.3349609375 0.2060546875 0.353515625 0.228515625 0.3583984375
0 0.748046875 0.2978515625 0.798828125 0.2626953125 0.7900390625 0.236328125 0.744140625 0.2587890625 0.748046875 0.2978515625
0 0.734375 0.3505859375 0.76953125 0.3583984375 0.79296875 0.3486328125 0.794921875 0.3212890625 0.7373046875 0.318359375 0.734375 0.3505859375
0 0.888671875 0.5048828125 0.9375 0.4931640625 0.9287109375 0.423828125 0.861328125 0.4892578125 0.888671875 0.5048828125
0 0.4345703125 0.02734375 0.3154296875 0.01953125 0.287109375 0.0400390625 0.2861328125 0.06640625 0.3779296875 0.064453125 0.3984375 0.0888671875 0.416015625 0.0732421875 0.40625 0.0517578125 0.4345703125 0.046875 0.4345703125 0.02734375
0 0.0859375 0.2451171875 0.109375 0.2666015625 0.18359375 0.2333984375 0.1494140625 0.201171875 0.1259765625 0.201171875 0.0859375 0.2451171875
0 0.517578125 0.5712890625 0.4892578125 0.529296875 0.4580078125 0.5234375 0.44140625 0.5380859375 0.451171875 0.6005859375 0.462890625 0.6044921875 0.4345703125 0.609375 0.43359375 0.6220703125 0.4521484375 0.65625 0.490234375 0.6591796875 0.50390625 0.6513671875 0.484375 0.6181640625 0.5078125 0.6064453125 0.517578125 0.5712890625
0 0.287109375 0.5400390625 0.30078125 0.5615234375 0.3271484375 0.5546875 0.3515625 0.5185546875 0.3134765625 0.51171875 0.287109375 0.5400390625
0 0.2998046875 0.326171875 0.3046875 0.3583984375 0.330078125 0.3623046875 0.349609375 0.3544921875 0.34765625 0.3330078125 0.3251953125 0.318359375 0.2998046875 0.326171875