0 0.18359375 0.1630859375 0.216796875 0.1669921875 0.234375 0.1650390625 0.208984375 0.1474609375 0.2060546875 0.12109375 0.18359375 0.1630859375
0 0.4521484375 0.107421875 0.4052734375 0.126953125 0.3603515625 0.169921875 0.3095703125 0.15234375 0.263671875 0.1767578125 0.2724609375 0.193359375 0.3076171875 0.201171875 0.3662109375 0.17578125 0.3984375 0.2041015625 0.416015625 0.1923828125 0.4140625 0.1611328125 0.453125 0.1376953125 0.4521484375 0.107421875
0 0.462890625 0.4033203125 0.5 0.4169921875 0.529296875 0.3916015625 0.4970703125 0.375 0.4658203125 0.37890625 0.462890625 0.4033203125
0 0.5107421875 0.494140625 0.5234375 0.4697265625 0.5146484375 0.455078125 0.4560546875 0.451171875 0.46484375 0.5849609375 0.498046875 0.5927734375 0.556640625 0.5849609375 0.521484375 0.5419921875 0.568359375 0.5048828125 0.5107421875 0.494140625
0 0.64453125 0.4482421875 0.666015625 0.4365234375 0.6572265625 0.40625 0.6171875 0.4287109375 0.64453125 0.4482421875
0 0.111328125 0.3935546875 0.1162109375 0.373046875 0.06640625 0.3662109375 0.0869140625 0.39453125 0.111328125 0.3935546875
0 0.1591796875 0.30078125 0.126953125 0.3251953125 0.150390625 0.3369140625 0.146484375 0.3681640625 0.169921875 0.3759765625 0.185546875 0.3544921875 0.16796875 0.3369140625 0.17578125 0.3076171875 0.1591796875 0.30078125
0 0.1357421875 0.47265625 0.1640625 0.4873046875 0.1806640625 0.45703125 0.09765625 0.4619140625 0.1162109375 0.486328125 0.1357421875 0.47265625
0 0.138671875 0.5498046875 0.169921875 0.5439453125 0.1591796875 0.5234375 0.10546875 0.5341796875 0.138671875 0.5498046875
0 0.193359375 0.7216796875 0.212890625 0.7080078125 0.11328125 0.6943359375 0.1318359375 0.712890625 0.193359375 0.7216796875
0 0.59375 0.7978515625 0.59375 0.7724609375 0.5439453125 0.732421875 0.5087890625 0.736328125 0.5 0.7705078125 0.5419921875 0.779296875 0.5986328125 0.865234375 0.640625 0.8701171875 0.654296875 0.8408203125 0.6015625 0.8193359375 0.609375 0.8037109375 0.59375 0.7978515625
0 0.6708984375 0.55859375 0.69140625 0.5595703125 0.73046875 0.5185546875 0.7001953125 0.5 0.658203125 0.5322265625 0.6708984375 0.55859375
0 0.7578125 0.4794921875 0.775390625 0.4326171875 0.7255859375 0.4375 0.724609375 0.4580078125 0.7578125 0.4794921875
0 0.7265625 0.7470703125 0.7421875 0.7392578125 0.7021484375 0.71875 0.6953125 0.7373046875 0.7265625 0.7470703125
0 0.8291015625 0.796875 0.861328125 0.7958984375 0.875 0.7822265625 0.8544921875 0.7734375 0.8203125 0.7841796875 0.8291015625 0.796875
0 0.9443359375 0.720703125 0.966796875 0.7216796875 0.984375 0.7119140625 0.9755859375 0.689453125 0.9375 0.7041015625 0.9443359375 0.720703125
0 0.515625 0.2802734375 0.521484375 0.2587890625 0.5087890625 0.24609375 0.4609375 0.2724609375 0.515625 0.2802734375
0 0.6474609375 0.24609375 0.69140625 0.2451171875 0.712890625 0.2412109375 0.6962890625 0.21484375 0.64453125 0.2314453125 0.6474609375 0.24609375
0 0.576171875 0.2392578125 0.5966796875 0.205078125 0.55078125 0.2236328125 0.5537109375 0.23828125 0.576171875 0.2392578125
0 0.419921875 0.8955078125 0.4765625 0.8662109375 0.4287109375 0.861328125 0.3828125 0.8798828125 0.419921875 0.8955078125
0 0.486328125 0.2392578125 0.498046875 0.2099609375 0.4814453125 0.203125 0.47265625 0.2236328125 0.486328125 0.2392578125
0 0.291015625 0.4169921875 0.2958984375 0.390625 0.259765625 0.3935546875 0.2666015625 0.416015625 0.291015625 0.4169921875
0 0.5498046875 0.326171875 0.6015625 0.3271484375 0.6064453125 0.294921875 0.5400390625 0.28125 0.517578125 0.2958984375 0.5498046875 0.326171875