0 0.40625 0.7607421875 0.4130859375 0.783203125 0.490234375 0.7958984375 0.49609375 0.7705078125 0.4658203125 0.748046875 0.4345703125 0.7421875 0.40625 0.7607421875
0 0.271484375 0.4130859375 0.28125 0.3935546875 0.2470703125 0.373046875 0.205078125 0.3955078125 0.271484375 0.4130859375
0 0.5234375 0.2919921875 0.533203125 0.2646484375 0.4990234375 0.255859375 0.49609375 0.2900390625 0.5234375 0.2919921875
0 0.53125 0.4404296875 0.5546875 0.4541015625 0.57421875 0.4384765625 0.5595703125 0.419921875 0.5400390625 0.421875 0.53125 0.4404296875
0 0.349609375 0.5712890625 0.365234375 0.5537109375 0.3447265625 0.5390625 0.298828125 0.5498046875 0.349609375 0.5712890625
0 0.40625 0.6220703125 0.42578125 0.5947265625 0.3818359375 0.5859375 0.37890625 0.6162109375 0.40625 0.6220703125
0 0.2939453125 0.576171875 0.255859375 0.5771484375 0.2890625 0.6005859375 0.2939453125 0.576171875
0 0.3671875 0.6904296875 0.3681640625 0.669921875 0.330078125 0.6708984375 0.3369140625 0.69140625 0.3671875 0.6904296875
0 0.5322265625 0.763671875 0.556640625 0.7666015625 0.58984375 0.7373046875 0.5751953125 0.71875 0.5234375 0.7470703125 0.5322265625 0.763671875
0 0.685546875 0.7490234375 0.6845703125 0.716796875 0.65234375 0.7255859375 0.6650390625 0.75 0.685546875 0.7490234375
0 0.15625 0.2958984375 0.1357421875 0.2578125 0.107421875 0.2568359375 0.1064453125 0.294921875 0.15625 0.2958984375
0 0.619140625 0.2490234375 0.662109375 0.2646484375 0.67578125 0.2587890625 0.671875 0.2412109375 0.6123046875 0.203125 0.619140625 0.2490234375
0 0.6015625 0.8720703125 0.625 0.8349609375 0.5673828125 0.830078125 0.56640625 0.8544921875 0.6015625 0.8720703125
0 0.359375 0.2724609375 0.3671875 0.1923828125 0.3388671875 0.1875 0.32421875 0.2568359375 0.359375 0.2724609375
0 0.25 0.6396484375 0.259765625 0.6259765625 0.2412109375 0.6171875 0.232421875 0.6318359375 0.25 0.6396484375
0 0.56640625 0.4912109375 0.57421875 0.4775390625 0.5537109375 0.455078125 0.546875 0.4892578125 0.56640625 0.4912109375
0 0.46484375 0.6455078125 0.482421875 0.6396484375 0.4775390625 0.62109375 0.44140625 0.6259765625 0.46484375 0.6455078125
0 0.392578125 0.0927734375 0.3603515625 0.078125 0.3828125 0.1083984375 0.392578125 0.0927734375
0 0.83203125 0.7431640625 0.845703125 0.7255859375 0.8212890625 0.708984375 0.810546875 0.7353515625 0.83203125 0.7431640625
0 0.671875 0.7060546875 0.6875 0.6943359375 0.6787109375 0.66796875 0.654296875 0.6865234375 0.671875 0.7060546875
0 0.294921875 0.1630859375 0.30078125 0.1513671875 0.2822265625 0.134765625 0.2734375 0.1552734375 0.294921875 0.1630859375
0 0.064453125 0.3447265625 0.076171875 0.3251953125 0.0458984375 0.310546875 0.04296875 0.3427734375 0.064453125 0.3447265625