0 0.35546875 0.7919921875 0.419921875 0.8095703125 0.447265625 0.8037109375 0.443359375 0.7529296875 0.3662109375 0.748046875 0.35546875 0.7919921875
0 0.501953125 0.6142578125 0.5625 0.6435546875 0.591796875 0.6259765625 0.5908203125 0.609375 0.5224609375 0.59765625 0.501953125 0.6142578125
0 0.5263671875 0.783203125 0.49609375 0.8193359375 0.5068359375 0.833984375 0.533203125 0.8330078125 0.5693359375 0.830078125 0.607421875 0.7900390625 0.5556640625 0.775390625 0.5263671875 0.783203125
0 0.515625 0.3544921875 0.521484375 0.3408203125 0.5048828125 0.33203125 0.5 0.3466796875 0.515625 0.3544921875
0 0.5107421875 0.267578125 0.4970703125 0.298828125 0.421875 0.2919921875 0.4248046875 0.318359375 0.48046875 0.3466796875 0.486328125 0.3173828125 0.5380859375 0.298828125 0.5498046875 0.267578125 0.5107421875 0.267578125
0 0.744140625 0.6884765625 0.830078125 0.6298828125 0.7509765625 0.640625 0.724609375 0.6728515625 0.744140625 0.6884765625
0 0.873046875 0.6787109375 0.8896484375 0.642578125 0.849609375 0.6494140625 0.849609375 0.6689453125 0.873046875 0.6787109375
0 0.6220703125 0.337890625 0.6484375 0.3408203125 0.6875 0.3232421875 0.6396484375 0.302734375 0.61328125 0.3173828125 0.6220703125 0.337890625
0 0.673828125 0.2841796875 0.6767578125 0.296875 0.724609375 0.2978515625 0.73828125 0.2880859375 0.7275390625 0.27734375 0.6884765625 0.271484375 0.673828125 0.2841796875
0 0.5234375 0.1689453125 0.5302734375 0.189453125 0.556640625 0.1943359375 0.5830078125 0.185546875 0.58984375 0.1669921875 0.5498046875 0.154296875 0.5234375 0.1689453125
0 0.49609375 0.4111328125 0.5234375 0.4189453125 0.5595703125 0.4140625 0.55859375 0.3896484375 0.5029296875 0.390625 0.49609375 0.4111328125
0 0.279296875 0.7822265625 0.2666015625 0.751953125 0.23828125 0.7685546875 0.2431640625 0.783203125 0.279296875 0.7822265625
0 0.1904296875 0.8671875 0.12890625 0.8583984375 0.177734375 0.8955078125 0.1904296875 0.8671875