0 0.1728515625 0.44140625 0.16796875 0.4775390625 0.212890625 0.5029296875 0.2802734375 0.5 0.30078125 0.4794921875 0.2666015625 0.44921875 0.1728515625 0.44140625
0 0.671875 0.1748046875 0.6728515625 0.205078125 0.7109375 0.2041015625 0.7236328125 0.185546875 0.765625 0.1865234375 0.7548828125 0.140625 0.671875 0.1748046875
0 0.3896484375 0.279296875 0.419921875 0.2802734375 0.455078125 0.2568359375 0.4052734375 0.25 0.384765625 0.2626953125 0.3896484375 0.279296875
0 0.6396484375 0.451171875 0.703125 0.4521484375 0.712890625 0.4404296875 0.6865234375 0.421875 0.625 0.4365234375 0.6396484375 0.451171875
0 0.62109375 0.4853515625 0.625 0.4697265625 0.5869140625 0.44921875 0.546875 0.4638671875 0.62109375 0.4853515625
0 0.6650390625 0.599609375 0.70703125 0.6083984375 0.74609375 0.5947265625 0.7333984375 0.564453125 0.64453125 0.5673828125 0.6650390625 0.599609375
0 0.529296875 0.2783203125 0.55859375 0.2568359375 0.4921875 0.2529296875 0.5009765625 0.27734375 0.529296875 0.2783203125
0 0.5458984375 0.853515625 0.599609375 0.8623046875 0.63671875 0.8291015625 0.5751953125 0.80859375 0.517578125 0.8291015625 0.5458984375 0.853515625
0 0.2470703125 0.83203125 0.3359375 0.8388671875 0.3515625 0.8193359375 0.3115234375 0.802734375 0.22265625 0.8154296875 0.2470703125 0.83203125
0 0.58984375 0.6513671875 0.5830078125 0.625 0.55078125 0.6298828125 0.5634765625 0.65234375 0.58984375 0.6513671875
0 0.841796875 0.4755859375 0.8349609375 0.447265625 0.7900390625 0.447265625 0.77734375 0.4619140625 0.841796875 0.4755859375
0 0.703125 0.5263671875 0.78125 0.5458984375 0.791015625 0.5224609375 0.7587890625 0.5 0.7294921875 0.501953125 0.703125 0.5263671875
0 0.673828125 0.2763671875 0.7001953125 0.24609375 0.6708984375 0.240234375 0.642578125 0.2568359375 0.673828125 0.2763671875
0 0.55078125 0.1787109375 0.578125 0.1826171875 0.59375 0.1630859375 0.5693359375 0.14453125 0.548828125 0.1591796875 0.55078125 0.1787109375
0 0.31640625 0.7373046875 0.330078125 0.7080078125 0.3017578125 0.701171875 0.2890625 0.7275390625 0.31640625 0.7373046875
0 0.044921875 0.5986328125 0.0625 0.6123046875 0.1005859375 0.609375 0.10546875 0.5947265625 0.0419921875 0.560546875 0.044921875 0.5986328125
0 0.70703125 0.3818359375 0.76171875 0.3935546875 0.78125 0.3779296875 0.7783203125 0.361328125 0.7353515625 0.357421875 0.70703125 0.3818359375
0 0.29296875 0.2646484375 0.333984375 0.2080078125 0.3271484375 0.1953125 0.263671875 0.2236328125 0.29296875 0.2646484375
0 0.7294921875 0.326171875 0.7578125 0.3271484375 0.76953125 0.3134765625 0.7490234375 0.302734375 0.720703125 0.3115234375 0.7294921875 0.326171875
0 0.416015625 0.6767578125 0.43359375 0.6376953125 0.4013671875 0.62890625 0.3828125 0.6513671875 0.416015625 0.6767578125
0 0.796875 0.5205078125 0.826171875 0.5048828125 0.7939453125 0.490234375 0.7734375 0.5068359375 0.796875 0.5205078125