0 0.55078125 0.3134765625 0.580078125 0.3232421875 0.59765625 0.2998046875 0.5498046875 0.26171875 0.5390625 0.2880859375 0.55078125 0.3134765625
0 0.544921875 0.4189453125 0.5107421875 0.388671875 0.4794921875 0.41796875 0.4365234375 0.404296875 0.376953125 0.4404296875 0.3916015625 0.466796875 0.4140625 0.4697265625 0.4599609375 0.462890625 0.4833984375 0.4375 0.5302734375 0.44140625 0.544921875 0.4189453125
0 0.421875 0.5380859375 0.455078125 0.5615234375 0.4921875 0.5068359375 0.4658203125 0.47265625 0.4296875 0.5029296875 0.421875 0.5380859375
0 0.30859375 0.5693359375 0.345703125 0.5771484375 0.373046875 0.5263671875 0.3388671875 0.517578125 0.3017578125 0.53125 0.30859375 0.5693359375
0 0.607421875 0.5869140625 0.6328125 0.6142578125 0.736328125 0.5888671875 0.7001953125 0.548828125 0.6513671875 0.548828125 0.607421875 0.5869140625
0 0.634765625 0.4716796875 0.6337890625 0.439453125 0.5625 0.4306640625 0.5673828125 0.462890625 0.634765625 0.4716796875
0 0.697265625 0.4736328125 0.720703125 0.4189453125 0.6884765625 0.41015625 0.666015625 0.4306640625 0.697265625 0.4736328125
0 0.322265625 0.7001953125 0.271484375 0.7119140625 0.2822265625 0.732421875 0.361328125 0.7470703125 0.373046875 0.6923828125 0.3466796875 0.673828125 0.3095703125 0.673828125 0.322265625 0.7001953125
0 0.55078125 0.6142578125 0.5146484375 0.603515625 0.5234375 0.6494140625 0.501953125 0.6552734375 0.498046875 0.6806640625 0.546875 0.7158203125 0.56640625 0.6982421875 0.5625 0.6591796875 0.546875 0.6474609375 0.55078125 0.6142578125
0 0.58203125 0.7998046875 0.59765625 0.7802734375 0.5771484375 0.7578125 0.5546875 0.7880859375 0.58203125 0.7998046875
0 0.666015625 0.8369140625 0.6748046875 0.78125 0.6220703125 0.7890625 0.611328125 0.8095703125 0.64453125 0.8525390625 0.609375 0.9033203125 0.630859375 0.9189453125 0.6640625 0.9033203125 0.66015625 0.8681640625 0.681640625 0.8505859375 0.666015625 0.8369140625
0 0.7041015625 0.779296875 0.6171875 0.7978515625 0.611328125 0.8154296875 0.65234375 0.8623046875 0.6591796875 0.90234375 0.7099609375 0.8984375 0.783203125 0.9326171875 0.83984375 0.8896484375 0.8193359375 0.853515625 0.7724609375 0.84375 0.7041015625 0.779296875
0 0.5703125 0.8857421875 0.5947265625 0.8515625 0.5048828125 0.830078125 0.4609375 0.8486328125 0.451171875 0.8935546875 0.5234375 0.9326171875 0.60546875 0.9228515625 0.6005859375 0.904296875 0.5859375 0.9189453125 0.5703125 0.8857421875
0 0.38671875 0.8486328125 0.4150390625 0.7890625 0.3896484375 0.7734375 0.294921875 0.7822265625 0.38671875 0.8486328125
0 0.267578125 0.4228515625 0.2783203125 0.447265625 0.298828125 0.4521484375 0.328125 0.3896484375 0.2822265625 0.37109375 0.267578125 0.3857421875 0.267578125 0.4228515625
0 0.30859375 0.3173828125 0.3291015625 0.28125 0.287109375 0.2958984375 0.283203125 0.3076171875 0.30859375 0.3173828125
0 0.2060546875 0.345703125 0.23828125 0.3466796875 0.24609375 0.3388671875 0.2294921875 0.32421875 0.203125 0.3251953125 0.2060546875 0.345703125
0 0.11328125 0.2958984375 0.154296875 0.2841796875 0.1142578125 0.25 0.1015625 0.2880859375 0.11328125 0.2958984375
0 0.154296875 0.2099609375 0.18359375 0.1865234375 0.1787109375 0.10546875 0.1328125 0.2060546875 0.154296875 0.2099609375
0 0.111328125 0.4482421875 0.0810546875 0.41796875 0.091796875 0.4599609375 0.111328125 0.4482421875
0 0.1328125 0.5048828125 0.0927734375 0.482421875 0.1328125 0.5498046875 0.1328125 0.5048828125
0 0.228515625 0.7099609375 0.240234375 0.6806640625 0.2001953125 0.626953125 0.1748046875 0.6171875 0.228515625 0.7099609375
0 0.75 0.3623046875 0.7177734375 0.3515625 0.7421875 0.3818359375 0.75 0.3623046875
0 0.876953125 0.7861328125 0.87890625 0.8076171875 0.896484375 0.7646484375 0.8525390625 0.7421875 0.845703125 0.7607421875 0.876953125 0.7861328125
0 0.1953125 0.0771484375 0.26171875 0.0205078125 0.2119140625 0.005859375 0.1953125 0.0283203125 0.1953125 0.0771484375