0 0.474609375 0.2880859375 0.48046875 0.2529296875 0.4404296875 0.232421875 0.4375 0.2783203125 0.474609375 0.2880859375
0 0.59375 0.3876953125 0.607421875 0.3603515625 0.5732421875 0.337890625 0.556640625 0.3701171875 0.59375 0.3876953125
0 0.5 0.4072265625 0.515625 0.3681640625 0.4697265625 0.361328125 0.45703125 0.3857421875 0.5 0.4072265625
0 0.322265625 0.5302734375 0.3310546875 0.486328125 0.267578125 0.4892578125 0.2841796875 0.515625 0.322265625 0.5302734375
0 0.560546875 0.5732421875 0.583984375 0.5830078125 0.640625 0.5517578125 0.6357421875 0.5234375 0.595703125 0.5146484375 0.560546875 0.5732421875
0 0.271484375 0.7236328125 0.271484375 0.6943359375 0.2490234375 0.689453125 0.24609375 0.7197265625 0.271484375 0.7236328125
0 0.140625 0.6064453125 0.1416015625 0.580078125 0.107421875 0.5830078125 0.1201171875 0.607421875 0.140625 0.6064453125
0 0.5966796875 0.806640625 0.634765625 0.8095703125 0.654296875 0.7880859375 0.6337890625 0.751953125 0.5703125 0.7548828125 0.5966796875 0.806640625
0 0.564453125 0.8447265625 0.5947265625 0.875 0.681640625 0.8896484375 0.68359375 0.8583984375 0.6572265625 0.818359375 0.6181640625 0.81640625 0.564453125 0.8447265625
0 0.48046875 0.9326171875 0.5224609375 0.8828125 0.4609375 0.8994140625 0.458984375 0.9208984375 0.48046875 0.9326171875
0 0.828125 0.6923828125 0.853515625 0.6982421875 0.91015625 0.6748046875 0.9052734375 0.642578125 0.845703125 0.6513671875 0.828125 0.6923828125
0 0.71875 0.4091796875 0.73828125 0.3974609375 0.7216796875 0.37890625 0.6875 0.3994140625 0.71875 0.4091796875
0 0.65234375 0.4794921875 0.7041015625 0.501953125 0.73046875 0.5361328125 0.7421875 0.5107421875 0.7216796875 0.486328125 0.6806640625 0.466796875 0.65234375 0.4794921875
0 0.814453125 0.4658203125 0.859375 0.4853515625 0.89453125 0.4658203125 0.8779296875 0.451171875 0.8291015625 0.451171875 0.814453125 0.4658203125
0 0.9072265625 0.546875 0.890625 0.5595703125 0.8984375 0.6376953125 0.93359375 0.6669921875 0.962890625 0.6552734375 0.96875 0.6162109375 0.935546875 0.5478515625 0.9072265625 0.546875
0 0.384765625 0.4716796875 0.396484375 0.4521484375 0.3779296875 0.439453125 0.359375 0.4677734375 0.384765625 0.4716796875
0 0.7216796875 0.609375 0.697265625 0.6318359375 0.716796875 0.6396484375 0.7216796875 0.609375
0 0.5986328125 0.8046875 0.634765625 0.8095703125 0.654296875 0.7900390625 0.6337890625 0.751953125 0.572265625 0.7548828125 0.5986328125 0.8046875