0 0.67578125 0.4833984375 0.638671875 0.4580078125 0.65625 0.4462890625 0.654296875 0.4189453125 0.5986328125 0.3984375 0.5908203125 0.375 0.5439453125 0.345703125 0.5185546875 0.41015625 0.5146484375 0.37890625 0.505859375 0.3916015625 0.525390625 0.4423828125 0.55859375 0.4697265625 0.5234375 0.5205078125 0.55078125 0.5517578125 0.529296875 0.6103515625 0.5615234375 0.630859375 0.626953125 0.6376953125 0.6484375 0.6123046875 0.59375 0.5634765625 0.6435546875 0.541015625 0.67578125 0.4833984375
0 0.6298828125 0.689453125 0.611328125 0.7275390625 0.65625 0.7568359375 0.6796875 0.7392578125 0.6796875 0.7099609375 0.6552734375 0.685546875 0.6298828125 0.689453125
0 0.560546875 0.8720703125 0.4892578125 0.837890625 0.4462890625 0.85546875 0.4091796875 0.8359375 0.3583984375 0.841796875 0.33984375 0.8994140625 0.4404296875 0.939453125 0.4609375 0.9658203125 0.5107421875 0.923828125 0.5654296875 0.91015625 0.576171875 0.8974609375 0.560546875 0.8720703125
0 0.169921875 0.5888671875 0.22265625 0.6201171875 0.232421875 0.6708984375 0.275390625 0.6748046875 0.3125 0.6533203125 0.263671875 0.5810546875 0.1767578125 0.564453125 0.169921875 0.5888671875
0 0.2412109375 0.708984375 0.236328125 0.7314453125 0.2578125 0.7705078125 0.306640625 0.7861328125 0.330078125 0.7568359375 0.32421875 0.7373046875 0.2705078125 0.69921875 0.2412109375 0.708984375
0 0.369140625 0.6435546875 0.412109375 0.6552734375 0.431640625 0.6259765625 0.4111328125 0.60546875 0.3818359375 0.607421875 0.369140625 0.6435546875
0 0.68359375 0.4404296875 0.71875 0.4541015625 0.7529296875 0.451171875 0.767578125 0.4287109375 0.7314453125 0.41796875 0.68359375 0.4404296875
0 0.7939453125 0.537109375 0.845703125 0.5517578125 0.8642578125 0.51171875 0.8134765625 0.490234375 0.751953125 0.5029296875 0.7939453125 0.537109375
0 0.638671875 0.2158203125 0.6875 0.2353515625 0.71875 0.1748046875 0.6845703125 0.162109375 0.640625 0.1904296875 0.638671875 0.2158203125
0 0.794921875 0.2724609375 0.81640625 0.2802734375 0.841796875 0.2685546875 0.8349609375 0.24609375 0.796875 0.2568359375 0.794921875 0.2724609375
0 0.66015625 0.2919921875 0.669921875 0.3017578125 0.7060546875 0.294921875 0.716796875 0.2685546875 0.6806640625 0.263671875 0.66015625 0.2919921875
0 0.900390625 0.3935546875 0.9375 0.3701171875 0.8779296875 0.3515625 0.87109375 0.3779296875 0.900390625 0.3935546875
0 0.7626953125 0.037109375 0.7529296875 0.078125 0.71875 0.0791015625 0.7294921875 0.119140625 0.83203125 0.1357421875 0.84375 0.1162109375 0.80078125 0.0810546875 0.7998046875 0.041015625 0.7626953125 0.037109375
0 0.193359375 0.4482421875 0.224609375 0.4306640625 0.1826171875 0.40625 0.17578125 0.4267578125 0.193359375 0.4482421875
0 0.564453125 0.2099609375 0.576171875 0.1884765625 0.5458984375 0.158203125 0.53515625 0.2041015625 0.564453125 0.2099609375
0 0.6474609375 0.072265625 0.607421875 0.0830078125 0.640625 0.1064453125 0.6474609375 0.072265625