0 0.2138671875 0.595703125 0.20703125 0.6240234375 0.2734375 0.6611328125 0.3408203125 0.6328125 0.337890625 0.6123046875 0.2939453125 0.58203125 0.2138671875 0.595703125
0 0.240234375 0.3369140625 0.2412109375 0.36328125 0.275390625 0.3681640625 0.3046875 0.3486328125 0.2998046875 0.333984375 0.2568359375 0.326171875 0.240234375 0.3369140625
0 0.5341796875 0.1875 0.4951171875 0.1875 0.4765625 0.2041015625 0.484375 0.2294921875 0.505859375 0.2373046875 0.587890625 0.1787109375 0.5693359375 0.15234375 0.5576171875 0.1484375 0.5341796875 0.1875
0 0.53125 0.3115234375 0.537109375 0.2822265625 0.5087890625 0.279296875 0.501953125 0.2998046875 0.53125 0.3115234375
0 0.388671875 0.3466796875 0.4140625 0.3330078125 0.4111328125 0.314453125 0.33984375 0.3212890625 0.388671875 0.3466796875
0 0.443359375 0.2490234375 0.4345703125 0.21875 0.41796875 0.2275390625 0.4228515625 0.248046875 0.443359375 0.2490234375
0 0.3828125 0.2294921875 0.40234375 0.2080078125 0.3779296875 0.189453125 0.353515625 0.2216796875 0.3828125 0.2294921875
0 0.693359375 0.6083984375 0.7216796875 0.640625 0.74609375 0.6435546875 0.7724609375 0.638671875 0.783203125 0.6201171875 0.7587890625 0.6015625 0.693359375 0.6083984375
0 0.6044921875 0.501953125 0.626953125 0.5048828125 0.677734375 0.4892578125 0.6611328125 0.4765625 0.60546875 0.4873046875 0.6044921875 0.501953125
0 0.6025390625 0.5 0.5546875 0.5458984375 0.609375 0.5537109375 0.625 0.5458984375 0.611328125 0.5185546875 0.6279296875 0.501953125 0.6025390625 0.5
0 0.73828125 0.4951171875 0.76171875 0.5009765625 0.79296875 0.4951171875 0.7763671875 0.478515625 0.7431640625 0.48046875 0.73828125 0.4951171875
0 0.712890625 0.5732421875 0.748046875 0.5751953125 0.794921875 0.5380859375 0.7919921875 0.517578125 0.720703125 0.5400390625 0.712890625 0.5732421875
0 0.6875 0.4384765625 0.689453125 0.4013671875 0.6474609375 0.392578125 0.642578125 0.4345703125 0.6875 0.4384765625
0 0.515625 0.9130859375 0.560546875 0.9208984375 0.6220703125 0.912109375 0.626953125 0.8955078125 0.5966796875 0.88671875 0.515625 0.9130859375
0 0.771484375 0.8896484375 0.841796875 0.8232421875 0.7509765625 0.828125 0.748046875 0.8525390625 0.771484375 0.8896484375
0 0.6123046875 0.369140625 0.640625 0.3740234375 0.654296875 0.3662109375 0.6416015625 0.328125 0.59765625 0.3447265625 0.6123046875 0.369140625
0 0.3857421875 0.5625 0.404296875 0.5634765625 0.423828125 0.5556640625 0.4189453125 0.54296875 0.3828125 0.5478515625 0.3857421875 0.5625
0 0.494140625 0.6103515625 0.5029296875 0.591796875 0.453125 0.5947265625 0.4619140625 0.609375 0.494140625 0.6103515625
0 0.25390625 0.2958984375 0.2734375 0.2802734375 0.2451171875 0.265625 0.232421875 0.2802734375 0.25390625 0.2958984375
0 0.4296875 0.0869140625 0.439453125 0.0888671875 0.5322265625 0.08203125 0.537109375 0.0693359375 0.4736328125 0.060546875 0.4296875 0.0869140625
0 0.5126953125 0.841796875 0.541015625 0.8447265625 0.552734375 0.8291015625 0.5400390625 0.810546875 0.505859375 0.8251953125 0.5126953125 0.841796875