0 0.6376953125 0.1796875 0.6708984375 0.171875 0.673828125 0.2001953125 0.7080078125 0.228515625 0.791015625 0.1845703125 0.7705078125 0.158203125 0.748046875 0.1552734375 0.74609375 0.1357421875 0.7685546875 0.15625 0.7890625 0.1455078125 0.6689453125 0.103515625 0.5615234375 0.099609375 0.3662109375 0.0625 0.2568359375 0.064453125 0.185546875 0.1103515625 0.1923828125 0.123046875 0.2431640625 0.103515625 0.3310546875 0.115234375 0.3603515625 0.154296875 0.4208984375 0.171875 0.4873046875 0.23046875 0.515625 0.2333984375 0.5439453125 0.224609375 0.541015625 0.2060546875 0.6044921875 0.1640625 0.6376953125 0.1796875
0 0.10546875 0.2216796875 0.12890625 0.2373046875 0.1875 0.2138671875 0.1708984375 0.1953125 0.1318359375 0.1953125 0.10546875 0.2216796875
0 0.30859375 0.2373046875 0.330078125 0.2099609375 0.2998046875 0.189453125 0.2734375 0.2197265625 0.30859375 0.2373046875
0 0.36328125 0.4267578125 0.3896484375 0.4375 0.4326171875 0.4140625 0.54296875 0.4404296875 0.5234375 0.3779296875 0.4912109375 0.353515625 0.3916015625 0.365234375 0.36328125 0.4267578125
0 0.0478515625 0.4765625 0.14453125 0.4853515625 0.1455078125 0.443359375 0.0615234375 0.4296875 0.046875 0.4150390625 0.0478515625 0.4765625
0 0.3564453125 0.470703125 0.2568359375 0.501953125 0.2490234375 0.53125 0.1904296875 0.515625 0.1640625 0.5576171875 0.203125 0.5654296875 0.2841796875 0.546875 0.3447265625 0.5546875 0.40625 0.4931640625 0.3564453125 0.470703125
0 0.47265625 0.6181640625 0.462890625 0.6767578125 0.556640625 0.7314453125 0.556640625 0.5205078125 0.5107421875 0.517578125 0.53515625 0.5634765625 0.47265625 0.6181640625
0 0.3671875 0.7197265625 0.3701171875 0.658203125 0.27734375 0.6767578125 0.3447265625 0.720703125 0.3671875 0.7197265625
0 0.205078125 0.7568359375 0.279296875 0.7763671875 0.29296875 0.7666015625 0.287109375 0.7529296875 0.2568359375 0.736328125 0.205078125 0.7568359375
0 0.6953125 0.3330078125 0.7890625 0.3994140625 0.806640625 0.3017578125 0.7587890625 0.3046875 0.7060546875 0.28515625 0.6953125 0.3330078125
0 0.7060546875 0.525390625 0.7041015625 0.537109375 0.73828125 0.5224609375 0.7373046875 0.509765625 0.7060546875 0.509765625 0.701171875 0.4970703125 0.705078125 0.4619140625 0.7490234375 0.42578125 0.6201171875 0.412109375 0.6015625 0.4248046875 0.560546875 0.4697265625 0.5703125 0.6103515625 0.6240234375 0.5859375 0.6533203125 0.5390625 0.6865234375 0.564453125 0.7060546875 0.525390625
0 0.671875 0.6767578125 0.69140625 0.6787109375 0.71875 0.6611328125 0.7099609375 0.591796875 0.673828125 0.6435546875 0.671875 0.6767578125
0 0.56640625 0.7412109375 0.583984375 0.7490234375 0.60546875 0.7294921875 0.5947265625 0.685546875 0.564453125 0.7001953125 0.56640625 0.7412109375
0 0.4443359375 0.7578125 0.4052734375 0.751953125 0.400390625 0.7880859375 0.455078125 0.8310546875 0.46875 0.8623046875 0.501953125 0.8564453125 0.498046875 0.8212890625 0.4609375 0.8095703125 0.4443359375 0.7578125
0 0.3447265625 0.833984375 0.28515625 0.8486328125 0.314453125 0.8701171875 0.3447265625 0.833984375
0 0.716796875 0.8466796875 0.7314453125 0.796875 0.66796875 0.8095703125 0.6826171875 0.8359375 0.716796875 0.8466796875
0 0.2353515625 0.30859375 0.171875 0.3330078125 0.20703125 0.3505859375 0.2392578125 0.330078125 0.2529296875 0.34765625 0.2578125 0.3369140625 0.2353515625 0.30859375
0 0.234375 0.4287109375 0.2509765625 0.408203125 0.1875 0.4013671875 0.2021484375 0.4296875 0.234375 0.4287109375