0 0.486328125 0.3076171875 0.46484375 0.2392578125 0.4306640625 0.23828125 0.423828125 0.2919921875 0.486328125 0.3076171875
0 0.4892578125 0.408203125 0.447265625 0.3857421875 0.4423828125 0.3515625 0.4052734375 0.353515625 0.3837890625 0.33203125 0.337890625 0.3505859375 0.3603515625 0.3984375 0.439453125 0.4208984375 0.4580078125 0.478515625 0.48828125 0.4736328125 0.5009765625 0.431640625 0.5234375 0.4775390625 0.5546875 0.4892578125 0.6015625 0.4326171875 0.5498046875 0.376953125 0.5263671875 0.376953125 0.4892578125 0.408203125
0 0.640625 0.2001953125 0.634765625 0.2373046875 0.669921875 0.2470703125 0.689453125 0.2412109375 0.693359375 0.2001953125 0.6611328125 0.18359375 0.640625 0.2001953125
0 0.650390625 0.1240234375 0.67578125 0.1435546875 0.7568359375 0.099609375 0.76171875 0.0634765625 0.7021484375 0.111328125 0.650390625 0.1240234375
0 0.9140625 0.3525390625 0.87890625 0.3798828125 0.875 0.4208984375 0.927734375 0.4365234375 0.93359375 0.3408203125 0.9091796875 0.244140625 0.873046875 0.2841796875 0.9140625 0.3525390625
0 0.7080078125 0.333984375 0.7705078125 0.33203125 0.814453125 0.3505859375 0.837890625 0.3310546875 0.8310546875 0.314453125 0.6953125 0.3173828125 0.7080078125 0.333984375
0 0.6455078125 0.623046875 0.630859375 0.6650390625 0.65625 0.6748046875 0.7451171875 0.65234375 0.7578125 0.6337890625 0.7275390625 0.609375 0.6455078125 0.623046875
0 0.4736328125 0.677734375 0.5078125 0.6826171875 0.52734375 0.6533203125 0.5185546875 0.630859375 0.427734375 0.6298828125 0.4736328125 0.677734375
0 0.501953125 0.4189453125 0.52734375 0.4794921875 0.55859375 0.4873046875 0.6015625 0.4267578125 0.5517578125 0.37890625 0.5302734375 0.376953125 0.501953125 0.4189453125
0 0.3095703125 0.498046875 0.3515625 0.4990234375 0.369140625 0.4873046875 0.3564453125 0.46875 0.298828125 0.4775390625 0.3095703125 0.498046875
0 0.37890625 0.4931640625 0.3828125 0.5341796875 0.396484375 0.5419921875 0.431640625 0.5244140625 0.43359375 0.5009765625 0.4111328125 0.484375 0.37890625 0.4931640625
0 0.232421875 0.6943359375 0.2705078125 0.708984375 0.3134765625 0.677734375 0.328125 0.7080078125 0.34375 0.7099609375 0.361328125 0.6630859375 0.3115234375 0.658203125 0.2919921875 0.6328125 0.232421875 0.6943359375
0 0.3720703125 0.80078125 0.353515625 0.8271484375 0.3583984375 0.84765625 0.3828125 0.8505859375 0.408203125 0.8291015625 0.416015625 0.8076171875 0.4052734375 0.798828125 0.3720703125 0.80078125
0 0.1630859375 0.79296875 0.240234375 0.8037109375 0.265625 0.7783203125 0.2548828125 0.751953125 0.15625 0.7666015625 0.1630859375 0.79296875
0 0.4111328125 0.890625 0.3759765625 0.90625 0.3115234375 0.90625 0.2744140625 0.9296875 0.16015625 0.8935546875 0.1787109375 0.9140625 0.2958984375 0.962890625 0.376953125 0.9638671875 0.4599609375 0.953125 0.470703125 0.9365234375 0.4404296875 0.900390625 0.4111328125 0.890625
0 0.55078125 0.9306640625 0.5859375 0.8935546875 0.5693359375 0.8671875 0.548828125 0.8876953125 0.55078125 0.9306640625
0 0.1875 0.5986328125 0.21484375 0.5908203125 0.2060546875 0.5703125 0.16796875 0.5810546875 0.1875 0.5986328125
0 0.294921875 0.8427734375 0.2822265625 0.826171875 0.26171875 0.8291015625 0.2646484375 0.84375 0.294921875 0.8427734375
0 0.271484375 0.4130859375 0.2880859375 0.373046875 0.2646484375 0.37109375 0.240234375 0.3955078125 0.271484375 0.4130859375
0 0.68359375 0.4716796875 0.689453125 0.4541015625 0.6611328125 0.4453125 0.658203125 0.4677734375 0.68359375 0.4716796875
0 0.6328125 0.5283203125 0.666015625 0.5302734375 0.68359375 0.5263671875 0.685546875 0.5048828125 0.6474609375 0.501953125 0.6328125 0.5283203125