0 0.4892578125 0.359375 0.3720703125 0.33203125 0.296875 0.3798828125 0.2998046875 0.412109375 0.3701171875 0.404296875 0.4140625 0.4248046875 0.4111328125 0.49609375 0.49609375 0.5107421875 0.513671875 0.4755859375 0.478515625 0.4462890625 0.501953125 0.3994140625 0.4892578125 0.359375
0 0.2578125 0.5419921875 0.275390625 0.5537109375 0.310546875 0.5283203125 0.3056640625 0.505859375 0.2578125 0.5087890625 0.2578125 0.5419921875
0 0.32421875 0.5556640625 0.322265625 0.5751953125 0.3544921875 0.6171875 0.380859375 0.6240234375 0.423828125 0.5888671875 0.3935546875 0.53125 0.3525390625 0.533203125 0.32421875 0.5556640625
0 0.22265625 0.7021484375 0.2568359375 0.74609375 0.32421875 0.7685546875 0.3515625 0.7275390625 0.3017578125 0.666015625 0.224609375 0.6748046875 0.22265625 0.7021484375
0 0.658203125 0.3154296875 0.689453125 0.3330078125 0.748046875 0.3154296875 0.7431640625 0.271484375 0.689453125 0.2724609375 0.658203125 0.3154296875
0 0.787109375 0.3193359375 0.80078125 0.3779296875 0.82421875 0.3896484375 0.861328125 0.3642578125 0.8671875 0.3212890625 0.8134765625 0.3046875 0.787109375 0.3193359375
0 0.724609375 0.6181640625 0.7666015625 0.640625 0.833984375 0.6435546875 0.845703125 0.6337890625 0.8369140625 0.623046875 0.7646484375 0.599609375 0.724609375 0.6181640625
0 0.4677734375 0.7265625 0.5390625 0.7470703125 0.544921875 0.7294921875 0.5068359375 0.6953125 0.45703125 0.7021484375 0.4677734375 0.7265625
0 0.3173828125 0.85546875 0.376953125 0.8720703125 0.423828125 0.8642578125 0.4208984375 0.81640625 0.310546875 0.8330078125 0.3173828125 0.85546875
0 0.4375 0.9189453125 0.458984375 0.9345703125 0.5419921875 0.908203125 0.55859375 0.8779296875 0.4423828125 0.880859375 0.4375 0.9189453125
0 0.7685546875 0.720703125 0.7890625 0.7373046875 0.826171875 0.7060546875 0.7265625 0.6962890625 0.7294921875 0.728515625 0.7685546875 0.720703125
0 0.69140625 0.6865234375 0.6806640625 0.6640625 0.658203125 0.6650390625 0.6591796875 0.68359375 0.69140625 0.6865234375
0 0.16015625 0.6005859375 0.18359375 0.6298828125 0.21875 0.6123046875 0.2001953125 0.5859375 0.1728515625 0.580078125 0.16015625 0.6005859375
0 0.078125 0.6884765625 0.076171875 0.6669921875 0.0439453125 0.64453125 0.03125 0.6806640625 0.078125 0.6884765625
0 0.0693359375 0.873046875 0.119140625 0.8759765625 0.119140625 0.8544921875 0.0908203125 0.833984375 0.0390625 0.8447265625 0.0693359375 0.873046875
0 0.158203125 0.8994140625 0.181640625 0.9248046875 0.205078125 0.9033203125 0.1982421875 0.853515625 0.169921875 0.8681640625 0.158203125 0.8994140625
0 0.669921875 0.1376953125 0.4462890625 0.240234375 0.447265625 0.2822265625 0.4833984375 0.2734375 0.6025390625 0.181640625 0.6591796875 0.16015625 0.669921875 0.1376953125
0 0.701171875 0.2236328125 0.677734375 0.2119140625 0.681640625 0.1748046875 0.6474609375 0.166015625 0.5439453125 0.220703125 0.51171875 0.2626953125 0.5546875 0.2685546875 0.53125 0.2607421875 0.6533203125 0.26171875 0.6923828125 0.23828125 0.701171875 0.2236328125
0 0.8095703125 0.11328125 0.779296875 0.1123046875 0.787109375 0.1513671875 0.8095703125 0.11328125