0 0.646484375 0.5693359375 0.6376953125 0.546875 0.611328125 0.5361328125 0.623046875 0.4833984375 0.5908203125 0.46875 0.560546875 0.4736328125 0.54296875 0.5048828125 0.55078125 0.5400390625 0.5166015625 0.54296875 0.482421875 0.5888671875 0.490234375 0.6357421875 0.537109375 0.6533203125 0.5556640625 0.6328125 0.5986328125 0.642578125 0.6220703125 0.62890625 0.646484375 0.5693359375
0 0.6982421875 0.28515625 0.6708984375 0.240234375 0.6513671875 0.2421875 0.6328125 0.2685546875 0.685546875 0.3017578125 0.666015625 0.3349609375 0.6953125 0.3466796875 0.7822265625 0.328125 0.802734375 0.3056640625 0.7529296875 0.28125 0.6982421875 0.28515625
0 0.08203125 0.6142578125 0.064453125 0.6396484375 0.087890625 0.6435546875 0.123046875 0.6005859375 0.0986328125 0.5703125 0.08203125 0.5791015625 0.08203125 0.6142578125
0 0.5810546875 0.814453125 0.5341796875 0.806640625 0.5068359375 0.833984375 0.4375 0.8408203125 0.4970703125 0.8984375 0.529296875 0.9052734375 0.560546875 0.8916015625 0.544921875 0.8369140625 0.5791015625 0.833984375 0.5810546875 0.814453125
0 0.6259765625 0.826171875 0.62109375 0.8447265625 0.677734375 0.9365234375 0.71875 0.8974609375 0.7265625 0.8701171875 0.6826171875 0.822265625 0.6259765625 0.826171875
0 0.8330078125 0.427734375 0.8359375 0.4111328125 0.6416015625 0.3828125 0.634765625 0.4013671875 0.66015625 0.4208984375 0.66796875 0.4580078125 0.72265625 0.4892578125 0.7568359375 0.478515625 0.767578125 0.4462890625 0.7958984375 0.423828125 0.8330078125 0.427734375
0 0.15234375 0.7099609375 0.1494140625 0.6875 0.1142578125 0.671875 0.1015625 0.7255859375 0.130859375 0.7607421875 0.11328125 0.8037109375 0.1357421875 0.798828125 0.169921875 0.8193359375 0.177734375 0.7998046875 0.154296875 0.7529296875 0.173828125 0.7236328125 0.15234375 0.7099609375
0 0.455078125 0.2646484375 0.484375 0.2724609375 0.5 0.2607421875 0.5 0.2314453125 0.4658203125 0.2265625 0.455078125 0.2646484375
0 0.5673828125 0.130859375 0.537109375 0.1494140625 0.564453125 0.1708984375 0.5673828125 0.130859375
0 0.6875 0.0380859375 0.6923828125 0.06640625 0.7373046875 0.05078125 0.7734375 0.0830078125 0.798828125 0.0791015625 0.7744140625 0.0390625 0.7373046875 0.025390625 0.6875 0.0380859375
0 0.8515625 0.1826171875 0.861328125 0.2099609375 0.828125 0.2275390625 0.794921875 0.2783203125 0.796875 0.3251953125 0.857421875 0.3466796875 0.8984375 0.2705078125 0.875 0.2431640625 0.8701171875 0.1796875 0.8515625 0.1826171875
0 0.873046875 0.6396484375 0.888671875 0.5869140625 0.8623046875 0.5546875 0.849609375 0.6064453125 0.873046875 0.6396484375
0 0.83203125 0.6748046875 0.84375 0.6455078125 0.8173828125 0.625 0.80859375 0.6552734375 0.83203125 0.6748046875
0 0.3125 0.6474609375 0.33203125 0.6103515625 0.3017578125 0.6015625 0.27734375 0.6337890625 0.3125 0.6474609375
0 0.265625 0.7275390625 0.2890625 0.6904296875 0.2490234375 0.677734375 0.240234375 0.7021484375 0.265625 0.7275390625
0 0.455078125 0.7841796875 0.4580078125 0.76171875 0.4140625 0.7529296875 0.4248046875 0.783203125 0.455078125 0.7841796875
0 0.4130859375 0.728515625 0.453125 0.7373046875 0.4345703125 0.6796875 0.40234375 0.6884765625 0.3984375 0.7138671875 0.4130859375 0.728515625
0 0.326171875 0.8876953125 0.34375 0.8935546875 0.384765625 0.8720703125 0.3583984375 0.845703125 0.3203125 0.8642578125 0.326171875 0.8876953125
0 0.873046875 0.1201171875 0.890625 0.1689453125 0.87890625 0.0947265625 0.8076171875 0.078125 0.8154296875 0.09765625 0.873046875 0.1201171875
0 0.9365234375 0.296875 0.90625 0.3583984375 0.93359375 0.3837890625 0.9365234375 0.296875
0 0.65625 0.2158203125 0.673828125 0.2216796875 0.689453125 0.2021484375 0.6787109375 0.18359375 0.65625 0.1943359375 0.65625 0.2158203125
0 0.564453125 0.3095703125 0.583984375 0.2978515625 0.5732421875 0.2734375 0.548828125 0.2958984375 0.564453125 0.3095703125
0 0.6875 0.5771484375 0.720703125 0.5595703125 0.6943359375 0.533203125 0.669921875 0.5576171875 0.6875 0.5771484375
0 0.3583984375 0.22265625 0.279296875 0.2626953125 0.33984375 0.2646484375 0.3583984375 0.22265625
0 0.57421875 0.7548828125 0.58984375 0.7548828125 0.576171875 0.7724609375 0.59375 0.7724609375 0.623046875 0.7587890625 0.6064453125 0.685546875 0.560546875 0.7255859375 0.57421875 0.7548828125