0 0.078125 0.2333984375 0.07421875 0.2822265625 0.0966796875 0.251953125 0.12109375 0.2451171875 0.1083984375 0.23046875 0.078125 0.2333984375
0 0.212890625 0.3896484375 0.1416015625 0.40234375 0.1162109375 0.373046875 0.0751953125 0.369140625 0.10546875 0.4931640625 0.123046875 0.4833984375 0.1298828125 0.451171875 0.1904296875 0.443359375 0.212890625 0.3896484375
0 0.2275390625 0.341796875 0.25390625 0.3466796875 0.3046875 0.3388671875 0.2626953125 0.29296875 0.224609375 0.3271484375 0.2275390625 0.341796875
0 0.548828125 0.2021484375 0.435546875 0.2001953125 0.50390625 0.2333984375 0.5087890625 0.21484375 0.5517578125 0.224609375 0.53515625 0.2099609375 0.548828125 0.2021484375
0 0.4169921875 0.4140625 0.396484375 0.4345703125 0.427734375 0.4638671875 0.4501953125 0.458984375 0.45703125 0.4384765625 0.4423828125 0.41796875 0.4169921875 0.4140625
0 0.53515625 0.3017578125 0.580078125 0.3193359375 0.6015625 0.3076171875 0.5947265625 0.28515625 0.5595703125 0.283203125 0.53515625 0.3017578125
0 0.625 0.3681640625 0.6298828125 0.3828125 0.6796875 0.3857421875 0.69140625 0.3720703125 0.6826171875 0.3515625 0.6494140625 0.34765625 0.625 0.3681640625
0 0.5 0.6337890625 0.4208984375 0.634765625 0.38671875 0.6826171875 0.400390625 0.7001953125 0.4443359375 0.673828125 0.4716796875 0.68359375 0.5 0.6552734375 0.5 0.6337890625
0 0.7578125 0.4658203125 0.791015625 0.3974609375 0.7802734375 0.38671875 0.73046875 0.4306640625 0.7578125 0.4658203125
0 0.85546875 0.4638671875 0.873046875 0.4326171875 0.8505859375 0.421875 0.84375 0.4599609375 0.85546875 0.4638671875
0 0.4921875 0.5439453125 0.501953125 0.5029296875 0.4638671875 0.5 0.46875 0.5322265625 0.4921875 0.5439453125
0 0.55859375 0.5283203125 0.580078125 0.5029296875 0.5498046875 0.486328125 0.529296875 0.5166015625 0.55859375 0.5283203125
0 0.6279296875 0.517578125 0.65234375 0.5205078125 0.662109375 0.5029296875 0.6474609375 0.478515625 0.611328125 0.4912109375 0.6279296875 0.517578125
0 0.5791015625 0.642578125 0.599609375 0.6416015625 0.6083984375 0.59375 0.5869140625 0.59765625 0.572265625 0.6220703125 0.5791015625 0.642578125
0 0.640625 0.6982421875 0.6796875 0.7373046875 0.69921875 0.7216796875 0.70703125 0.6767578125 0.6904296875 0.658203125 0.640625 0.6982421875
0 0.828125 0.6474609375 0.8515625 0.6298828125 0.8134765625 0.60546875 0.796875 0.6259765625 0.828125 0.6474609375
0 0.765625 0.6611328125 0.78515625 0.6318359375 0.7783203125 0.615234375 0.708984375 0.6142578125 0.765625 0.6611328125
0 0.6513671875 0.74609375 0.5654296875 0.75 0.55859375 0.7802734375 0.625 0.8369140625 0.673828125 0.8251953125 0.66015625 0.8095703125 0.669921875 0.7646484375 0.6513671875 0.74609375
0 0.4443359375 0.841796875 0.5078125 0.8486328125 0.513671875 0.8310546875 0.4775390625 0.794921875 0.439453125 0.8271484375 0.4443359375 0.841796875
0 0.5 0.9169921875 0.4951171875 0.88671875 0.470703125 0.8916015625 0.4736328125 0.91796875 0.5 0.9169921875
0 0.640625 0.8603515625 0.6455078125 0.87890625 0.666015625 0.8798828125 0.6982421875 0.85546875 0.78515625 0.8603515625 0.7080078125 0.798828125 0.640625 0.8603515625
0 0.6728515625 0.8828125 0.62109375 0.9169921875 0.6279296875 0.955078125 0.66796875 0.9541015625 0.669921875 0.9287109375 0.705078125 0.9033203125 0.6943359375 0.88671875 0.6728515625 0.8828125
0 0.24609375 0.7802734375 0.259765625 0.7705078125 0.2548828125 0.75 0.212890625 0.7529296875 0.24609375 0.7802734375
0 0.91015625 0.7509765625 0.9130859375 0.720703125 0.876953125 0.7236328125 0.8779296875 0.74609375 0.91015625 0.7509765625
0 0.88671875 0.8173828125 0.908203125 0.7607421875 0.8701171875 0.7421875 0.8515625 0.7822265625 0.88671875 0.8173828125