0 0.8798828125 0.041015625 0.873046875 0.0712890625 0.845703125 0.0869140625 0.861328125 0.1279296875 0.833984375 0.1572265625 0.88671875 0.1865234375 0.9453125 0.1533203125 0.900390625 0.1181640625 0.8984375 0.0556640625 0.8798828125 0.041015625
0 0.833984375 0.2666015625 0.857421875 0.2431640625 0.8173828125 0.234375 0.8125 0.2568359375 0.833984375 0.2666015625
0 0.8046875 0.3466796875 0.8076171875 0.3125 0.751953125 0.3212890625 0.7783203125 0.345703125 0.8046875 0.3466796875
0 0.0625 0.5751953125 0.0537109375 0.533203125 0.046875 0.6708984375 0.11328125 0.6845703125 0.123046875 0.6708984375 0.1015625 0.6494140625 0.09375 0.6044921875 0.0625 0.5751953125
0 0.8828125 0.3955078125 0.919921875 0.3662109375 0.8779296875 0.341796875 0.845703125 0.3818359375 0.8828125 0.3955078125
0 0.5068359375 0.380859375 0.5546875 0.3916015625 0.578125 0.3681640625 0.5634765625 0.33984375 0.50390625 0.3466796875 0.5068359375 0.380859375
0 0.609375 0.3876953125 0.59765625 0.4423828125 0.57421875 0.4716796875 0.6015625 0.4794921875 0.6640625 0.4326171875 0.6845703125 0.375 0.6494140625 0.359375 0.609375 0.3876953125
0 0.6904296875 0.62890625 0.685546875 0.5927734375 0.71875 0.5576171875 0.7109375 0.5185546875 0.5205078125 0.541015625 0.478515625 0.6064453125 0.474609375 0.6513671875 0.49609375 0.6591796875 0.49609375 0.6884765625 0.5078125 0.6884765625 0.6318359375 0.666015625 0.662109375 0.6416015625 0.6591796875 0.625 0.6904296875 0.62890625
0 0.310546875 0.7392578125 0.328125 0.6904296875 0.2783203125 0.69140625 0.2890625 0.7373046875 0.310546875 0.7392578125
0 0.25 0.8076171875 0.267578125 0.8134765625 0.302734375 0.8037109375 0.2841796875 0.767578125 0.25 0.7919921875 0.25 0.8076171875
0 0.458984375 0.7216796875 0.4609375 0.7607421875 0.490234375 0.7744140625 0.53125 0.7548828125 0.544921875 0.7314453125 0.5361328125 0.7109375 0.458984375 0.7216796875
0 0.2041015625 0.34375 0.12109375 0.4111328125 0.185546875 0.4208984375 0.2041015625 0.34375
0 0.3515625 0.4833984375 0.3671875 0.4599609375 0.3388671875 0.455078125 0.330078125 0.4716796875 0.3515625 0.4833984375
0 0.80078125 0.5322265625 0.841796875 0.5068359375 0.8037109375 0.501953125 0.78515625 0.5205078125 0.80078125 0.5322265625
0 0.68359375 0.4873046875 0.6953125 0.5166015625 0.71875 0.5068359375 0.71875 0.4794921875 0.7021484375 0.46875 0.68359375 0.4873046875
0 0.90234375 0.6083984375 0.8994140625 0.57421875 0.841796875 0.5849609375 0.8525390625 0.599609375 0.90234375 0.6083984375
0 0.501953125 0.5048828125 0.517578125 0.4716796875 0.4736328125 0.458984375 0.470703125 0.4931640625 0.501953125 0.5048828125
0 0.9072265625 0.44140625 0.87890625 0.4580078125 0.90234375 0.4697265625 0.9072265625 0.44140625
0 0.7578125 0.2646484375 0.771484375 0.2490234375 0.7529296875 0.2265625 0.734375 0.2548828125 0.7578125 0.2646484375
0 0.310546875 0.4091796875 0.359375 0.3974609375 0.3486328125 0.3515625 0.30859375 0.3583984375 0.310546875 0.4091796875
0 0.6650390625 0.67578125 0.6640625 0.7021484375 0.6953125 0.7275390625 0.7109375 0.7177734375 0.703125 0.6943359375 0.6826171875 0.671875 0.6650390625 0.67578125
0 0.546875 0.8251953125 0.560546875 0.7919921875 0.5224609375 0.787109375 0.521484375 0.8115234375 0.546875 0.8251953125
0 0.4287109375 0.8828125 0.380859375 0.8955078125 0.439453125 0.9052734375 0.4287109375 0.8828125
0 0.49609375 0.9052734375 0.50390625 0.8701171875 0.4873046875 0.8671875 0.482421875 0.9052734375 0.49609375 0.9052734375