0 0.396484375 0.3291015625 0.4013671875 0.357421875 0.4375 0.3583984375 0.462890625 0.3388671875 0.4609375 0.2958984375 0.4462890625 0.287109375 0.396484375 0.3291015625
0 0.375 0.4326171875 0.41015625 0.4365234375 0.4375 0.4111328125 0.4013671875 0.392578125 0.376953125 0.4091796875 0.375 0.4326171875
0 0.6318359375 0.298828125 0.578125 0.3876953125 0.650390625 0.4052734375 0.6767578125 0.400390625 0.681640625 0.3818359375 0.6640625 0.3193359375 0.6318359375 0.298828125
0 0.705078125 0.5927734375 0.740234375 0.6005859375 0.765625 0.5322265625 0.7451171875 0.5078125 0.703125 0.5537109375 0.705078125 0.5927734375
0 0.6513671875 0.625 0.669921875 0.6279296875 0.68359375 0.6142578125 0.6728515625 0.580078125 0.62890625 0.5908203125 0.6513671875 0.625
0 0.5224609375 0.751953125 0.55859375 0.7666015625 0.560546875 0.7177734375 0.5263671875 0.654296875 0.4921875 0.7041015625 0.5224609375 0.751953125
0 0.77734375 0.6396484375 0.810546875 0.6552734375 0.822265625 0.6396484375 0.8125 0.5947265625 0.7763671875 0.59765625 0.77734375 0.6396484375
0 0.5517578125 0.8515625 0.478515625 0.8681640625 0.576171875 0.9345703125 0.5517578125 0.8515625
0 0.1884765625 0.546875 0.20703125 0.6005859375 0.275390625 0.6884765625 0.2890625 0.6748046875 0.27734375 0.6220703125 0.2373046875 0.6171875 0.1884765625 0.546875
0 0.76171875 0.8173828125 0.7685546875 0.7890625 0.77734375 0.8505859375 0.748046875 0.8974609375 0.7763671875 0.8984375 0.783203125 0.9130859375 0.80859375 0.8154296875 0.80078125 0.7822265625 0.7705078125 0.76171875 0.76171875 0.8173828125
0 0.46484375 0.1533203125 0.4853515625 0.10546875 0.396484375 0.0888671875 0.4169921875 0.142578125 0.46484375 0.1533203125
0 0.72265625 0.2607421875 0.7578125 0.2470703125 0.6982421875 0.205078125 0.69921875 0.2353515625 0.72265625 0.2607421875
0 0.7900390625 0.291015625 0.751953125 0.3173828125 0.771484375 0.3388671875 0.7900390625 0.291015625
0 0.7724609375 0.37890625 0.748046875 0.3974609375 0.763671875 0.4287109375 0.8037109375 0.41015625 0.8408203125 0.42578125 0.861328125 0.3916015625 0.7724609375 0.37890625
0 0.931640625 0.5419921875 0.955078125 0.5126953125 0.9267578125 0.482421875 0.91796875 0.5302734375 0.931640625 0.5419921875
0 0.865234375 0.5244140625 0.888671875 0.5048828125 0.8681640625 0.498046875 0.84375 0.5126953125 0.865234375 0.5244140625
0 0.5390625 0.4892578125 0.560546875 0.4619140625 0.5322265625 0.443359375 0.513671875 0.4716796875 0.5390625 0.4892578125
0 0.474609375 0.5595703125 0.49609375 0.5458984375 0.4912109375 0.525390625 0.453125 0.5361328125 0.474609375 0.5595703125
0 0.1015625 0.3076171875 0.138671875 0.4150390625 0.1328125 0.3017578125 0.146484375 0.2529296875 0.0927734375 0.171875 0.1015625 0.3076171875
0 0.248046875 0.2001953125 0.265625 0.2099609375 0.298828125 0.1865234375 0.2919921875 0.162109375 0.255859375 0.1748046875 0.248046875 0.2001953125