0 0.8916015625 0.330078125 0.8828125 0.3095703125 0.908203125 0.2822265625 0.884765625 0.1630859375 0.7880859375 0.060546875 0.6982421875 0.08203125 0.642578125 0.1435546875 0.6396484375 0.16796875 0.5458984375 0.173828125 0.5380859375 0.189453125 0.482421875 0.2001953125 0.5517578125 0.263671875 0.6220703125 0.26953125 0.6591796875 0.326171875 0.7001953125 0.3203125 0.7451171875 0.2890625 0.75 0.3369140625 0.8046875 0.3544921875 0.8623046875 0.330078125 0.8701171875 0.310546875 0.8740234375 0.330078125 0.8916015625 0.330078125
0 0.875 0.3935546875 0.8759765625 0.408203125 0.916015625 0.4189453125 0.9609375 0.3388671875 0.9365234375 0.30859375 0.892578125 0.3349609375 0.875 0.3935546875
0 0.3251953125 0.232421875 0.341796875 0.2529296875 0.4306640625 0.244140625 0.4765625 0.2041015625 0.3974609375 0.232421875 0.3251953125 0.232421875
0 0.46484375 0.2568359375 0.46484375 0.2783203125 0.4990234375 0.2890625 0.5166015625 0.3125 0.625 0.3330078125 0.646484375 0.3154296875 0.6181640625 0.27734375 0.5087890625 0.2734375 0.46484375 0.2568359375
0 0.83203125 0.5048828125 0.828125 0.4794921875 0.806640625 0.4736328125 0.81640625 0.4423828125 0.84765625 0.4326171875 0.849609375 0.4072265625 0.83203125 0.3974609375 0.837890625 0.3662109375 0.7919921875 0.365234375 0.7705078125 0.40625 0.6044921875 0.37109375 0.578125 0.4716796875 0.6064453125 0.5 0.62109375 0.4853515625 0.619140625 0.5478515625 0.6689453125 0.556640625 0.7080078125 0.541015625 0.7177734375 0.5546875 0.7255859375 0.52734375 0.7373046875 0.5546875 0.7548828125 0.533203125 0.7724609375 0.53515625 0.7705078125 0.552734375 0.716796875 0.5751953125 0.740234375 0.5849609375 0.8671875 0.5537109375 0.8544921875 0.529296875 0.818359375 0.5185546875 0.83203125 0.5048828125
0 0.392578125 0.3486328125 0.408203125 0.3291015625 0.3759765625 0.314453125 0.361328125 0.3447265625 0.392578125 0.3486328125
0 0.4619140625 0.404296875 0.53125 0.4228515625 0.5615234375 0.390625 0.5224609375 0.37109375 0.4609375 0.3720703125 0.4619140625 0.404296875
0 0.3564453125 0.35546875 0.318359375 0.3759765625 0.31640625 0.4091796875 0.283203125 0.4443359375 0.2861328125 0.45703125 0.318359375 0.4619140625 0.349609375 0.4287109375 0.337890625 0.4052734375 0.3671875 0.3740234375 0.3564453125 0.35546875
0 0.375 0.4228515625 0.384765625 0.5009765625 0.435546875 0.5048828125 0.4296875 0.4287109375 0.4140625 0.3916015625 0.3916015625 0.3828125 0.375 0.4228515625
0 0.466796875 0.5458984375 0.484375 0.5107421875 0.4482421875 0.50390625 0.435546875 0.5341796875 0.466796875 0.5458984375
0 0.53515625 0.5068359375 0.5546875 0.5146484375 0.587890625 0.4912109375 0.5771484375 0.4609375 0.53125 0.4794921875 0.53515625 0.5068359375
0 0.6826171875 0.65234375 0.74609375 0.6572265625 0.767578125 0.6298828125 0.7314453125 0.609375 0.671875 0.6298828125 0.6826171875 0.65234375
0 0.53515625 0.7080078125 0.572265625 0.7255859375 0.6201171875 0.7109375 0.623046875 0.6826171875 0.6044921875 0.67578125 0.53515625 0.7080078125
0 0.31640625 0.6044921875 0.326171875 0.6376953125 0.36328125 0.6533203125 0.40234375 0.6123046875 0.3662109375 0.587890625 0.3291015625 0.591796875 0.31640625 0.6044921875
0 0.4404296875 0.650390625 0.458984375 0.6533203125 0.490234375 0.6357421875 0.4736328125 0.611328125 0.431640625 0.6279296875 0.4404296875 0.650390625
0 0.3203125 0.7802734375 0.3408203125 0.80859375 0.3798828125 0.794921875 0.44140625 0.8271484375 0.474609375 0.7900390625 0.4521484375 0.759765625 0.3369140625 0.765625 0.3203125 0.7802734375
0 0.23046875 0.7802734375 0.25390625 0.6923828125 0.1767578125 0.673828125 0.181640625 0.7177734375 0.23046875 0.7802734375
0 0.162109375 0.4755859375 0.2080078125 0.525390625 0.25390625 0.5380859375 0.2734375 0.5322265625 0.2626953125 0.48046875 0.1845703125 0.46484375 0.162109375 0.4755859375
0 0.50390625 0.8251953125 0.51953125 0.8349609375 0.5498046875 0.828125 0.552734375 0.8095703125 0.5146484375 0.80859375 0.50390625 0.8251953125
0 0.26953125 0.8505859375 0.2578125 0.9072265625 0.30859375 0.9208984375 0.330078125 0.9150390625 0.3203125 0.8603515625 0.2861328125 0.837890625 0.26953125 0.8505859375
0 0.849609375 0.5947265625 0.8212890625 0.599609375 0.8203125 0.6181640625 0.849609375 0.5947265625
0 0.7216796875 0.4453125 0.68359375 0.4794921875 0.6943359375 0.51171875 0.7421875 0.5146484375 0.79296875 0.4873046875 0.798828125 0.4619140625 0.7822265625 0.443359375 0.7216796875 0.4453125