0 0.6767578125 0.205078125 0.65234375 0.2099609375 0.642578125 0.2431640625 0.640625 0.3349609375 0.65625 0.3466796875 0.7041015625 0.318359375 0.7265625 0.2822265625 0.712890625 0.2294921875 0.6767578125 0.205078125
0 0.8232421875 0.3515625 0.857421875 0.3583984375 0.876953125 0.3271484375 0.8662109375 0.275390625 0.794921875 0.3095703125 0.8232421875 0.3515625
0 0.14453125 0.5126953125 0.15234375 0.5576171875 0.171875 0.5654296875 0.21875 0.5595703125 0.2138671875 0.486328125 0.1748046875 0.48046875 0.14453125 0.5126953125
0 0.2392578125 0.439453125 0.2265625 0.4912109375 0.2607421875 0.5 0.267578125 0.5302734375 0.2890625 0.5322265625 0.33203125 0.5048828125 0.3125 0.4736328125 0.3125 0.4326171875 0.2392578125 0.439453125
0 0.5224609375 0.544921875 0.6171875 0.5439453125 0.658203125 0.5029296875 0.5908203125 0.439453125 0.4921875 0.5107421875 0.5224609375 0.544921875
0 0.435546875 0.4482421875 0.474609375 0.4091796875 0.4541015625 0.37890625 0.412109375 0.4072265625 0.435546875 0.4482421875
0 0.52734375 0.6826171875 0.556640625 0.7236328125 0.58984375 0.7294921875 0.642578125 0.7060546875 0.6220703125 0.642578125 0.529296875 0.6630859375 0.52734375 0.6826171875
0 0.4521484375 0.59765625 0.4921875 0.6083984375 0.5 0.5771484375 0.4736328125 0.552734375 0.423828125 0.5654296875 0.4521484375 0.59765625
0 0.29296875 0.6123046875 0.322265625 0.6494140625 0.3515625 0.6162109375 0.3447265625 0.59765625 0.3056640625 0.59765625 0.29296875 0.6123046875
0 0.125 0.5595703125 0.1162109375 0.5859375 0.1044921875 0.5625 0.095703125 0.5849609375 0.10546875 0.6845703125 0.171875 0.6416015625 0.158203125 0.5693359375 0.1416015625 0.556640625 0.125 0.5595703125
0 0.228515625 0.8740234375 0.294921875 0.9365234375 0.3125 0.8994140625 0.29296875 0.8642578125 0.2275390625 0.84765625 0.228515625 0.8740234375
0 0.4814453125 0.7265625 0.4599609375 0.72265625 0.4150390625 0.771484375 0.357421875 0.7783203125 0.3935546875 0.837890625 0.427734375 0.8388671875 0.4453125 0.8271484375 0.439453125 0.7880859375 0.494140625 0.7666015625 0.4814453125 0.7265625
0 0.50390625 0.8837890625 0.4619140625 0.87109375 0.462890625 0.9091796875 0.50390625 0.8837890625
0 0.556640625 0.8544921875 0.60546875 0.8154296875 0.5498046875 0.810546875 0.53515625 0.8408203125 0.556640625 0.8544921875
0 0.7197265625 0.482421875 0.736328125 0.4814453125 0.755859375 0.4599609375 0.7314453125 0.43359375 0.70703125 0.4580078125 0.7197265625 0.482421875
0 0.53515625 0.1865234375 0.529296875 0.1396484375 0.4873046875 0.119140625 0.474609375 0.1455078125 0.53515625 0.1865234375
0 0.927734375 0.1455078125 0.931640625 0.0732421875 0.8564453125 0.048828125 0.84765625 0.1025390625 0.927734375 0.1455078125