0 0.2392578125 0.078125 0.232421875 0.1044921875 0.255859375 0.1435546875 0.302734375 0.1572265625 0.31640625 0.1416015625 0.29296875 0.1142578125 0.294921875 0.0771484375 0.2392578125 0.078125
0 0.171875 0.2099609375 0.1953125 0.2216796875 0.2265625 0.2060546875 0.2060546875 0.158203125 0.171875 0.1884765625 0.171875 0.2099609375
0 0.1337890625 0.201171875 0.08203125 0.2333984375 0.123046875 0.2412109375 0.1337890625 0.201171875
0 0.365234375 0.3330078125 0.4111328125 0.263671875 0.287109375 0.2880859375 0.2998046875 0.326171875 0.365234375 0.3330078125
0 0.4462890625 0.412109375 0.474609375 0.4111328125 0.509765625 0.3935546875 0.4990234375 0.375 0.4375 0.3779296875 0.4462890625 0.412109375
0 0.5 0.3330078125 0.5 0.3583984375 0.5625 0.3837890625 0.58203125 0.3662109375 0.5703125 0.3251953125 0.5283203125 0.310546875 0.5 0.3330078125
0 0.3642578125 0.62890625 0.36328125 0.6572265625 0.41796875 0.7197265625 0.4775390625 0.6875 0.490234375 0.6611328125 0.4267578125 0.625 0.3642578125 0.62890625
0 0.66015625 0.7783203125 0.6181640625 0.763671875 0.5517578125 0.76953125 0.521484375 0.8056640625 0.521484375 0.8779296875 0.5458984375 0.890625 0.6484375 0.8916015625 0.693359375 0.8701171875 0.666015625 0.8447265625 0.673828125 0.8115234375 0.66015625 0.7783203125
0 0.287109375 0.7978515625 0.2978515625 0.814453125 0.341796875 0.8134765625 0.3662109375 0.80859375 0.373046875 0.7861328125 0.3251953125 0.7734375 0.287109375 0.7978515625
0 0.7548828125 0.705078125 0.7890625 0.7060546875 0.802734375 0.6904296875 0.7900390625 0.671875 0.75 0.6904296875 0.7548828125 0.705078125
0 0.421875 0.5517578125 0.4375 0.5419921875 0.4306640625 0.52734375 0.38671875 0.5400390625 0.421875 0.5517578125
0 0.5859375 0.5576171875 0.599609375 0.5595703125 0.625 0.5478515625 0.6240234375 0.509765625 0.587890625 0.5107421875 0.5859375 0.5576171875
0 0.3701171875 0.05859375 0.29296875 0.0849609375 0.29296875 0.1162109375 0.3232421875 0.146484375 0.458984375 0.1494140625 0.470703125 0.1474609375 0.470703125 0.1240234375 0.4208984375 0.109375 0.3701171875 0.05859375
0 0.3095703125 0.537109375 0.283203125 0.5498046875 0.3125 0.5654296875 0.3095703125 0.537109375
0 0.287109375 0.5966796875 0.298828125 0.5791015625 0.2802734375 0.57421875 0.26953125 0.5927734375 0.287109375 0.5966796875