0 0.4814453125 0.2265625 0.44921875 0.2138671875 0.4482421875 0.18359375 0.501953125 0.1767578125 0.4560546875 0.125 0.3916015625 0.107421875 0.3271484375 0.19921875 0.2626953125 0.138671875 0.2392578125 0.134765625 0.234375 0.1591796875 0.1875 0.1865234375 0.1923828125 0.19921875 0.2333984375 0.19140625 0.3798828125 0.279296875 0.4072265625 0.26953125 0.4306640625 0.294921875 0.4892578125 0.3046875 0.5087890625 0.333984375 0.5234375 0.3330078125 0.5625 0.3193359375 0.560546875 0.2744140625 0.5029296875 0.255859375 0.4814453125 0.2265625
0 0.3232421875 0.43359375 0.259765625 0.4423828125 0.3623046875 0.55078125 0.46875 0.6064453125 0.48828125 0.6005859375 0.427734375 0.5478515625 0.3779296875 0.447265625 0.3232421875 0.43359375
0 0.470703125 0.5400390625 0.4921875 0.5556640625 0.5263671875 0.548828125 0.53125 0.5185546875 0.4794921875 0.515625 0.470703125 0.5400390625
0 0.5712890625 0.6328125 0.53515625 0.6728515625 0.5859375 0.6884765625 0.6162109375 0.68359375 0.623046875 0.6689453125 0.6083984375 0.642578125 0.5712890625 0.6328125
0 0.5078125 0.7998046875 0.541015625 0.7626953125 0.5244140625 0.740234375 0.455078125 0.7744140625 0.5078125 0.7998046875
0 0.669921875 0.7373046875 0.6494140625 0.71484375 0.63671875 0.7236328125 0.6484375 0.7587890625 0.58984375 0.7998046875 0.619140625 0.8232421875 0.6611328125 0.8203125 0.68359375 0.7958984375 0.6640625 0.7666015625 0.669921875 0.7373046875
0 0.8125 0.6826171875 0.86328125 0.6396484375 0.8544921875 0.626953125 0.767578125 0.6494140625 0.8125 0.6826171875
0 0.568359375 0.8857421875 0.580078125 0.8896484375 0.6279296875 0.880859375 0.6484375 0.8544921875 0.5927734375 0.8515625 0.568359375 0.8857421875
0 0.51953125 0.3701171875 0.4970703125 0.36328125 0.509765625 0.3818359375 0.51953125 0.3701171875
0 0.6396484375 0.38671875 0.62109375 0.3974609375 0.654296875 0.4228515625 0.6396484375 0.38671875
0 0.5380859375 0.41796875 0.5693359375 0.41015625 0.6015625 0.4287109375 0.60546875 0.4052734375 0.5732421875 0.375 0.515625 0.3876953125 0.5380859375 0.41796875
0 0.64453125 0.5908203125 0.650390625 0.5771484375 0.6298828125 0.5625 0.576171875 0.5654296875 0.64453125 0.5908203125
0 0.5654296875 0.51953125 0.609375 0.5185546875 0.623046875 0.5087890625 0.6005859375 0.482421875 0.55859375 0.5068359375 0.5654296875 0.51953125
0 0.0908203125 0.072265625 0.0673828125 0.0703125 0.068359375 0.1083984375 0.08984375 0.1201171875 0.1318359375 0.119140625 0.13671875 0.0986328125 0.0888671875 0.08984375 0.0908203125 0.072265625
0 0.1064453125 0.189453125 0.1484375 0.1904296875 0.162109375 0.1728515625 0.1533203125 0.1640625 0.1015625 0.1689453125 0.1064453125 0.189453125
0 0.7421875 0.8115234375 0.7451171875 0.771484375 0.701171875 0.7822265625 0.7138671875 0.810546875 0.7421875 0.8115234375
0 0.8046875 0.7861328125 0.78125 0.8095703125 0.8203125 0.8193359375 0.814453125 0.7900390625 0.8359375 0.7744140625 0.8017578125 0.763671875 0.8046875 0.7861328125
0 0.8564453125 0.826171875 0.841796875 0.8310546875 0.87109375 0.8544921875 0.8564453125 0.826171875
0 0.3984375 0.3310546875 0.421875 0.3173828125 0.3837890625 0.296875 0.375 0.3056640625 0.3984375 0.3310546875