0 0.2109375 0.3876953125 0.228515625 0.4443359375 0.275390625 0.4833984375 0.294921875 0.4482421875 0.291015625 0.3955078125 0.2314453125 0.365234375 0.2109375 0.3876953125
0 0.623046875 0.4013671875 0.5888671875 0.388671875 0.5751953125 0.427734375 0.5419921875 0.421875 0.4931640625 0.46484375 0.4443359375 0.47265625 0.44921875 0.5283203125 0.46484375 0.5361328125 0.5 0.5166015625 0.5029296875 0.4921875 0.5458984375 0.5 0.623046875 0.4013671875
0 0.271484375 0.5869140625 0.29296875 0.5927734375 0.3203125 0.5791015625 0.3173828125 0.560546875 0.2734375 0.5615234375 0.271484375 0.5869140625
0 0.353515625 0.5810546875 0.38671875 0.5517578125 0.3798828125 0.513671875 0.33203125 0.5693359375 0.353515625 0.5810546875
0 0.205078125 0.5947265625 0.21875 0.5654296875 0.1923828125 0.560546875 0.1875 0.5947265625 0.205078125 0.5947265625
0 0.646484375 0.5751953125 0.669921875 0.5986328125 0.71875 0.5732421875 0.7177734375 0.53125 0.650390625 0.5498046875 0.646484375 0.5751953125
0 0.61328125 0.4501953125 0.6171875 0.4736328125 0.595703125 0.5126953125 0.615234375 0.5205078125 0.6279296875 0.490234375 0.65625 0.4814453125 0.6513671875 0.455078125 0.61328125 0.4501953125
0 0.400390625 0.6982421875 0.419921875 0.6650390625 0.3935546875 0.64453125 0.376953125 0.6669921875 0.400390625 0.6982421875
0 0.5439453125 0.71484375 0.583984375 0.7255859375 0.59765625 0.6943359375 0.5771484375 0.673828125 0.533203125 0.6923828125 0.5439453125 0.71484375
0 0.322265625 0.8095703125 0.2998046875 0.87109375 0.419921875 0.8955078125 0.4189453125 0.87109375 0.3544921875 0.837890625 0.3349609375 0.802734375 0.322265625 0.8095703125
0 0.568359375 0.8271484375 0.595703125 0.8076171875 0.5576171875 0.759765625 0.544921875 0.7763671875 0.568359375 0.8271484375
0 0.4462890625 0.189453125 0.396484375 0.2099609375 0.435546875 0.2236328125 0.4462890625 0.189453125
0 0.521484375 0.2060546875 0.53125 0.1728515625 0.5126953125 0.166015625 0.50390625 0.1806640625 0.521484375 0.2060546875
0 0.58203125 0.3544921875 0.59765625 0.3212890625 0.5869140625 0.302734375 0.572265625 0.3134765625 0.58203125 0.3544921875
0 0.369140625 0.3837890625 0.380859375 0.3564453125 0.3544921875 0.3359375 0.34375 0.3662109375 0.369140625 0.3837890625
0 0.490234375 0.6162109375 0.50390625 0.6025390625 0.4951171875 0.5859375 0.4765625 0.6103515625 0.490234375 0.6162109375
0 0.48046875 0.6552734375 0.482421875 0.6337890625 0.4619140625 0.625 0.451171875 0.6435546875 0.48046875 0.6552734375
0 0.603515625 0.2724609375 0.6240234375 0.1953125 0.583984375 0.2548828125 0.5830078125 0.271484375 0.603515625 0.2724609375
0 0.46875 0.2939453125 0.462890625 0.2626953125 0.4404296875 0.251953125 0.443359375 0.2744140625 0.46875 0.2939453125
0 0.564453125 0.3095703125 0.55859375 0.2666015625 0.5400390625 0.267578125 0.53515625 0.3037109375 0.564453125 0.3095703125
0 0.669921875 0.3388671875 0.677734375 0.3154296875 0.6513671875 0.30859375 0.650390625 0.3291015625 0.669921875 0.3388671875
0 0.693359375 0.3974609375 0.701171875 0.3779296875 0.6806640625 0.36328125 0.6640625 0.3876953125 0.693359375 0.3974609375
0 0.640625 0.1748046875 0.65625 0.1513671875 0.6279296875 0.12890625 0.625 0.1591796875 0.640625 0.1748046875
0 0.830078125 0.1806640625 0.83984375 0.1865234375 0.865234375 0.1728515625 0.8603515625 0.150390625 0.84375 0.1513671875 0.830078125 0.1806640625
0 0.8818359375 0.236328125 0.84765625 0.2548828125 0.86328125 0.2705078125 0.8818359375 0.236328125