0 0.3623046875 0.49609375 0.361328125 0.4814453125 0.4306640625 0.4765625 0.470703125 0.4560546875 0.47265625 0.4306640625 0.3310546875 0.359375 0.2626953125 0.388671875 0.25 0.4267578125 0.283203125 0.4638671875 0.240234375 0.5263671875 0.3076171875 0.533203125 0.41015625 0.5888671875 0.435546875 0.5673828125 0.421875 0.5576171875 0.435546875 0.5283203125 0.3623046875 0.49609375
0 0.5654296875 0.421875 0.513671875 0.4560546875 0.521484375 0.5029296875 0.54296875 0.5068359375 0.5869140625 0.494140625 0.634765625 0.4443359375 0.6357421875 0.404296875 0.5654296875 0.421875
0 0.7333984375 0.474609375 0.6298828125 0.5078125 0.568359375 0.5732421875 0.6328125 0.6005859375 0.6767578125 0.599609375 0.7646484375 0.55859375 0.783203125 0.5087890625 0.7333984375 0.474609375
0 0.111328125 0.3740234375 0.1796875 0.3486328125 0.1630859375 0.3125 0.103515625 0.3603515625 0.111328125 0.3740234375
0 0.02734375 0.4990234375 0.083984375 0.5029296875 0.099609375 0.4951171875 0.09765625 0.4775390625 0.0439453125 0.451171875 0.02734375 0.4990234375
0 0.140625 0.5556640625 0.21875 0.5224609375 0.1962890625 0.509765625 0.1103515625 0.517578125 0.140625 0.5556640625
0 0.119140625 0.6611328125 0.1181640625 0.626953125 0.0625 0.6259765625 0.0791015625 0.65625 0.119140625 0.6611328125
0 0.2529296875 0.677734375 0.224609375 0.7197265625 0.23046875 0.7314453125 0.3125 0.7490234375 0.341796875 0.7197265625 0.33984375 0.6982421875 0.2978515625 0.673828125 0.2529296875 0.677734375
0 0.416015625 0.2568359375 0.47265625 0.2705078125 0.5126953125 0.267578125 0.51953125 0.2470703125 0.4443359375 0.228515625 0.416015625 0.2568359375
0 0.2958984375 0.271484375 0.330078125 0.2783203125 0.361328125 0.2724609375 0.3486328125 0.25 0.2890625 0.2568359375 0.2958984375 0.271484375
0 0.3984375 0.3291015625 0.4169921875 0.35546875 0.46875 0.3603515625 0.47265625 0.3369140625 0.4580078125 0.32421875 0.4208984375 0.31640625 0.3984375 0.3291015625
0 0.431640625 0.4013671875 0.482421875 0.4267578125 0.50390625 0.4189453125 0.509765625 0.3818359375 0.4638671875 0.3671875 0.431640625 0.4013671875
0 0.68359375 0.2451171875 0.6826171875 0.220703125 0.626953125 0.2197265625 0.6337890625 0.23828125 0.68359375 0.2451171875
0 0.66796875 0.3779296875 0.669921875 0.4033203125 0.68359375 0.4052734375 0.71875 0.3837890625 0.7158203125 0.357421875 0.6943359375 0.35546875 0.66796875 0.3779296875
0 0.9384765625 0.453125 0.890625 0.4658203125 0.9453125 0.5009765625 0.9384765625 0.453125
0 0.541015625 0.6865234375 0.5341796875 0.65234375 0.470703125 0.6572265625 0.4794921875 0.673828125 0.541015625 0.6865234375
0 0.623046875 0.6533203125 0.65625 0.6669921875 0.6845703125 0.658203125 0.703125 0.6318359375 0.6298828125 0.626953125 0.623046875 0.6533203125
0 0.4404296875 0.572265625 0.5078125 0.5751953125 0.5048828125 0.556640625 0.4716796875 0.546875 0.41796875 0.5556640625 0.4404296875 0.572265625
0 0.5615234375 0.6953125 0.568359375 0.7626953125 0.595703125 0.7724609375 0.65625 0.7431640625 0.6201171875 0.71875 0.5986328125 0.728515625 0.5615234375 0.6953125