0 0.6865234375 0.318359375 0.634765625 0.3291015625 0.6796875 0.3466796875 0.6865234375 0.318359375
0 0.72265625 0.3330078125 0.7431640625 0.302734375 0.6953125 0.3134765625 0.7001953125 0.330078125 0.72265625 0.3330078125
0 0.68359375 0.3974609375 0.69921875 0.4013671875 0.7314453125 0.392578125 0.748046875 0.3642578125 0.6904296875 0.369140625 0.68359375 0.3974609375
0 0.486328125 0.8720703125 0.5029296875 0.892578125 0.529296875 0.8935546875 0.5615234375 0.880859375 0.568359375 0.8544921875 0.4951171875 0.837890625 0.486328125 0.8720703125
0 0.4111328125 0.763671875 0.400390625 0.7861328125 0.427734375 0.8232421875 0.392578125 0.8662109375 0.4111328125 0.890625 0.4609375 0.8955078125 0.484375 0.8466796875 0.490234375 0.7802734375 0.4521484375 0.76171875 0.4111328125 0.763671875
0 0.50390625 0.5986328125 0.5146484375 0.564453125 0.4375 0.5654296875 0.4619140625 0.591796875 0.50390625 0.5986328125
0 0.4130859375 0.400390625 0.46484375 0.4052734375 0.4658203125 0.376953125 0.4169921875 0.3515625 0.39453125 0.3583984375 0.4130859375 0.400390625
0 0.4853515625 0.265625 0.4853515625 0.283203125 0.4775390625 0.267578125 0.4462890625 0.27734375 0.42578125 0.3076171875 0.4384765625 0.328125 0.486328125 0.3466796875 0.505859375 0.3193359375 0.482421875 0.3076171875 0.5 0.2978515625 0.4853515625 0.265625
0 0.21484375 0.6337890625 0.1845703125 0.5859375 0.15625 0.5869140625 0.1630859375 0.625 0.21484375 0.6337890625
0 0.337890625 0.5771484375 0.34375 0.5478515625 0.3212890625 0.537109375 0.298828125 0.5732421875 0.337890625 0.5771484375
0 0.271484375 0.7587890625 0.2890625 0.7314453125 0.2548828125 0.716796875 0.234375 0.7412109375 0.271484375 0.7587890625
0 0.2998046875 0.857421875 0.3359375 0.8642578125 0.34765625 0.8486328125 0.3349609375 0.833984375 0.296875 0.8388671875 0.2998046875 0.857421875
0 0.349609375 0.2275390625 0.376953125 0.2412109375 0.427734375 0.2021484375 0.4189453125 0.15625 0.3515625 0.2021484375 0.349609375 0.2275390625
0 0.685546875 0.1923828125 0.6875 0.1533203125 0.6494140625 0.12890625 0.650390625 0.1767578125 0.685546875 0.1923828125
0 0.6640625 0.7197265625 0.66796875 0.7490234375 0.7109375 0.7529296875 0.73046875 0.7412109375 0.71875 0.7041015625 0.6826171875 0.689453125 0.6640625 0.7197265625
0 0.5791015625 0.734375 0.666015625 0.7412109375 0.66796875 0.7060546875 0.6181640625 0.67578125 0.5546875 0.6923828125 0.5791015625 0.734375
0 0.4267578125 0.89453125 0.37109375 0.9443359375 0.455078125 0.9580078125 0.515625 0.9267578125 0.4794921875 0.931640625 0.4658203125 0.896484375 0.4267578125 0.89453125
0 0.46875 0.1259765625 0.494140625 0.1259765625 0.5419921875 0.115234375 0.544921875 0.0966796875 0.5009765625 0.083984375 0.46875 0.1259765625