0 0.2197265625 0.41015625 0.193359375 0.4345703125 0.1875 0.4658203125 0.2373046875 0.51171875 0.267578125 0.5146484375 0.296875 0.4912109375 0.296875 0.4482421875 0.2490234375 0.412109375 0.2197265625 0.41015625
0 0.2724609375 0.611328125 0.1904296875 0.625 0.15234375 0.5185546875 0.1181640625 0.51171875 0.06640625 0.5986328125 0.1123046875 0.615234375 0.1435546875 0.6640625 0.208984375 0.6767578125 0.3095703125 0.67578125 0.333984375 0.6435546875 0.3115234375 0.619140625 0.2724609375 0.611328125
0 0.185546875 0.8154296875 0.2177734375 0.875 0.2802734375 0.90234375 0.326171875 0.9013671875 0.3310546875 0.8828125 0.25390625 0.8330078125 0.2685546875 0.814453125 0.185546875 0.8154296875
0 0.27734375 0.7529296875 0.2822265625 0.771484375 0.34765625 0.8037109375 0.3671875 0.7763671875 0.3525390625 0.7421875 0.3056640625 0.736328125 0.27734375 0.7529296875
0 0.306640625 0.2431640625 0.333984375 0.2548828125 0.3388671875 0.16796875 0.279296875 0.2099609375 0.3076171875 0.216796875 0.306640625 0.2431640625
0 0.849609375 0.3134765625 0.80859375 0.2861328125 0.798828125 0.2451171875 0.845703125 0.2099609375 0.8359375 0.1865234375 0.8515625 0.1689453125 0.8515625 0.1318359375 0.7744140625 0.08984375 0.6494140625 0.07421875 0.6484375 0.1298828125 0.6123046875 0.150390625 0.5986328125 0.177734375 0.52734375 0.2060546875 0.53515625 0.2958984375 0.56640625 0.3193359375 0.5673828125 0.33984375 0.6455078125 0.34375 0.6435546875 0.35546875 0.623046875 0.3525390625 0.6552734375 0.365234375 0.673828125 0.3017578125 0.7138671875 0.28125 0.73046875 0.2998046875 0.72265625 0.3564453125 0.7578125 0.4033203125 0.775390625 0.3994140625 0.7919921875 0.361328125 0.84765625 0.3388671875 0.849609375 0.3134765625
0 0.474609375 0.3857421875 0.5048828125 0.40625 0.5361328125 0.400390625 0.625 0.4638671875 0.65234375 0.3779296875 0.6240234375 0.357421875 0.5634765625 0.341796875 0.474609375 0.3857421875
0 0.748046875 0.4638671875 0.765625 0.4716796875 0.787109375 0.4345703125 0.7705078125 0.369140625 0.744140625 0.4228515625 0.748046875 0.4638671875
0 0.689453125 0.4912109375 0.68359375 0.4560546875 0.6611328125 0.44921875 0.630859375 0.4716796875 0.591796875 0.5791015625 0.685546875 0.5888671875 0.705078125 0.5791015625 0.70703125 0.5556640625 0.66015625 0.5224609375 0.689453125 0.4912109375
0 0.5732421875 0.630859375 0.56640625 0.6201171875 0.59375 0.5283203125 0.5810546875 0.544921875 0.5458984375 0.515625 0.5146484375 0.51953125 0.49609375 0.5361328125 0.5 0.5712890625 0.55078125 0.6123046875 0.5478515625 0.625 0.591796875 0.6376953125 0.611328125 0.6337890625 0.6064453125 0.619140625 0.5810546875 0.609375 0.5732421875 0.630859375
0 0.654296875 0.7197265625 0.671875 0.7294921875 0.736328125 0.6962890625 0.7353515625 0.662109375 0.671875 0.6767578125 0.654296875 0.7197265625
0 0.771484375 0.5947265625 0.7958984375 0.591796875 0.828125 0.5498046875 0.7939453125 0.533203125 0.771484375 0.5947265625
0 0.876953125 0.5966796875 0.8837890625 0.5703125 0.83984375 0.5751953125 0.8427734375 0.58984375 0.876953125 0.5966796875
0 0.412109375 0.7412109375 0.4921875 0.8095703125 0.5234375 0.6923828125 0.5009765625 0.677734375 0.4033203125 0.693359375 0.412109375 0.7412109375
0 0.67578125 0.8466796875 0.693359375 0.8544921875 0.7333984375 0.798828125 0.6962890625 0.796875 0.673828125 0.8193359375 0.67578125 0.8466796875