0 0.5888671875 0.220703125 0.630859375 0.2236328125 0.65625 0.2099609375 0.6396484375 0.177734375 0.57421875 0.1748046875 0.5888671875 0.220703125
0 0.431640625 0.2158203125 0.4638671875 0.25 0.494140625 0.2548828125 0.5068359375 0.228515625 0.5703125 0.1923828125 0.5380859375 0.18359375 0.431640625 0.2158203125
0 0.5244140625 0.251953125 0.4892578125 0.287109375 0.4287109375 0.271484375 0.400390625 0.2939453125 0.4189453125 0.3203125 0.4765625 0.3291015625 0.5244140625 0.326171875 0.572265625 0.2822265625 0.5458984375 0.25390625 0.5244140625 0.251953125
0 0.4052734375 0.3828125 0.3916015625 0.400390625 0.33984375 0.3916015625 0.3642578125 0.453125 0.435546875 0.4755859375 0.43359375 0.4306640625 0.4892578125 0.39453125 0.4384765625 0.37890625 0.4052734375 0.3828125
0 0.7919921875 0.318359375 0.7353515625 0.33203125 0.7099609375 0.3125 0.689453125 0.3232421875 0.6982421875 0.3515625 0.73828125 0.3662109375 0.693359375 0.3974609375 0.73046875 0.4169921875 0.763671875 0.3935546875 0.7705078125 0.369140625 0.796875 0.3623046875 0.7919921875 0.318359375
0 0.3212890625 0.302734375 0.34765625 0.3037109375 0.37109375 0.2958984375 0.3642578125 0.283203125 0.3125 0.2744140625 0.3212890625 0.302734375
0 0.5693359375 0.310546875 0.5458984375 0.31640625 0.513671875 0.3955078125 0.62109375 0.4150390625 0.62109375 0.3798828125 0.5859375 0.3681640625 0.60546875 0.3330078125 0.5693359375 0.310546875
0 0.1318359375 0.556640625 0.0859375 0.5654296875 0.2099609375 0.662109375 0.255859375 0.6689453125 0.2734375 0.6533203125 0.244140625 0.6220703125 0.2451171875 0.57421875 0.1318359375 0.556640625
0 0.4072265625 0.498046875 0.3662109375 0.5234375 0.2900390625 0.509765625 0.23046875 0.5224609375 0.2939453125 0.59375 0.326171875 0.5908203125 0.322265625 0.6279296875 0.3388671875 0.642578125 0.4013671875 0.625 0.44921875 0.6435546875 0.462890625 0.5673828125 0.49609375 0.5400390625 0.4951171875 0.501953125 0.4072265625 0.498046875
0 0.7548828125 0.521484375 0.716796875 0.5458984375 0.73046875 0.4873046875 0.7138671875 0.4609375 0.6025390625 0.458984375 0.5302734375 0.48046875 0.49609375 0.5087890625 0.4990234375 0.546875 0.6240234375 0.521484375 0.638671875 0.6201171875 0.671875 0.6318359375 0.7138671875 0.583984375 0.751953125 0.5693359375 0.767578125 0.5302734375 0.7548828125 0.521484375
0 0.5224609375 0.63671875 0.4775390625 0.6328125 0.466796875 0.7080078125 0.498046875 0.7666015625 0.5234375 0.7783203125 0.55078125 0.7646484375 0.54296875 0.6787109375 0.556640625 0.6591796875 0.5224609375 0.63671875
0 0.6171875 0.6982421875 0.654296875 0.6630859375 0.6533203125 0.634765625 0.57421875 0.6748046875 0.6171875 0.6982421875
0 0.3056640625 0.703125 0.3349609375 0.697265625 0.40625 0.7197265625 0.41015625 0.7041015625 0.3876953125 0.689453125 0.302734375 0.6708984375 0.3056640625 0.703125
0 0.2451171875 0.724609375 0.205078125 0.7333984375 0.2275390625 0.763671875 0.2607421875 0.767578125 0.2880859375 0.751953125 0.412109375 0.8076171875 0.419921875 0.7685546875 0.3349609375 0.720703125 0.2763671875 0.7421875 0.2451171875 0.724609375
0 0.1318359375 0.71875 0.125 0.7373046875 0.14453125 0.7763671875 0.12890625 0.7919921875 0.1572265625 0.8125 0.18359375 0.8115234375 0.203125 0.7802734375 0.189453125 0.7451171875 0.201171875 0.7314453125 0.1318359375 0.71875
0 0.349609375 0.9072265625 0.3251953125 0.869140625 0.271484375 0.8740234375 0.2978515625 0.908203125 0.349609375 0.9072265625
0 0.2880859375 0.83984375 0.212890625 0.8525390625 0.2236328125 0.8671875 0.265625 0.8681640625 0.330078125 0.8369140625 0.3134765625 0.798828125 0.2890625 0.7998046875 0.2880859375 0.83984375
0 0.453125 0.9228515625 0.4921875 0.9326171875 0.515625 0.9013671875 0.4873046875 0.884765625 0.4619140625 0.890625 0.453125 0.9228515625
0 0.1015625 0.6787109375 0.11328125 0.6689453125 0.1025390625 0.65234375 0.044921875 0.6689453125 0.1015625 0.6787109375