0 0.7001953125 0.2578125 0.724609375 0.2607421875 0.802734375 0.2216796875 0.7763671875 0.2109375 0.681640625 0.2353515625 0.7001953125 0.2578125
0 0.60546875 0.1708984375 0.61328125 0.1845703125 0.68359375 0.1494140625 0.6064453125 0.11328125 0.625 0.1416015625 0.60546875 0.1708984375
0 0.2578125 0.1494140625 0.310546875 0.1591796875 0.3193359375 0.138671875 0.357421875 0.1298828125 0.3134765625 0.1171875 0.2578125 0.1494140625
0 0.087890625 0.4638671875 0.1484375 0.4775390625 0.1787109375 0.474609375 0.189453125 0.4580078125 0.1064453125 0.447265625 0.087890625 0.4638671875
0 0.5400390625 0.51171875 0.583984375 0.5185546875 0.6015625 0.5048828125 0.5888671875 0.486328125 0.5234375 0.4775390625 0.5400390625 0.51171875
0 0.220703125 0.6943359375 0.2294921875 0.671875 0.171875 0.6513671875 0.1728515625 0.67578125 0.220703125 0.6943359375
0 0.07421875 0.5419921875 0.0810546875 0.5625 0.123046875 0.5654296875 0.1572265625 0.5625 0.1640625 0.5478515625 0.1376953125 0.533203125 0.07421875 0.5419921875
0 0.212890625 0.3681640625 0.228515625 0.3486328125 0.2099609375 0.337890625 0.15625 0.3505859375 0.212890625 0.3681640625
0 0.26953125 0.3291015625 0.2607421875 0.275390625 0.216796875 0.2841796875 0.2373046875 0.32421875 0.26953125 0.3291015625
0 0.25 0.4365234375 0.255859375 0.4169921875 0.2314453125 0.408203125 0.22265625 0.4345703125 0.25 0.4365234375
0 0.57421875 0.3310546875 0.591796875 0.3232421875 0.5810546875 0.30859375 0.537109375 0.3154296875 0.57421875 0.3310546875
0 0.5 0.3017578125 0.4775390625 0.29296875 0.48828125 0.3173828125 0.5 0.3017578125
0 0.6474609375 0.51953125 0.671875 0.5263671875 0.7001953125 0.51953125 0.70703125 0.5029296875 0.642578125 0.5029296875 0.6474609375 0.51953125
0 0.87890625 0.5537109375 0.818359375 0.5498046875 0.84375 0.5712890625 0.87890625 0.5537109375
0 0.869140625 0.3017578125 0.875 0.2822265625 0.8466796875 0.263671875 0.845703125 0.2880859375 0.869140625 0.3017578125
0 0.6875 0.6865234375 0.701171875 0.6806640625 0.6806640625 0.65625 0.662109375 0.6826171875 0.6875 0.6865234375