0 0.4013671875 0.736328125 0.3369140625 0.736328125 0.35546875 0.7880859375 0.330078125 0.8154296875 0.349609375 0.8251953125 0.4013671875 0.810546875 0.41015625 0.7783203125 0.443359375 0.7529296875 0.4013671875 0.736328125
0 0.84765625 0.1064453125 0.703125 0.1259765625 0.751953125 0.1669921875 0.84765625 0.1064453125
0 0.8935546875 0.208984375 0.9375 0.2177734375 0.9365234375 0.17578125 0.875 0.1728515625 0.873046875 0.1904296875 0.8935546875 0.208984375
0 0.130859375 0.4619140625 0.1904296875 0.419921875 0.2275390625 0.41796875 0.224609375 0.3720703125 0.130859375 0.4619140625
0 0.09375 0.4951171875 0.04296875 0.6162109375 0.044921875 0.6494140625 0.072265625 0.6572265625 0.1220703125 0.58984375 0.166015625 0.5751953125 0.1162109375 0.474609375 0.09375 0.4951171875
0 0.580078125 0.3857421875 0.609375 0.3994140625 0.638671875 0.3642578125 0.6201171875 0.341796875 0.576171875 0.3603515625 0.580078125 0.3857421875
0 0.4794921875 0.220703125 0.439453125 0.2431640625 0.470703125 0.2763671875 0.4794921875 0.220703125
0 0.515625 0.5634765625 0.521484375 0.5302734375 0.4951171875 0.515625 0.482421875 0.5537109375 0.515625 0.5634765625
0 0.556640625 0.6396484375 0.580078125 0.6103515625 0.5283203125 0.59765625 0.5234375 0.6279296875 0.556640625 0.6396484375
0 0.6943359375 0.583984375 0.71875 0.5888671875 0.732421875 0.5849609375 0.7333984375 0.5625 0.6875 0.5654296875 0.6943359375 0.583984375
0 0.2890625 0.3779296875 0.314453125 0.3701171875 0.2919921875 0.326171875 0.265625 0.3505859375 0.2890625 0.3779296875
0 0.271484375 0.4990234375 0.279296875 0.4560546875 0.2529296875 0.4453125 0.234375 0.4736328125 0.271484375 0.4990234375
0 0.5458984375 0.181640625 0.513671875 0.2021484375 0.5390625 0.2177734375 0.5458984375 0.181640625
0 0.861328125 0.4052734375 0.88671875 0.4267578125 0.912109375 0.3623046875 0.8857421875 0.34765625 0.8505859375 0.35546875 0.861328125 0.4052734375
0 0.44921875 0.6083984375 0.4609375 0.5791015625 0.4345703125 0.57421875 0.421875 0.5947265625 0.44921875 0.6083984375