0 0.26953125 0.2529296875 0.306640625 0.2705078125 0.3359375 0.2587890625 0.326171875 0.2333984375 0.2744140625 0.22265625 0.26953125 0.2529296875
0 0.333984375 0.4111328125 0.3359375 0.4287109375 0.3681640625 0.4453125 0.494140625 0.4736328125 0.498046875 0.4384765625 0.4775390625 0.404296875 0.3505859375 0.396484375 0.333984375 0.4111328125
0 0.3369140625 0.4453125 0.2607421875 0.44921875 0.2353515625 0.423828125 0.166015625 0.4404296875 0.1640625 0.4638671875 0.1904296875 0.48046875 0.3056640625 0.470703125 0.3310546875 0.498046875 0.392578125 0.5029296875 0.412109375 0.4892578125 0.3857421875 0.46875 0.3486328125 0.46875 0.3369140625 0.4453125
0 0.3447265625 0.5703125 0.396484375 0.5810546875 0.41015625 0.5458984375 0.3955078125 0.533203125 0.3125 0.5400390625 0.3447265625 0.5703125
0 0.54296875 0.6982421875 0.5185546875 0.67578125 0.4853515625 0.673828125 0.4384765625 0.693359375 0.3876953125 0.685546875 0.3359375 0.7001953125 0.3427734375 0.728515625 0.3720703125 0.734375 0.4072265625 0.767578125 0.439453125 0.7666015625 0.47265625 0.7490234375 0.4794921875 0.71484375 0.5361328125 0.716796875 0.54296875 0.6982421875
0 0.5400390625 0.62109375 0.619140625 0.6220703125 0.6640625 0.6123046875 0.6572265625 0.56640625 0.537109375 0.6025390625 0.5400390625 0.62109375
0 0.716796875 0.5029296875 0.716796875 0.5205078125 0.75 0.5439453125 0.7890625 0.4990234375 0.7861328125 0.484375 0.7412109375 0.478515625 0.716796875 0.5029296875
0 0.5595703125 0.234375 0.6181640625 0.2421875 0.65625 0.2685546875 0.6591796875 0.30078125 0.70703125 0.3173828125 0.73046875 0.3076171875 0.6845703125 0.267578125 0.546875 0.1923828125 0.5595703125 0.234375
0 0.4794921875 0.29296875 0.4375 0.2978515625 0.4423828125 0.314453125 0.4609375 0.3134765625 0.5751953125 0.294921875 0.576171875 0.2724609375 0.5302734375 0.263671875 0.4794921875 0.29296875
0 0.267578125 0.2509765625 0.306640625 0.2724609375 0.34375 0.2529296875 0.3154296875 0.22265625 0.2685546875 0.224609375 0.267578125 0.2509765625
0 0.212890625 0.7080078125 0.248046875 0.7197265625 0.275390625 0.7021484375 0.2666015625 0.689453125 0.2373046875 0.685546875 0.212890625 0.7080078125
0 0.267578125 0.5771484375 0.296875 0.5517578125 0.2587890625 0.546875 0.232421875 0.5654296875 0.267578125 0.5771484375
0 0.298828125 0.7685546875 0.30859375 0.7529296875 0.2861328125 0.74609375 0.279296875 0.7626953125 0.298828125 0.7685546875
0 0.3203125 0.8115234375 0.33984375 0.8154296875 0.357421875 0.8095703125 0.3583984375 0.7890625 0.3203125 0.7939453125 0.3203125 0.8115234375
0 0.5068359375 0.794921875 0.4716796875 0.828125 0.4306640625 0.841796875 0.421875 0.8583984375 0.443359375 0.8759765625 0.5146484375 0.869140625 0.5556640625 0.84375 0.552734375 0.7958984375 0.5068359375 0.794921875
0 0.7060546875 0.771484375 0.732421875 0.7822265625 0.759765625 0.7568359375 0.7412109375 0.720703125 0.693359375 0.7451171875 0.7060546875 0.771484375
0 0.912109375 0.4814453125 0.8427734375 0.39453125 0.822265625 0.4248046875 0.828125 0.4912109375 0.8310546875 0.478515625 0.8369140625 0.490234375 0.8505859375 0.4765625 0.912109375 0.4814453125
0 0.9384765625 0.53125 0.873046875 0.5693359375 0.95703125 0.5830078125 0.9384765625 0.53125
0 0.927734375 0.7236328125 0.94921875 0.7119140625 0.9560546875 0.666015625 0.8828125 0.6904296875 0.927734375 0.7236328125
0 0.880859375 0.8154296875 0.90625 0.7841796875 0.8935546875 0.767578125 0.859375 0.7822265625 0.880859375 0.8154296875
0 0.8046875 0.8115234375 0.8515625 0.7841796875 0.8408203125 0.771484375 0.7978515625 0.77734375 0.8046875 0.8115234375
0 0.5634765625 0.388671875 0.5654296875 0.408203125 0.603515625 0.4228515625 0.603515625 0.4501953125 0.634765625 0.4638671875 0.650390625 0.4404296875 0.609375 0.4189453125 0.609375 0.3876953125 0.5634765625 0.388671875
0 0.6318359375 0.837890625 0.666015625 0.8408203125 0.681640625 0.8310546875 0.6748046875 0.8203125 0.62890625 0.8173828125 0.6318359375 0.837890625
0 0.806640625 0.8408203125 0.82421875 0.8291015625 0.8037109375 0.80859375 0.765625 0.8349609375 0.806640625 0.8408203125
0 0.75 0.8955078125 0.787109375 0.8779296875 0.7529296875 0.841796875 0.724609375 0.8779296875 0.75 0.8955078125
0 0.646484375 0.9404296875 0.751953125 0.8974609375 0.6435546875 0.916015625 0.59375 0.9404296875 0.646484375 0.9404296875
0 0.41796875 0.8955078125 0.3701171875 0.875 0.3828125 0.9150390625 0.41796875 0.8955078125
0 0.1552734375 0.369140625 0.21875 0.3759765625 0.23046875 0.3662109375 0.2080078125 0.3203125 0.078125 0.3154296875 0.1552734375 0.369140625