0 0.5478515625 0.31640625 0.5283203125 0.330078125 0.517578125 0.3642578125 0.53515625 0.3857421875 0.5693359375 0.416015625 0.6162109375 0.41796875 0.6572265625 0.439453125 0.6796875 0.5244140625 0.71484375 0.5361328125 0.78515625 0.4951171875 0.767578125 0.4482421875 0.5888671875 0.322265625 0.5478515625 0.31640625
0 0.498046875 0.4873046875 0.5390625 0.5107421875 0.560546875 0.4990234375 0.56640625 0.4658203125 0.5244140625 0.44140625 0.498046875 0.4873046875
0 0.439453125 0.6142578125 0.470703125 0.6396484375 0.5078125 0.6103515625 0.4755859375 0.572265625 0.435546875 0.5869140625 0.439453125 0.6142578125
0 0.267578125 0.6396484375 0.306640625 0.6123046875 0.2841796875 0.580078125 0.220703125 0.6005859375 0.267578125 0.6396484375
0 0.1767578125 0.4921875 0.1357421875 0.453125 0.1044921875 0.455078125 0.1171875 0.5576171875 0.146484375 0.6005859375 0.158203125 0.5205078125 0.228515625 0.4990234375 0.2021484375 0.478515625 0.1767578125 0.4921875
0 0.447265625 0.7998046875 0.568359375 0.8251953125 0.5439453125 0.75 0.5185546875 0.751953125 0.4931640625 0.794921875 0.447265625 0.7998046875
0 0.572265625 0.7548828125 0.59375 0.7666015625 0.63671875 0.7373046875 0.671875 0.6865234375 0.6474609375 0.65234375 0.572265625 0.7548828125
0 0.4638671875 0.87109375 0.4375 0.8818359375 0.548828125 0.9248046875 0.5390625 0.9169921875 0.578125 0.8974609375 0.5732421875 0.87890625 0.4638671875 0.87109375
0 0.7529296875 0.650390625 0.80078125 0.6748046875 0.810546875 0.6396484375 0.7998046875 0.626953125 0.744140625 0.6259765625 0.7529296875 0.650390625
0 0.7041015625 0.822265625 0.724609375 0.8232421875 0.76171875 0.8154296875 0.7587890625 0.783203125 0.677734375 0.7802734375 0.7041015625 0.822265625
0 0.71875 0.9560546875 0.736328125 0.9501953125 0.6904296875 0.9140625 0.6328125 0.9384765625 0.71875 0.9560546875
0 0.47265625 0.2197265625 0.443359375 0.1923828125 0.4482421875 0.1640625 0.4111328125 0.16015625 0.3466796875 0.18359375 0.330078125 0.1630859375 0.3291015625 0.125 0.291015625 0.1396484375 0.32421875 0.2412109375 0.279296875 0.2685546875 0.326171875 0.2958984375 0.3994140625 0.228515625 0.4287109375 0.251953125 0.462890625 0.2412109375 0.47265625 0.2197265625
0 0.22265625 0.2763671875 0.23828125 0.2373046875 0.2119140625 0.224609375 0.1953125 0.2529296875 0.22265625 0.2763671875
0 0.8525390625 0.720703125 0.8017578125 0.7265625 0.798828125 0.7568359375 0.888671875 0.8291015625 0.908203125 0.7998046875 0.875 0.7626953125 0.873046875 0.7333984375 0.8525390625 0.720703125
0 0.80859375 0.8642578125 0.8203125 0.8330078125 0.7978515625 0.826171875 0.787109375 0.8427734375 0.80859375 0.8642578125
0 0.578125 0.3173828125 0.599609375 0.2724609375 0.5654296875 0.2578125 0.560546875 0.3134765625 0.578125 0.3173828125
0 0.166015625 0.0517578125 0.1875 0.0654296875 0.26953125 0.0517578125 0.1982421875 0.017578125 0.1640625 0.0302734375 0.166015625 0.0517578125
0 0.708984375 0.3486328125 0.779296875 0.3603515625 0.7890625 0.3349609375 0.6884765625 0.265625 0.685546875 0.2958984375 0.708984375 0.3486328125
0 0.935546875 0.7021484375 0.935546875 0.6396484375 0.8837890625 0.640625 0.8671875 0.6787109375 0.935546875 0.7021484375