0 0.7958984375 0.23828125 0.6796875 0.3330078125 0.6875 0.3662109375 0.712890625 0.3720703125 0.7783203125 0.306640625 0.830078125 0.2939453125 0.8310546875 0.236328125 0.7958984375 0.23828125
0 0.65625 0.4736328125 0.66015625 0.5244140625 0.638671875 0.5458984375 0.6435546875 0.55859375 0.671875 0.5576171875 0.705078125 0.5478515625 0.7109375 0.4755859375 0.6943359375 0.43359375 0.65625 0.4736328125
0 0.181640625 0.3720703125 0.2109375 0.4267578125 0.251953125 0.4443359375 0.2763671875 0.44140625 0.279296875 0.4189453125 0.2138671875 0.3359375 0.181640625 0.3720703125
0 0.3828125 0.3798828125 0.408203125 0.3486328125 0.3603515625 0.33203125 0.359375 0.3681640625 0.3828125 0.3798828125
0 0.458984375 0.3759765625 0.45703125 0.3486328125 0.4384765625 0.333984375 0.4375 0.3720703125 0.458984375 0.3759765625
0 0.53125 0.3544921875 0.54296875 0.3720703125 0.572265625 0.3388671875 0.5751953125 0.3125 0.544921875 0.3154296875 0.53125 0.3544921875
0 0.607421875 0.3681640625 0.626953125 0.3779296875 0.658203125 0.3525390625 0.6376953125 0.314453125 0.60546875 0.3447265625 0.607421875 0.3681640625
0 0.373046875 0.5087890625 0.392578125 0.4873046875 0.3427734375 0.47265625 0.3359375 0.4951171875 0.373046875 0.5087890625
0 0.416015625 0.4951171875 0.4140625 0.5166015625 0.4541015625 0.5625 0.52734375 0.5869140625 0.51953125 0.5615234375 0.4755859375 0.54296875 0.4384765625 0.486328125 0.416015625 0.4951171875
0 0.4736328125 0.6015625 0.439453125 0.6552734375 0.486328125 0.6708984375 0.5185546875 0.66796875 0.5234375 0.6513671875 0.5 0.6103515625 0.4736328125 0.6015625
0 0.3779296875 0.662109375 0.326171875 0.6943359375 0.3203125 0.7431640625 0.345703125 0.7705078125 0.388671875 0.7275390625 0.37890625 0.7021484375 0.392578125 0.6787109375 0.3779296875 0.662109375
0 0.099609375 0.5087890625 0.09375 0.5712890625 0.06640625 0.6201171875 0.0625 0.6474609375 0.087890625 0.6533203125 0.140625 0.6181640625 0.154296875 0.5615234375 0.1240234375 0.501953125 0.099609375 0.5087890625
0 0.1171875 0.7802734375 0.1328125 0.7509765625 0.1083984375 0.740234375 0.09375 0.7646484375 0.1171875 0.7802734375
0 0.21875 0.7880859375 0.23828125 0.7666015625 0.2236328125 0.751953125 0.1953125 0.7685546875 0.21875 0.7880859375
0 0.1640625 0.8662109375 0.1953125 0.8720703125 0.24609375 0.8466796875 0.2333984375 0.8125 0.1923828125 0.822265625 0.1640625 0.8662109375
0 0.3125 0.8427734375 0.318359375 0.8779296875 0.3505859375 0.904296875 0.439453125 0.9326171875 0.4111328125 0.888671875 0.3701171875 0.890625 0.3505859375 0.84375 0.3125 0.8427734375
0 0.4462890625 0.859375 0.4189453125 0.857421875 0.416015625 0.9267578125 0.46484375 0.9365234375 0.490234375 0.9306640625 0.48828125 0.9033203125 0.44921875 0.8779296875 0.4462890625 0.859375
0 0.494140625 0.7705078125 0.498046875 0.7373046875 0.4716796875 0.716796875 0.4609375 0.7587890625 0.494140625 0.7705078125
0 0.580078125 0.7802734375 0.58984375 0.7412109375 0.5595703125 0.71875 0.560546875 0.7744140625 0.580078125 0.7802734375
0 0.6171875 0.6923828125 0.6435546875 0.734375 0.685546875 0.7509765625 0.70703125 0.7294921875 0.7001953125 0.689453125 0.6748046875 0.6796875 0.6171875 0.6923828125
0 0.705078125 0.6396484375 0.716796875 0.6025390625 0.6982421875 0.591796875 0.677734375 0.6181640625 0.705078125 0.6396484375
0 0.8134765625 0.578125 0.775390625 0.6044921875 0.79296875 0.6396484375 0.8134765625 0.578125
0 0.625 0.1357421875 0.640625 0.1455078125 0.662109375 0.1337890625 0.6650390625 0.099609375 0.6328125 0.1123046875 0.625 0.1357421875
0 0.72265625 0.0888671875 0.7431640625 0.11328125 0.78515625 0.1181640625 0.810546875 0.0986328125 0.8115234375 0.07421875 0.7705078125 0.095703125 0.72265625 0.0888671875
0 0.83984375 0.0537109375 0.85546875 0.0654296875 0.845703125 0.0732421875 0.8828125 0.0947265625 0.888671875 0.0439453125 0.8583984375 0.017578125 0.84375 0.0302734375 0.83984375 0.0537109375
0 0.873046875 0.3154296875 0.890625 0.2939453125 0.8759765625 0.279296875 0.857421875 0.2861328125 0.873046875 0.3154296875
0 0.8623046875 0.37890625 0.8359375 0.3974609375 0.8515625 0.4150390625 0.8623046875 0.37890625
0 0.724609375 0.4541015625 0.74609375 0.4560546875 0.79296875 0.4326171875 0.7802734375 0.419921875 0.7373046875 0.427734375 0.724609375 0.4541015625
0 0.5546875 0.4990234375 0.564453125 0.4814453125 0.5478515625 0.46484375 0.53515625 0.4853515625 0.5546875 0.4990234375
0 0.197265625 0.5146484375 0.228515625 0.5224609375 0.236328125 0.5068359375 0.21484375 0.4697265625 0.1904296875 0.46875 0.197265625 0.5146484375
0 0.236328125 0.5634765625 0.24609375 0.5439453125 0.2216796875 0.537109375 0.2109375 0.5576171875 0.236328125 0.5634765625
0 0.271484375 0.6494140625 0.28125 0.6279296875 0.2529296875 0.623046875 0.248046875 0.6455078125 0.271484375 0.6494140625
0 0.328125 0.5146484375 0.2919921875 0.51171875 0.30078125 0.5361328125 0.328125 0.5146484375
0 0.17578125 0.6220703125 0.19921875 0.6396484375 0.220703125 0.6240234375 0.2099609375 0.587890625 0.17578125 0.6005859375 0.17578125 0.6220703125