0 0.7724609375 0.611328125 0.7119140625 0.607421875 0.5849609375 0.67578125 0.5703125 0.7353515625 0.541015625 0.7744140625 0.5546875 0.8115234375 0.591796875 0.8251953125 0.7060546875 0.787109375 0.76171875 0.6962890625 0.833984375 0.6455078125 0.7724609375 0.611328125
0 0.4375 0.4111328125 0.4208984375 0.392578125 0.3525390625 0.404296875 0.3125 0.4404296875 0.3076171875 0.46875 0.2939453125 0.4609375 0.2802734375 0.484375 0.2314453125 0.484375 0.2216796875 0.501953125 0.166015625 0.4794921875 0.185546875 0.4775390625 0.1904296875 0.453125 0.2783203125 0.453125 0.2861328125 0.46484375 0.287109375 0.4501953125 0.2314453125 0.443359375 0.1845703125 0.3984375 0.14453125 0.4345703125 0.130859375 0.4755859375 0.158203125 0.5302734375 0.15234375 0.5634765625 0.2177734375 0.57421875 0.287109375 0.6279296875 0.390625 0.5751953125 0.322265625 0.4970703125 0.435546875 0.4462890625 0.4375 0.4111328125
0 0.4541015625 0.25390625 0.4130859375 0.259765625 0.37890625 0.2900390625 0.3837890625 0.314453125 0.4453125 0.3154296875 0.48046875 0.3076171875 0.4453125 0.2841796875 0.46484375 0.2685546875 0.4541015625 0.25390625
0 0.8984375 0.2529296875 0.865234375 0.2275390625 0.8779296875 0.205078125 0.8974609375 0.224609375 0.904296875 0.2099609375 0.8916015625 0.181640625 0.876953125 0.1865234375 0.8701171875 0.15234375 0.7646484375 0.17578125 0.7431640625 0.224609375 0.6669921875 0.203125 0.62109375 0.2568359375 0.6220703125 0.2890625 0.6611328125 0.28515625 0.6875 0.3154296875 0.673828125 0.3271484375 0.71484375 0.3642578125 0.69921875 0.3798828125 0.70703125 0.3935546875 0.77734375 0.4189453125 0.8310546875 0.41015625 0.9013671875 0.369140625 0.951171875 0.3642578125 0.8984375 0.2529296875
0 0.86328125 0.5146484375 0.8359375 0.4970703125 0.810546875 0.4326171875 0.8271484375 0.41796875 0.7841796875 0.41015625 0.72265625 0.4560546875 0.681640625 0.5341796875 0.68359375 0.5537109375 0.69921875 0.5576171875 0.7255859375 0.54296875 0.7744140625 0.552734375 0.8017578125 0.5234375 0.86328125 0.5146484375
0 0.3359375 0.7626953125 0.34375 0.7958984375 0.369140625 0.8037109375 0.404296875 0.7939453125 0.4052734375 0.748046875 0.3779296875 0.73828125 0.3359375 0.7626953125
0 0.0732421875 0.703125 0.09765625 0.7568359375 0.16796875 0.8134765625 0.185546875 0.7822265625 0.1484375 0.7333984375 0.1044921875 0.705078125 0.0732421875 0.703125
0 0.5224609375 0.86328125 0.4736328125 0.87890625 0.4609375 0.8974609375 0.451171875 0.9990234375 0.466796875 0.9990234375 0.470703125 0.9755859375 0.564453125 0.8935546875 0.5126953125 0.8828125 0.5224609375 0.86328125
0 0.4921875 0.1708984375 0.505859375 0.1748046875 0.625 0.1162109375 0.5771484375 0.107421875 0.5048828125 0.13671875 0.4921875 0.1708984375
0 0.326171875 0.2685546875 0.25 0.2802734375 0.29296875 0.2880859375 0.326171875 0.2685546875
0 0.357421875 0.2490234375 0.40234375 0.2099609375 0.3955078125 0.197265625 0.33984375 0.2158203125 0.357421875 0.2490234375
0 0.65234375 0.1025390625 0.671875 0.1103515625 0.6923828125 0.10546875 0.71875 0.0693359375 0.6826171875 0.068359375 0.65234375 0.1025390625