0 0.57421875 0.5439453125 0.5673828125 0.509765625 0.517578125 0.4951171875 0.4931640625 0.400390625 0.4462890625 0.392578125 0.453125 0.4091796875 0.4130859375 0.43359375 0.3583984375 0.40625 0.310546875 0.4228515625 0.27734375 0.4990234375 0.3037109375 0.537109375 0.36328125 0.5634765625 0.37109375 0.6083984375 0.4365234375 0.57421875 0.4775390625 0.59375 0.5224609375 0.5859375 0.57421875 0.5439453125
0 0.61328125 0.3271484375 0.58984375 0.2724609375 0.4462890625 0.328125 0.35546875 0.4052734375 0.3955078125 0.40625 0.4248046875 0.380859375 0.4375 0.4111328125 0.5009765625 0.404296875 0.5380859375 0.37890625 0.5849609375 0.3828125 0.61328125 0.3271484375
0 0.828125 0.2412109375 0.7744140625 0.205078125 0.7490234375 0.220703125 0.6982421875 0.216796875 0.6630859375 0.24609375 0.5966796875 0.259765625 0.595703125 0.2998046875 0.642578125 0.3369140625 0.6728515625 0.279296875 0.7451171875 0.267578125 0.7841796875 0.30859375 0.828125 0.2412109375
0 0.1435546875 0.671875 0.16796875 0.6201171875 0.19140625 0.6044921875 0.14453125 0.5556640625 0.1435546875 0.51953125 0.072265625 0.6513671875 0.078125 0.7138671875 0.078125 0.6962890625 0.1103515625 0.6875 0.1123046875 0.671875 0.1435546875 0.671875
0 0.2763671875 0.84765625 0.310546875 0.8330078125 0.3125 0.7978515625 0.2685546875 0.810546875 0.2236328125 0.765625 0.20703125 0.7724609375 0.1943359375 0.822265625 0.1513671875 0.833984375 0.119140625 0.8642578125 0.12890625 0.9091796875 0.1171875 0.9228515625 0.1552734375 0.921875 0.1533203125 0.94140625 0.21875 0.9755859375 0.212890625 0.9326171875 0.19921875 0.9267578125 0.23828125 0.9072265625 0.2763671875 0.84765625
0 0.4228515625 0.640625 0.3427734375 0.65625 0.283203125 0.6904296875 0.279296875 0.7451171875 0.3203125 0.7626953125 0.384765625 0.7216796875 0.390625 0.6923828125 0.431640625 0.6611328125 0.4228515625 0.640625
0 0.841796875 0.6240234375 0.8388671875 0.59375 0.794921875 0.5927734375 0.8037109375 0.61328125 0.841796875 0.6240234375
0 0.708984375 0.4931640625 0.708984375 0.5205078125 0.7509765625 0.560546875 0.80078125 0.5771484375 0.814453125 0.5419921875 0.787109375 0.5205078125 0.7861328125 0.470703125 0.708984375 0.4931640625
0 0.9111328125 0.38671875 0.92578125 0.4169921875 0.880859375 0.4560546875 0.9306640625 0.4453125 0.9638671875 0.482421875 0.984375 0.4853515625 0.9609375 0.3623046875 0.8916015625 0.365234375 0.876953125 0.3837890625 0.9111328125 0.38671875
0 0.76953125 0.4189453125 0.837890625 0.3916015625 0.7763671875 0.390625 0.751953125 0.4111328125 0.76953125 0.4189453125
0 0.8671875 0.1962890625 0.884765625 0.2392578125 0.8857421875 0.3359375 0.8984375 0.3115234375 0.88671875 0.3642578125 0.93359375 0.3408203125 0.935546875 0.2470703125 0.8955078125 0.1875 0.8671875 0.1962890625
0 0.5 0.8623046875 0.51953125 0.8505859375 0.5009765625 0.826171875 0.455078125 0.8544921875 0.5 0.8623046875
0 0.3046875 0.8232421875 0.298828125 0.8349609375 0.39453125 0.8037109375 0.3369140625 0.775390625 0.291015625 0.8154296875 0.3046875 0.8232421875
0 0.58203125 0.7919921875 0.5966796875 0.810546875 0.6337890625 0.8046875 0.68359375 0.8212890625 0.7109375 0.7939453125 0.6982421875 0.775390625 0.5986328125 0.775390625 0.58203125 0.7919921875
0 0.5859375 0.6552734375 0.630859375 0.6669921875 0.658203125 0.6337890625 0.6103515625 0.615234375 0.58984375 0.6298828125 0.5859375 0.6552734375
0 0.6591796875 0.6015625 0.69140625 0.6044921875 0.70703125 0.5927734375 0.7001953125 0.552734375 0.6328125 0.5615234375 0.6591796875 0.6015625
0 0.3505859375 0.9140625 0.373046875 0.9189453125 0.39453125 0.8974609375 0.3798828125 0.8671875 0.345703125 0.8935546875 0.3505859375 0.9140625
0 0.4609375 0.8798828125 0.4775390625 0.91015625 0.548828125 0.9306640625 0.568359375 0.9052734375 0.5400390625 0.880859375 0.5009765625 0.8984375 0.4609375 0.8798828125
0 0.662109375 0.8837890625 0.685546875 0.8720703125 0.6826171875 0.853515625 0.626953125 0.8564453125 0.662109375 0.8837890625
0 0.654296875 0.4052734375 0.6494140625 0.3828125 0.609375 0.3896484375 0.6142578125 0.40625 0.654296875 0.4052734375
0 0.12109375 0.7060546875 0.17578125 0.7392578125 0.2216796875 0.73046875 0.234375 0.7138671875 0.1611328125 0.666015625 0.12109375 0.7060546875
0 0.66015625 0.7236328125 0.6513671875 0.703125 0.607421875 0.6943359375 0.6103515625 0.716796875 0.66015625 0.7236328125
0 0.470703125 0.6455078125 0.484375 0.6513671875 0.5146484375 0.646484375 0.529296875 0.6259765625 0.5029296875 0.62109375 0.470703125 0.6455078125