0 0.7744140625 0.5078125 0.59765625 0.5576171875 0.6591796875 0.6015625 0.7509765625 0.58203125 0.892578125 0.6298828125 0.9296875 0.5341796875 0.8896484375 0.5 0.8447265625 0.521484375 0.7744140625 0.5078125
0 0.8388671875 0.38671875 0.8359375 0.4013671875 0.87109375 0.4248046875 0.806640625 0.4658203125 0.8623046875 0.4765625 0.87890625 0.4951171875 0.8642578125 0.515625 0.8134765625 0.51953125 0.8056640625 0.5546875 0.9140625 0.5654296875 0.9453125 0.5263671875 0.93359375 0.4462890625 0.9658203125 0.36328125 0.8388671875 0.38671875
0 0.4775390625 0.357421875 0.505859375 0.3623046875 0.544921875 0.3349609375 0.5205078125 0.29296875 0.451171875 0.3193359375 0.4775390625 0.357421875
0 0.24609375 0.3583984375 0.2568359375 0.396484375 0.291015625 0.4052734375 0.291015625 0.3193359375 0.2451171875 0.30078125 0.212890625 0.3291015625 0.24609375 0.3583984375
0 0.4443359375 0.806640625 0.4453125 0.7666015625 0.3564453125 0.736328125 0.3701171875 0.79296875 0.2275390625 0.7734375 0.25 0.7490234375 0.25390625 0.7080078125 0.2236328125 0.681640625 0.1884765625 0.685546875 0.1611328125 0.71875 0.103515625 0.7275390625 0.1708984375 0.80859375 0.2431640625 0.814453125 0.341796875 0.8544921875 0.37890625 0.8330078125 0.3876953125 0.8046875 0.4150390625 0.81640625 0.4443359375 0.806640625
0 0.6982421875 0.888671875 0.6181640625 0.892578125 0.609375 0.9365234375 0.57421875 0.9365234375 0.5927734375 0.97265625 0.6171875 0.9755859375 0.6328125 0.9736328125 0.6376953125 0.9375 0.703125 0.9013671875 0.6982421875 0.888671875
0 0.3154296875 0.552734375 0.28515625 0.6181640625 0.3056640625 0.640625 0.34765625 0.6396484375 0.40625 0.6201171875 0.373046875 0.6044921875 0.3740234375 0.5546875 0.3154296875 0.552734375
0 0.203125 0.6181640625 0.197265625 0.6337890625 0.2158203125 0.65625 0.25 0.6630859375 0.271484375 0.6357421875 0.2666015625 0.6171875 0.2197265625 0.607421875 0.203125 0.6181640625
0 0.4892578125 0.587890625 0.4736328125 0.52734375 0.466796875 0.5771484375 0.5078125 0.7197265625 0.5205078125 0.6875 0.58984375 0.6708984375 0.607421875 0.6181640625 0.4892578125 0.587890625
0 0.4375 0.7275390625 0.498046875 0.7099609375 0.392578125 0.7001953125 0.3994140625 0.724609375 0.4375 0.7275390625
0 0.314453125 0.7001953125 0.330078125 0.6962890625 0.3232421875 0.677734375 0.279296875 0.6689453125 0.314453125 0.7001953125
0 0.28125 0.5244140625 0.291015625 0.4873046875 0.2373046875 0.4609375 0.240234375 0.4892578125 0.28125 0.5244140625
0 0.8544921875 0.240234375 0.759765625 0.2841796875 0.7626953125 0.318359375 0.80078125 0.3212890625 0.869140625 0.2998046875 0.87109375 0.2744140625 0.845703125 0.2607421875 0.8544921875 0.240234375
0 0.701171875 0.4189453125 0.7734375 0.3798828125 0.6708984375 0.375 0.67578125 0.4091796875 0.701171875 0.4189453125