0 0.5771484375 0.126953125 0.5517578125 0.125 0.525390625 0.1748046875 0.53125 0.2001953125 0.5859375 0.2177734375 0.619140625 0.2099609375 0.623046875 0.1630859375 0.5908203125 0.158203125 0.5771484375 0.126953125
0 0.6455078125 0.072265625 0.62890625 0.0947265625 0.634765625 0.1279296875 0.671875 0.1396484375 0.67578125 0.1103515625 0.7001953125 0.10546875 0.703125 0.0830078125 0.6455078125 0.072265625
0 0.681640625 0.3974609375 0.673828125 0.4462890625 0.6953125 0.4541015625 0.7421875 0.4326171875 0.7431640625 0.388671875 0.7158203125 0.376953125 0.681640625 0.3974609375
0 0.60546875 0.3251953125 0.64453125 0.3291015625 0.6767578125 0.3203125 0.6796875 0.3017578125 0.6201171875 0.275390625 0.60546875 0.3251953125
0 0.37109375 0.5908203125 0.4375 0.5712890625 0.3857421875 0.509765625 0.345703125 0.5751953125 0.37109375 0.5908203125
0 0.3515625 0.4521484375 0.361328125 0.4208984375 0.3271484375 0.3984375 0.314453125 0.4345703125 0.3515625 0.4521484375
0 0.537109375 0.5380859375 0.546875 0.5087890625 0.5263671875 0.5 0.515625 0.5341796875 0.537109375 0.5380859375
0 0.4501953125 0.494140625 0.490234375 0.5087890625 0.4951171875 0.474609375 0.4716796875 0.4609375 0.439453125 0.4677734375 0.4501953125 0.494140625
0 0.396484375 0.6962890625 0.43359375 0.7119140625 0.453125 0.6591796875 0.4326171875 0.646484375 0.3837890625 0.658203125 0.396484375 0.6962890625
0 0.486328125 0.6357421875 0.48046875 0.6689453125 0.509765625 0.6728515625 0.552734375 0.6279296875 0.5419921875 0.607421875 0.5029296875 0.603515625 0.486328125 0.6357421875
0 0.7001953125 0.60546875 0.6767578125 0.609375 0.6689453125 0.634765625 0.607421875 0.6533203125 0.6494140625 0.685546875 0.6943359375 0.66796875 0.7041015625 0.685546875 0.728515625 0.6884765625 0.7421875 0.6689453125 0.720703125 0.6435546875 0.720703125 0.6181640625 0.7001953125 0.60546875
0 0.728515625 0.5576171875 0.7373046875 0.58203125 0.80859375 0.6064453125 0.857421875 0.5732421875 0.8466796875 0.546875 0.7607421875 0.537109375 0.728515625 0.5576171875
0 0.7998046875 0.423828125 0.73046875 0.4951171875 0.73046875 0.5205078125 0.75 0.5224609375 0.8701171875 0.482421875 0.873046875 0.4697265625 0.8486328125 0.435546875 0.7998046875 0.423828125
0 0.6943359375 0.513671875 0.744140625 0.5224609375 0.755859375 0.5126953125 0.7490234375 0.478515625 0.6875 0.4951171875 0.6943359375 0.513671875
0 0.6669921875 0.73828125 0.611328125 0.7529296875 0.625 0.8330078125 0.64453125 0.8408203125 0.6875 0.8134765625 0.681640625 0.7861328125 0.7041015625 0.75 0.6669921875 0.73828125
0 0.1884765625 0.814453125 0.234375 0.8193359375 0.2314453125 0.7890625 0.2099609375 0.78125 0.189453125 0.7939453125 0.1884765625 0.814453125
0 0.4443359375 0.150390625 0.44921875 0.1982421875 0.421875 0.2392578125 0.478515625 0.2705078125 0.4921875 0.2626953125 0.498046875 0.2041015625 0.46875 0.1591796875 0.4443359375 0.150390625
0 0.619140625 0.4599609375 0.63671875 0.4248046875 0.5888671875 0.421875 0.580078125 0.4521484375 0.619140625 0.4599609375
0 0.4287109375 0.83203125 0.388671875 0.9033203125 0.40625 0.9150390625 0.599609375 0.8779296875 0.5576171875 0.85546875 0.4404296875 0.8515625 0.4287109375 0.83203125
0 0.6953125 0.8759765625 0.7021484375 0.888671875 0.74609375 0.8916015625 0.763671875 0.8857421875 0.7568359375 0.859375 0.7138671875 0.857421875 0.6953125 0.8759765625
0 0.6484375 0.9560546875 0.7109375 0.9169921875 0.6396484375 0.91796875 0.63671875 0.9541015625 0.6484375 0.9560546875
0 0.53125 0.9814453125 0.59765625 0.9619140625 0.5302734375 0.9453125 0.517578125 0.9775390625 0.53125 0.9814453125
0 0.8134765625 0.1953125 0.876953125 0.2275390625 0.822265625 0.1533203125 0.8193359375 0.080078125 0.775390625 0.1396484375 0.8134765625 0.1953125
0 0.880859375 0.5537109375 0.9072265625 0.564453125 0.92578125 0.5947265625 0.9599609375 0.421875 0.9375 0.4306640625 0.93359375 0.4755859375 0.880859375 0.5537109375
0 0.732421875 0.7236328125 0.771484375 0.7255859375 0.794921875 0.7138671875 0.7919921875 0.689453125 0.7509765625 0.689453125 0.732421875 0.7236328125