0 0.361328125 0.4873046875 0.3642578125 0.525390625 0.4072265625 0.529296875 0.4150390625 0.55859375 0.4765625 0.5712890625 0.52734375 0.5322265625 0.5224609375 0.458984375 0.4501953125 0.455078125 0.361328125 0.4873046875
0 0.3798828125 0.59765625 0.390625 0.5732421875 0.3798828125 0.5625 0.3505859375 0.5625 0.3193359375 0.5859375 0.251953125 0.5830078125 0.3076171875 0.625 0.388671875 0.6416015625 0.4853515625 0.638671875 0.5 0.6220703125 0.4423828125 0.583984375 0.3798828125 0.59765625
0 0.203125 0.3037109375 0.25 0.3291015625 0.27734375 0.2939453125 0.2412109375 0.2734375 0.2080078125 0.27734375 0.203125 0.3037109375
0 0.0849609375 0.4609375 0.037109375 0.4521484375 0.0517578125 0.560546875 0.0712890625 0.544921875 0.162109375 0.5595703125 0.171875 0.5478515625 0.1533203125 0.5234375 0.0859375 0.5107421875 0.0849609375 0.4609375
0 0.1552734375 0.6328125 0.1240234375 0.626953125 0.0986328125 0.6484375 0.072265625 0.6435546875 0.1123046875 0.705078125 0.19921875 0.7236328125 0.234375 0.6923828125 0.2119140625 0.669921875 0.1650390625 0.666015625 0.1552734375 0.6328125
0 0.2919921875 0.771484375 0.244140625 0.7763671875 0.244140625 0.7998046875 0.2705078125 0.8046875 0.2861328125 0.830078125 0.3515625 0.8369140625 0.369140625 0.8310546875 0.373046875 0.8076171875 0.3544921875 0.7890625 0.2919921875 0.771484375
0 0.2080078125 0.75 0.13671875 0.7353515625 0.19140625 0.7744140625 0.2080078125 0.75
0 0.4375 0.7236328125 0.4443359375 0.748046875 0.513671875 0.7587890625 0.5654296875 0.751953125 0.564453125 0.7236328125 0.4716796875 0.703125 0.4375 0.7236328125
0 0.6064453125 0.1875 0.67578125 0.1962890625 0.685546875 0.1689453125 0.6533203125 0.134765625 0.595703125 0.1533203125 0.6064453125 0.1875
0 0.5009765625 0.091796875 0.55078125 0.0986328125 0.578125 0.0849609375 0.5361328125 0.052734375 0.462890625 0.0537109375 0.5009765625 0.091796875
0 0.63671875 0.2333984375 0.646484375 0.3017578125 0.67578125 0.3115234375 0.697265625 0.2958984375 0.671875 0.2197265625 0.6513671875 0.208984375 0.63671875 0.2333984375
0 0.6298828125 0.482421875 0.5576171875 0.4921875 0.56640625 0.5322265625 0.59375 0.5537109375 0.6923828125 0.490234375 0.697265625 0.4697265625 0.6572265625 0.45703125 0.6298828125 0.482421875
0 0.75 0.6416015625 0.734375 0.6435546875 0.759765625 0.6142578125 0.6845703125 0.54296875 0.6181640625 0.541015625 0.580078125 0.5615234375 0.587890625 0.6064453125 0.640625 0.7041015625 0.7255859375 0.66015625 0.75 0.6669921875 0.734375 0.6611328125 0.75 0.6416015625
0 0.634765625 0.7138671875 0.6572265625 0.755859375 0.7421875 0.7822265625 0.775390625 0.7646484375 0.7490234375 0.673828125 0.6943359375 0.681640625 0.634765625 0.7138671875
0 0.693359375 0.8291015625 0.703125 0.8603515625 0.740234375 0.8759765625 0.814453125 0.8388671875 0.8017578125 0.802734375 0.7412109375 0.8046875 0.693359375 0.8291015625
0 0.7578125 0.5634765625 0.759765625 0.5869140625 0.79296875 0.6220703125 0.8203125 0.5791015625 0.8037109375 0.486328125 0.7734375 0.5068359375 0.7578125 0.5634765625
0 0.7607421875 0.349609375 0.7314453125 0.373046875 0.6640625 0.3857421875 0.662109375 0.4287109375 0.7109375 0.4541015625 0.736328125 0.4384765625 0.724609375 0.3955078125 0.763671875 0.3759765625 0.7607421875 0.349609375
0 0.23828125 0.1845703125 0.28515625 0.1982421875 0.33203125 0.1845703125 0.3408203125 0.13671875 0.3212890625 0.1328125 0.23828125 0.1845703125
0 0.587890625 0.2548828125 0.5947265625 0.2265625 0.541015625 0.2158203125 0.5341796875 0.2421875 0.587890625 0.2548828125
0 0.4990234375 0.310546875 0.5458984375 0.3125 0.5498046875 0.349609375 0.587890625 0.3564453125 0.60546875 0.3232421875 0.5634765625 0.26953125 0.48828125 0.2880859375 0.4990234375 0.310546875
0 0.125 0.3759765625 0.1220703125 0.34375 0.07421875 0.3583984375 0.0830078125 0.375 0.125 0.3759765625
0 0.359375 0.2919921875 0.375 0.2587890625 0.3466796875 0.24609375 0.328125 0.2705078125 0.359375 0.2919921875
0 0.5234375 0.9619140625 0.5341796875 0.921875 0.46484375 0.9267578125 0.4736328125 0.951171875 0.5234375 0.9619140625
0 0.42578125 0.8583984375 0.4189453125 0.826171875 0.376953125 0.8251953125 0.3876953125 0.84765625 0.42578125 0.8583984375
0 0.634765625 0.8486328125 0.654296875 0.8330078125 0.6162109375 0.80859375 0.615234375 0.8388671875 0.634765625 0.8486328125
0 0.580078125 0.7607421875 0.611328125 0.7861328125 0.642578125 0.7724609375 0.63671875 0.7529296875 0.5849609375 0.748046875 0.580078125 0.7607421875
0 0.4638671875 0.125 0.431640625 0.1298828125 0.453125 0.1416015625 0.4638671875 0.125
0 0.185546875 0.3701171875 0.1923828125 0.38671875 0.224609375 0.3896484375 0.248046875 0.3818359375 0.2412109375 0.361328125 0.2080078125 0.353515625 0.185546875 0.3701171875
0 0.279296875 0.5576171875 0.2890625 0.5361328125 0.2548828125 0.529296875 0.251953125 0.5458984375 0.279296875 0.5576171875
0 0.21875 0.6064453125 0.234375 0.5908203125 0.2158203125 0.578125 0.203125 0.5947265625 0.21875 0.6064453125
0 0.109375 0.2919921875 0.1171875 0.2705078125 0.1025390625 0.265625 0.08984375 0.2900390625 0.109375 0.2919921875
0 0.53515625 0.8583984375 0.546875 0.8369140625 0.5166015625 0.828125 0.515625 0.8505859375 0.53515625 0.8583984375
0 0.484375 0.8759765625 0.4794921875 0.853515625 0.451171875 0.8525390625 0.4580078125 0.875 0.484375 0.8759765625
0 0.6103515625 0.796875 0.609375 0.8310546875 0.634765625 0.8505859375 0.658203125 0.8349609375 0.658203125 0.8154296875 0.6435546875 0.796875 0.6103515625 0.796875
0 0.4140625 0.6806640625 0.435546875 0.6728515625 0.4326171875 0.646484375 0.3984375 0.6611328125 0.4140625 0.6806640625
0 0.478515625 0.2783203125 0.484375 0.2587890625 0.4638671875 0.244140625 0.458984375 0.2626953125 0.478515625 0.2783203125