0 0.462890625 0.3466796875 0.552734375 0.3603515625 0.560546875 0.3310546875 0.5166015625 0.314453125 0.4814453125 0.31640625 0.462890625 0.3466796875
0 0.2578125 0.3310546875 0.28125 0.2919921875 0.2685546875 0.26953125 0.21484375 0.2978515625 0.2578125 0.3310546875
0 0.2412109375 0.396484375 0.294921875 0.3994140625 0.3046875 0.3798828125 0.2763671875 0.3671875 0.228515625 0.3759765625 0.2412109375 0.396484375
0 0.3193359375 0.359375 0.357421875 0.3603515625 0.3671875 0.3486328125 0.3505859375 0.33203125 0.298828125 0.3349609375 0.3193359375 0.359375
0 0.361328125 0.4599609375 0.373046875 0.5126953125 0.38671875 0.5458984375 0.41015625 0.5556640625 0.447265625 0.5341796875 0.404296875 0.4443359375 0.3720703125 0.435546875 0.361328125 0.4599609375
0 0.328125 0.5439453125 0.349609375 0.5009765625 0.3232421875 0.4765625 0.291015625 0.5146484375 0.3046875 0.5419921875 0.234375 0.5966796875 0.2470703125 0.6171875 0.3076171875 0.640625 0.3154296875 0.662109375 0.353515625 0.6708984375 0.361328125 0.6435546875 0.3359375 0.6123046875 0.388671875 0.5830078125 0.328125 0.5439453125
0 0.37109375 0.7470703125 0.369140625 0.7021484375 0.3349609375 0.685546875 0.2763671875 0.693359375 0.251953125 0.7236328125 0.30078125 0.7587890625 0.2734375 0.7802734375 0.3203125 0.7958984375 0.30859375 0.8154296875 0.3212890625 0.84375 0.3671875 0.8505859375 0.3828125 0.8408203125 0.388671875 0.7958984375 0.326171875 0.7607421875 0.37109375 0.7470703125
0 0.4140625 0.7216796875 0.4384765625 0.765625 0.521484375 0.7744140625 0.53515625 0.7587890625 0.5185546875 0.74609375 0.4423828125 0.71484375 0.4140625 0.7216796875
0 0.498046875 0.8486328125 0.44140625 0.8779296875 0.5087890625 0.8828125 0.56640625 0.9072265625 0.5546875 0.8154296875 0.4873046875 0.7890625 0.470703125 0.8115234375 0.498046875 0.8486328125
0 0.4208984375 0.87890625 0.45703125 0.8818359375 0.462890625 0.8642578125 0.4404296875 0.845703125 0.408203125 0.8544921875 0.4208984375 0.87890625
0 0.72265625 0.8740234375 0.734375 0.8544921875 0.6904296875 0.833984375 0.6484375 0.8583984375 0.72265625 0.8740234375
0 0.5576171875 0.7265625 0.583984375 0.8134765625 0.62890625 0.8076171875 0.61328125 0.8193359375 0.640625 0.8115234375 0.6328125 0.7431640625 0.6044921875 0.7265625 0.5576171875 0.7265625
0 0.4970703125 0.5 0.533203125 0.5048828125 0.560546875 0.4951171875 0.5556640625 0.470703125 0.49609375 0.4736328125 0.4970703125 0.5
0 0.494140625 0.5361328125 0.5126953125 0.55859375 0.56640625 0.5615234375 0.587890625 0.5361328125 0.5654296875 0.5234375 0.5068359375 0.5234375 0.494140625 0.5361328125
0 0.9345703125 0.748046875 0.890625 0.7529296875 0.927734375 0.7587890625 0.9345703125 0.748046875
0 0.935546875 0.6826171875 0.900390625 0.7353515625 0.94140625 0.7451171875 0.962890625 0.6904296875 0.9580078125 0.654296875 0.935546875 0.6572265625 0.935546875 0.6826171875
0 0.12890625 0.4658203125 0.158203125 0.4501953125 0.1455078125 0.416015625 0.125 0.4169921875 0.12890625 0.4658203125
0 0.19921875 0.1611328125 0.208984375 0.1259765625 0.1943359375 0.107421875 0.1640625 0.1455078125 0.19921875 0.1611328125
0 0.494140625 0.2236328125 0.5078125 0.2236328125 0.53515625 0.2158203125 0.5400390625 0.1875 0.482421875 0.1904296875 0.494140625 0.2236328125
0 0.74609375 0.6279296875 0.75390625 0.6025390625 0.7353515625 0.58984375 0.720703125 0.6181640625 0.74609375 0.6279296875
0 0.556640625 0.3642578125 0.5634765625 0.384765625 0.6015625 0.3876953125 0.6328125 0.3798828125 0.6279296875 0.357421875 0.5673828125 0.3515625 0.556640625 0.3642578125
0 0.4921875 0.9052734375 0.4384765625 0.92578125 0.57421875 0.9716796875 0.58203125 0.9501953125 0.5654296875 0.90625 0.4453125 0.8857421875 0.4921875 0.9052734375