0 0.34765625 0.5205078125 0.380859375 0.4853515625 0.3701171875 0.46875 0.3193359375 0.466796875 0.28125 0.4873046875 0.287109375 0.5732421875 0.248046875 0.6025390625 0.26953125 0.6474609375 0.314453125 0.6708984375 0.33984375 0.6552734375 0.337890625 0.5849609375 0.35546875 0.5615234375 0.34765625 0.5205078125
0 0.27734375 0.8173828125 0.357421875 0.8701171875 0.373046875 0.8447265625 0.369140625 0.8115234375 0.2919921875 0.79296875 0.27734375 0.8173828125
0 0.673828125 0.4931640625 0.6796875 0.4521484375 0.6279296875 0.416015625 0.59765625 0.4755859375 0.673828125 0.4931640625
0 0.5009765625 0.609375 0.4794921875 0.626953125 0.4208984375 0.623046875 0.384765625 0.6435546875 0.3935546875 0.681640625 0.439453125 0.6943359375 0.4833984375 0.640625 0.4970703125 0.658203125 0.509765625 0.6533203125 0.5009765625 0.609375
0 0.798828125 0.6982421875 0.865234375 0.7275390625 0.876953125 0.7021484375 0.869140625 0.6455078125 0.7998046875 0.65625 0.798828125 0.6982421875
0 0.5615234375 0.744140625 0.634765625 0.7626953125 0.6484375 0.7470703125 0.6025390625 0.7109375 0.55078125 0.7177734375 0.5615234375 0.744140625
0 0.2490234375 0.16796875 0.2236328125 0.208984375 0.189453125 0.2080078125 0.20703125 0.2822265625 0.23828125 0.3037109375 0.248046875 0.2373046875 0.279296875 0.1962890625 0.2705078125 0.173828125 0.2490234375 0.16796875
0 0.36328125 0.2919921875 0.390625 0.3095703125 0.4140625 0.2822265625 0.4091796875 0.2421875 0.359375 0.2626953125 0.36328125 0.2919921875
0 0.45703125 0.3916015625 0.4765625 0.3701171875 0.4404296875 0.337890625 0.421875 0.3642578125 0.45703125 0.3916015625
0 0.0654296875 0.404296875 0.0859375 0.5087890625 0.11328125 0.4794921875 0.1171875 0.4384765625 0.0908203125 0.44140625 0.0654296875 0.404296875
0 0.580078125 0.3271484375 0.595703125 0.3037109375 0.5712890625 0.291015625 0.560546875 0.3173828125 0.580078125 0.3271484375
0 0.490234375 0.6787109375 0.5078125 0.6884765625 0.5361328125 0.6875 0.5390625 0.6748046875 0.5048828125 0.65625 0.490234375 0.6787109375
0 0.388671875 0.1279296875 0.3935546875 0.111328125 0.3515625 0.1064453125 0.3544921875 0.125 0.388671875 0.1279296875
0 0.3935546875 0.486328125 0.3828125 0.5087890625 0.3984375 0.5380859375 0.4306640625 0.56640625 0.47265625 0.5693359375 0.498046875 0.5439453125 0.486328125 0.4892578125 0.4560546875 0.4765625 0.3935546875 0.486328125