0 0.484375 0.3935546875 0.509765625 0.3583984375 0.4775390625 0.345703125 0.46875 0.3818359375 0.484375 0.3935546875
0 0.357421875 0.4033203125 0.3798828125 0.42578125 0.4296875 0.4306640625 0.458984375 0.4052734375 0.4423828125 0.376953125 0.3896484375 0.373046875 0.357421875 0.4033203125
0 0.419921875 0.5205078125 0.4375 0.5595703125 0.392578125 0.6025390625 0.3974609375 0.62109375 0.421875 0.6220703125 0.47265625 0.6142578125 0.47265625 0.5478515625 0.4462890625 0.515625 0.419921875 0.5205078125
0 0.7158203125 0.455078125 0.74609375 0.4658203125 0.771484375 0.3994140625 0.7177734375 0.39453125 0.69921875 0.4248046875 0.7158203125 0.455078125
0 0.5908203125 0.46875 0.609375 0.4677734375 0.626953125 0.4345703125 0.5908203125 0.408203125 0.572265625 0.4404296875 0.5908203125 0.46875
0 0.6572265625 0.50390625 0.640625 0.5419921875 0.66015625 0.5556640625 0.7041015625 0.5390625 0.7109375 0.5087890625 0.6826171875 0.494140625 0.6572265625 0.50390625
0 0.525390625 0.6767578125 0.599609375 0.6884765625 0.609375 0.6669921875 0.5791015625 0.638671875 0.5361328125 0.654296875 0.525390625 0.6767578125
0 0.849609375 0.5556640625 0.90234375 0.5927734375 0.912109375 0.5244140625 0.8994140625 0.4609375 0.88671875 0.5146484375 0.849609375 0.5556640625
0 0.8720703125 0.64453125 0.8369140625 0.640625 0.787109375 0.6767578125 0.759765625 0.7392578125 0.779296875 0.7626953125 0.76953125 0.7763671875 0.853515625 0.7255859375 0.89453125 0.6298828125 0.8935546875 0.595703125 0.8720703125 0.64453125
0 0.095703125 0.4814453125 0.126953125 0.5048828125 0.15234375 0.4912109375 0.15234375 0.4716796875 0.1064453125 0.421875 0.095703125 0.4814453125
0 0.26953125 0.5361328125 0.306640625 0.5439453125 0.345703125 0.5205078125 0.3447265625 0.501953125 0.26953125 0.5068359375 0.26953125 0.5361328125
0 0.1748046875 0.556640625 0.232421875 0.5576171875 0.248046875 0.5439453125 0.2236328125 0.51953125 0.169921875 0.5205078125 0.1748046875 0.556640625
0 0.2734375 0.6611328125 0.2646484375 0.611328125 0.189453125 0.5927734375 0.2080078125 0.646484375 0.2734375 0.6611328125
0 0.705078125 0.2236328125 0.712890625 0.1943359375 0.6806640625 0.181640625 0.66015625 0.2138671875 0.705078125 0.2236328125
0 0.603515625 0.2529296875 0.59375 0.2939453125 0.6328125 0.2958984375 0.677734375 0.2919921875 0.6689453125 0.255859375 0.6396484375 0.244140625 0.603515625 0.2529296875
0 0.2421875 0.4287109375 0.267578125 0.4580078125 0.2890625 0.4443359375 0.28515625 0.4091796875 0.2685546875 0.40234375 0.2421875 0.4287109375
0 0.1396484375 0.40625 0.125 0.4404296875 0.15234375 0.4541015625 0.2021484375 0.44140625 0.205078125 0.4248046875 0.1650390625 0.400390625 0.1396484375 0.40625