0 0.5859375 0.2958984375 0.65234375 0.2568359375 0.5283203125 0.19921875 0.54296875 0.2490234375 0.5859375 0.2958984375
0 0.5126953125 0.28125 0.4150390625 0.30078125 0.384765625 0.3251953125 0.40625 0.3603515625 0.4482421875 0.32421875 0.5439453125 0.333984375 0.560546875 0.3134765625 0.5126953125 0.28125
0 0.162109375 0.4462890625 0.1005859375 0.416015625 0.109375 0.4912109375 0.162109375 0.4462890625
0 0.2119140625 0.623046875 0.263671875 0.6240234375 0.26953125 0.6123046875 0.2431640625 0.595703125 0.19140625 0.5986328125 0.2119140625 0.623046875
0 0.3994140625 0.626953125 0.453125 0.6298828125 0.4609375 0.6103515625 0.4208984375 0.591796875 0.39453125 0.6123046875 0.3994140625 0.626953125
0 0.533203125 0.4638671875 0.55859375 0.4365234375 0.5478515625 0.408203125 0.51171875 0.4248046875 0.533203125 0.4638671875
0 0.57421875 0.4033203125 0.603515625 0.4052734375 0.623046875 0.4013671875 0.6201171875 0.376953125 0.58203125 0.3818359375 0.57421875 0.4033203125
0 0.51953125 0.3740234375 0.52734375 0.3662109375 0.5087890625 0.353515625 0.478515625 0.3642578125 0.51953125 0.3740234375
0 0.4609375 0.7841796875 0.48046875 0.7978515625 0.5087890625 0.79296875 0.51171875 0.7744140625 0.4736328125 0.771484375 0.4609375 0.7841796875
0 0.5556640625 0.814453125 0.515625 0.8154296875 0.55078125 0.8408203125 0.5556640625 0.814453125
0 0.576171875 0.7998046875 0.59375 0.7666015625 0.5537109375 0.748046875 0.5390625 0.7861328125 0.576171875 0.7998046875
0 0.736328125 0.8115234375 0.751953125 0.7763671875 0.6923828125 0.759765625 0.69140625 0.7919921875 0.736328125 0.8115234375
0 0.68359375 0.7275390625 0.728515625 0.7021484375 0.7177734375 0.673828125 0.66015625 0.7119140625 0.68359375 0.7275390625
0 0.7568359375 0.697265625 0.791015625 0.7060546875 0.8076171875 0.671875 0.7744140625 0.6640625 0.75390625 0.6787109375 0.7568359375 0.697265625
0 0.7490234375 0.748046875 0.7734375 0.7490234375 0.798828125 0.7373046875 0.7900390625 0.712890625 0.74609375 0.7294921875 0.7490234375 0.748046875
0 0.640625 0.8466796875 0.6513671875 0.82421875 0.607421875 0.8212890625 0.6064453125 0.845703125 0.640625 0.8466796875
0 0.798828125 0.6005859375 0.814453125 0.6064453125 0.8486328125 0.591796875 0.853515625 0.5732421875 0.8017578125 0.58203125 0.798828125 0.6005859375
0 0.8603515625 0.4140625 0.853515625 0.4443359375 0.8828125 0.4501953125 0.8603515625 0.4140625
0 0.623046875 0.7177734375 0.62890625 0.7041015625 0.6044921875 0.68359375 0.6015625 0.7119140625 0.623046875 0.7177734375
0 0.8525390625 0.529296875 0.892578125 0.5341796875 0.900390625 0.5244140625 0.8818359375 0.50390625 0.84375 0.5029296875 0.8525390625 0.529296875