0 0.0908203125 0.462890625 0.0361328125 0.47265625 0.013671875 0.5107421875 0.0361328125 0.52734375 0.1083984375 0.505859375 0.169921875 0.5556640625 0.185546875 0.5224609375 0.1796875 0.4951171875 0.1123046875 0.482421875 0.0908203125 0.462890625
0 0.2392578125 0.751953125 0.232421875 0.7939453125 0.248046875 0.8271484375 0.2822265625 0.859375 0.306640625 0.8583984375 0.359375 0.8330078125 0.392578125 0.7705078125 0.2958984375 0.74609375 0.2392578125 0.751953125
0 0.1337890625 0.796875 0.115234375 0.8310546875 0.16015625 0.8525390625 0.146484375 0.8857421875 0.2587890625 0.9296875 0.26171875 0.9599609375 0.265625 0.9091796875 0.212890625 0.8564453125 0.203125 0.8154296875 0.1337890625 0.796875
0 0.4462890625 0.8046875 0.41796875 0.8583984375 0.4248046875 0.876953125 0.443359375 0.8759765625 0.4970703125 0.857421875 0.517578125 0.8271484375 0.4736328125 0.798828125 0.4462890625 0.8046875
0 0.48828125 0.7197265625 0.4931640625 0.736328125 0.513671875 0.7392578125 0.5537109375 0.720703125 0.560546875 0.6982421875 0.5146484375 0.6875 0.48828125 0.7197265625
0 0.431640625 0.7373046875 0.447265625 0.7119140625 0.4111328125 0.705078125 0.40625 0.7294921875 0.431640625 0.7373046875
0 0.3779296875 0.67578125 0.408203125 0.6767578125 0.4375 0.6630859375 0.4248046875 0.640625 0.37109375 0.6572265625 0.3779296875 0.67578125
0 0.3125 0.6513671875 0.3310546875 0.625 0.294921875 0.6259765625 0.29296875 0.6416015625 0.3125 0.6513671875
0 0.3349609375 0.671875 0.30859375 0.6748046875 0.3359375 0.6923828125 0.3349609375 0.671875
0 0.30078125 0.6083984375 0.3115234375 0.5625 0.220703125 0.5673828125 0.2294921875 0.595703125 0.30078125 0.6083984375
0 0.380859375 0.5224609375 0.416015625 0.5322265625 0.474609375 0.4814453125 0.4365234375 0.44140625 0.388671875 0.4853515625 0.380859375 0.5224609375
0 0.3203125 0.4345703125 0.34375 0.4404296875 0.36328125 0.4267578125 0.357421875 0.4033203125 0.3173828125 0.390625 0.3203125 0.4345703125
0 0.2861328125 0.212890625 0.2470703125 0.25 0.216796875 0.2490234375 0.2470703125 0.2734375 0.3173828125 0.265625 0.318359375 0.3056640625 0.353515625 0.3115234375 0.392578125 0.2841796875 0.3798828125 0.25390625 0.3310546875 0.25 0.2861328125 0.212890625
0 0.5361328125 0.28515625 0.515625 0.3056640625 0.51953125 0.3544921875 0.55859375 0.3642578125 0.58203125 0.3564453125 0.58203125 0.3349609375 0.55859375 0.2939453125 0.5361328125 0.28515625
0 0.3232421875 0.177734375 0.35546875 0.1865234375 0.3828125 0.1669921875 0.3798828125 0.150390625 0.3125 0.1591796875 0.3232421875 0.177734375
0 0.67578125 0.1767578125 0.705078125 0.1767578125 0.74609375 0.1533203125 0.7158203125 0.10546875 0.673828125 0.1416015625 0.67578125 0.1767578125
0 0.552734375 0.5615234375 0.5712890625 0.525390625 0.5 0.5283203125 0.5224609375 0.560546875 0.552734375 0.5615234375
0 0.626953125 0.6337890625 0.673828125 0.6044921875 0.6005859375 0.578125 0.5859375 0.6103515625 0.626953125 0.6337890625
0 0.76171875 0.4580078125 0.787109375 0.4697265625 0.810546875 0.4580078125 0.810546875 0.4287109375 0.7587890625 0.423828125 0.76171875 0.4580078125
0 0.8759765625 0.400390625 0.8486328125 0.376953125 0.84375 0.3935546875 0.865234375 0.4169921875 0.83984375 0.4482421875 0.884765625 0.4619140625 0.904296875 0.4462890625 0.888671875 0.4033203125 0.896484375 0.3857421875 0.8759765625 0.400390625
0 0.8125 0.5498046875 0.83984375 0.5634765625 0.873046875 0.5263671875 0.8720703125 0.50390625 0.814453125 0.5224609375 0.8125 0.5498046875
0 0.83984375 0.6962890625 0.8544921875 0.654296875 0.81640625 0.6669921875 0.81640625 0.6865234375 0.83984375 0.6962890625
0 0.380859375 0.1103515625 0.396484375 0.1025390625 0.3916015625 0.080078125 0.345703125 0.1064453125 0.380859375 0.1103515625
0 0.7470703125 0.134765625 0.75 0.0732421875 0.76171875 0.0673828125 0.7392578125 0.0546875 0.5830078125 0.05078125 0.443359375 0.0771484375 0.4580078125 0.1015625 0.4970703125 0.109375 0.529296875 0.1435546875 0.6181640625 0.12109375 0.6748046875 0.1328125 0.7080078125 0.107421875 0.7470703125 0.134765625
0 0.796875 0.2158203125 0.8125 0.2705078125 0.8671875 0.2958984375 0.951171875 0.2646484375 0.919921875 0.1767578125 0.8837890625 0.1328125 0.796875 0.2158203125