0 0.486328125 0.6044921875 0.517578125 0.5498046875 0.470703125 0.5126953125 0.4765625 0.4990234375 0.40234375 0.4189453125 0.37109375 0.3544921875 0.2568359375 0.28515625 0.2236328125 0.220703125 0.1669921875 0.232421875 0.0927734375 0.19921875 0.0654296875 0.232421875 0.0517578125 0.21875 0.0771484375 0.2578125 0.150390625 0.2939453125 0.1328125 0.3251953125 0.14453125 0.3740234375 0.20703125 0.5400390625 0.294921875 0.7001953125 0.3759765625 0.775390625 0.4619140625 0.765625 0.509765625 0.7919921875 0.49609375 0.7138671875 0.50390625 0.6455078125 0.517578125 0.6357421875 0.486328125 0.6044921875
0 0.322265625 0.2978515625 0.33984375 0.3310546875 0.404296875 0.3759765625 0.421875 0.3466796875 0.4140625 0.3173828125 0.3310546875 0.275390625 0.322265625 0.2978515625
0 0.705078125 0.4619140625 0.734375 0.5419921875 0.759765625 0.5517578125 0.78125 0.4697265625 0.77734375 0.4130859375 0.7099609375 0.39453125 0.705078125 0.4619140625
0 0.845703125 0.2431640625 0.7998046875 0.18359375 0.7685546875 0.1875 0.732421875 0.2509765625 0.76171875 0.2646484375 0.7861328125 0.236328125 0.8037109375 0.236328125 0.8154296875 0.259765625 0.845703125 0.2431640625
0 0.84765625 0.4541015625 0.873046875 0.4248046875 0.8505859375 0.40234375 0.826171875 0.4326171875 0.84765625 0.4541015625
0 0.8720703125 0.498046875 0.814453125 0.4892578125 0.865234375 0.5263671875 0.8720703125 0.498046875
0 0.515625 0.5029296875 0.537109375 0.5146484375 0.564453125 0.4970703125 0.5576171875 0.474609375 0.517578125 0.4873046875 0.515625 0.5029296875
0 0.80859375 0.8505859375 0.828125 0.7216796875 0.7470703125 0.703125 0.783203125 0.8212890625 0.80859375 0.8505859375
0 0.8935546875 0.380859375 0.927734375 0.3818359375 0.931640625 0.3564453125 0.8916015625 0.306640625 0.876953125 0.3642578125 0.8935546875 0.380859375
0 0.3837890625 0.123046875 0.35546875 0.1357421875 0.373046875 0.1650390625 0.3837890625 0.123046875
0 0.5 0.1357421875 0.4697265625 0.125 0.5 0.1630859375 0.5 0.1357421875
0 0.541015625 0.1962890625 0.546875 0.2509765625 0.60546875 0.2294921875 0.5908203125 0.193359375 0.5556640625 0.185546875 0.541015625 0.1962890625
0 0.6962890625 0.45703125 0.671875 0.4794921875 0.693359375 0.4990234375 0.6962890625 0.45703125
0 0.48046875 0.7451171875 0.486328125 0.7802734375 0.51953125 0.7939453125 0.5947265625 0.78515625 0.583984375 0.7431640625 0.4951171875 0.73046875 0.48046875 0.7451171875
0 0.2109375 0.2197265625 0.234375 0.2275390625 0.26171875 0.1962890625 0.2470703125 0.169921875 0.208984375 0.1943359375 0.2109375 0.2197265625
0 0.90625 0.6962890625 0.935546875 0.7138671875 0.953125 0.7001953125 0.9541015625 0.66796875 0.9169921875 0.677734375 0.90625 0.6962890625