0 0.6171875 0.3623046875 0.6044921875 0.291015625 0.5361328125 0.31640625 0.517578125 0.2880859375 0.58203125 0.2275390625 0.4111328125 0.16015625 0.373046875 0.2724609375 0.4365234375 0.298828125 0.455078125 0.3544921875 0.505859375 0.3876953125 0.5361328125 0.3828125 0.5537109375 0.359375 0.5908203125 0.37109375 0.6171875 0.3623046875
0 0.5380859375 0.447265625 0.5146484375 0.423828125 0.4794921875 0.42578125 0.45703125 0.4873046875 0.470703125 0.5009765625 0.5849609375 0.462890625 0.576171875 0.4150390625 0.5478515625 0.408203125 0.5380859375 0.447265625
0 0.7412109375 0.57421875 0.7265625 0.5986328125 0.755859375 0.6259765625 0.8017578125 0.60546875 0.8046875 0.5888671875 0.7548828125 0.587890625 0.7412109375 0.57421875
0 0.775390625 0.3759765625 0.7529296875 0.37109375 0.703125 0.4072265625 0.6953125 0.4365234375 0.7255859375 0.4375 0.7490234375 0.419921875 0.765625 0.4423828125 0.701171875 0.5126953125 0.767578125 0.5498046875 0.80859375 0.5361328125 0.822265625 0.4716796875 0.755859375 0.4013671875 0.775390625 0.3759765625
0 0.939453125 0.5849609375 0.9248046875 0.54296875 0.9033203125 0.548828125 0.875 0.5927734375 0.875 0.6357421875 0.8125 0.6845703125 0.833984375 0.7451171875 0.873046875 0.7099609375 0.8984375 0.6650390625 0.8984375 0.6298828125 0.939453125 0.5849609375
0 0.63671875 0.8955078125 0.666015625 0.9072265625 0.7197265625 0.900390625 0.71484375 0.8701171875 0.6630859375 0.86328125 0.63671875 0.8955078125
0 0.48916015625 0.50736328125 0.47224609375000004 0.50736328125 0.47224609375000004 0.50865234375 0.48916015625 0.50865234375 0.48916015625 0.50736328125
0 0.5224609375 0.564453125 0.5625 0.5634765625 0.576171875 0.5341796875 0.5458984375 0.51953125 0.513671875 0.5517578125 0.5224609375 0.564453125
0 0.4873046875 0.619140625 0.525390625 0.6279296875 0.548828125 0.6142578125 0.5361328125 0.58984375 0.486328125 0.6044921875 0.4873046875 0.619140625
0 0.49609375 0.6748046875 0.54296875 0.7060546875 0.564453125 0.7021484375 0.58203125 0.6650390625 0.5048828125 0.66015625 0.49609375 0.6748046875
0 0.4375 0.6806640625 0.3720703125 0.66015625 0.3330078125 0.67578125 0.2900390625 0.66796875 0.265625 0.6943359375 0.26953125 0.7314453125 0.3310546875 0.720703125 0.3486328125 0.703125 0.4130859375 0.705078125 0.4375 0.6806640625
0 0.3974609375 0.744140625 0.36328125 0.7705078125 0.36328125 0.8134765625 0.435546875 0.8642578125 0.4501953125 0.826171875 0.5 0.8310546875 0.50390625 0.7783203125 0.3974609375 0.744140625
0 0.2275390625 0.349609375 0.2119140625 0.30859375 0.185546875 0.3134765625 0.2197265625 0.35546875 0.296875 0.3876953125 0.328125 0.3447265625 0.3134765625 0.31640625 0.2646484375 0.32421875 0.2275390625 0.349609375
0 0.28515625 0.4384765625 0.296875 0.4150390625 0.2568359375 0.39453125 0.25 0.4208984375 0.28515625 0.4384765625
0 0.388671875 0.4541015625 0.412109375 0.4423828125 0.3603515625 0.38671875 0.345703125 0.4482421875 0.388671875 0.4541015625
0 0.2080078125 0.068359375 0.1953125 0.1396484375 0.228515625 0.1669921875 0.25 0.1552734375 0.23828125 0.1181640625 0.25 0.0869140625 0.2080078125 0.068359375
0 0.287109375 0.1943359375 0.3125 0.2197265625 0.31640625 0.1884765625 0.34375 0.1630859375 0.2880859375 0.15234375 0.287109375 0.1943359375
0 0.0810546875 0.423828125 0.1015625 0.4970703125 0.095703125 0.4736328125 0.134765625 0.4423828125 0.0927734375 0.439453125 0.0810546875 0.423828125