0 0.287109375 0.2919921875 0.35546875 0.2529296875 0.224609375 0.2431640625 0.2353515625 0.265625 0.287109375 0.2919921875
0 0.375 0.1962890625 0.3779296875 0.2109375 0.408203125 0.2138671875 0.44921875 0.1982421875 0.435546875 0.1650390625 0.4150390625 0.15625 0.375 0.1962890625
0 0.3837890625 0.328125 0.41796875 0.3369140625 0.435546875 0.3154296875 0.4150390625 0.294921875 0.376953125 0.2998046875 0.3837890625 0.328125
0 0.435546875 0.5009765625 0.380859375 0.4462890625 0.3984375 0.4345703125 0.3779296875 0.416015625 0.3662109375 0.427734375 0.3310546875 0.41796875 0.3291015625 0.40625 0.34765625 0.4033203125 0.2802734375 0.345703125 0.2353515625 0.34765625 0.2138671875 0.390625 0.138671875 0.4345703125 0.12109375 0.4794921875 0.1708984375 0.52734375 0.2275390625 0.5234375 0.2509765625 0.53125 0.2705078125 0.5625 0.3349609375 0.56640625 0.349609375 0.5830078125 0.375 0.5634765625 0.3798828125 0.51953125 0.4169921875 0.525390625 0.435546875 0.5009765625
0 0.421875 0.6533203125 0.400390625 0.6318359375 0.41015625 0.5927734375 0.3779296875 0.568359375 0.3271484375 0.587890625 0.3212890625 0.607421875 0.294921875 0.6162109375 0.28515625 0.6494140625 0.25 0.6669921875 0.369140625 0.7841796875 0.419921875 0.7783203125 0.416015625 0.7470703125 0.435546875 0.7060546875 0.421875 0.6533203125
0 0.5654296875 0.552734375 0.5361328125 0.515625 0.5126953125 0.513671875 0.5 0.5615234375 0.54296875 0.6103515625 0.544921875 0.6396484375 0.5888671875 0.689453125 0.603515625 0.6884765625 0.63671875 0.6748046875 0.595703125 0.5888671875 0.625 0.5654296875 0.5654296875 0.552734375
0 0.654296875 0.8271484375 0.6318359375 0.814453125 0.48046875 0.8779296875 0.4951171875 0.90234375 0.55859375 0.9169921875 0.5908203125 0.89453125 0.6669921875 0.876953125 0.671875 0.8564453125 0.654296875 0.8271484375
0 0.638671875 0.7880859375 0.69140625 0.7744140625 0.6708984375 0.734375 0.626953125 0.7470703125 0.638671875 0.7880859375
0 0.751953125 0.4521484375 0.76953125 0.4384765625 0.7333984375 0.427734375 0.73046875 0.4462890625 0.751953125 0.4521484375
0 0.77734375 0.5087890625 0.798828125 0.5126953125 0.8525390625 0.498046875 0.85546875 0.4794921875 0.7900390625 0.486328125 0.77734375 0.5087890625
0 0.6708984375 0.3046875 0.666015625 0.3408203125 0.68359375 0.3466796875 0.68359375 0.3720703125 0.73046875 0.3779296875 0.7861328125 0.373046875 0.78515625 0.3232421875 0.7529296875 0.30078125 0.6708984375 0.3046875
0 0.1953125 0.2138671875 0.20703125 0.1611328125 0.1875 0.1416015625 0.19140625 0.0966796875 0.20703125 0.0869140625 0.1533203125 0.087890625 0.0751953125 0.04296875 0.064453125 0.1123046875 0.083984375 0.1708984375 0.095703125 0.3310546875 0.140625 0.4306640625 0.2021484375 0.408203125 0.21484375 0.3779296875 0.21484375 0.2548828125 0.1953125 0.2138671875
0 0.4453125 0.8037109375 0.474609375 0.7880859375 0.4306640625 0.765625 0.423828125 0.7900390625 0.4453125 0.8037109375
0 0.65234375 0.5986328125 0.6640625 0.6005859375 0.6943359375 0.59765625 0.697265625 0.5810546875 0.6611328125 0.587890625 0.65234375 0.5986328125
0 0.697265625 0.6787109375 0.70703125 0.6474609375 0.6865234375 0.6328125 0.6640625 0.6591796875 0.697265625 0.6787109375
0 0.73046875 0.7353515625 0.7421875 0.7060546875 0.7080078125 0.705078125 0.70703125 0.7314453125 0.73046875 0.7353515625