0 0.353515625 0.1982421875 0.3701171875 0.216796875 0.412109375 0.2158203125 0.447265625 0.1982421875 0.4677734375 0.1484375 0.4267578125 0.1328125 0.353515625 0.1982421875
0 0.853515625 0.6025390625 0.841796875 0.6357421875 0.892578125 0.6513671875 0.931640625 0.6025390625 0.9345703125 0.57421875 0.8857421875 0.572265625 0.853515625 0.6025390625
0 0.6953125 0.6572265625 0.7109375 0.6767578125 0.7568359375 0.669921875 0.833984375 0.6279296875 0.7177734375 0.626953125 0.6953125 0.6572265625
0 0.6025390625 0.4765625 0.66796875 0.4970703125 0.685546875 0.4775390625 0.6767578125 0.462890625 0.599609375 0.4560546875 0.6025390625 0.4765625
0 0.4443359375 0.474609375 0.470703125 0.4775390625 0.49609375 0.4638671875 0.4912109375 0.453125 0.4375 0.4560546875 0.4443359375 0.474609375
0 0.4228515625 0.583984375 0.44140625 0.5849609375 0.47265625 0.5673828125 0.4404296875 0.552734375 0.4140625 0.5634765625 0.4228515625 0.583984375
0 0.1689453125 0.56640625 0.2265625 0.5654296875 0.24609375 0.5517578125 0.2216796875 0.533203125 0.15234375 0.5400390625 0.1689453125 0.56640625
0 0.361328125 0.7353515625 0.4140625 0.7119140625 0.3349609375 0.69921875 0.328125 0.7275390625 0.361328125 0.7353515625
0 0.6201171875 0.611328125 0.5390625 0.6181640625 0.5458984375 0.6640625 0.5693359375 0.65234375 0.6142578125 0.681640625 0.6796875 0.6962890625 0.701171875 0.6298828125 0.6904296875 0.607421875 0.6494140625 0.59375 0.6201171875 0.611328125
0 0.65625 0.6005859375 0.724609375 0.5478515625 0.7060546875 0.53515625 0.6591796875 0.541015625 0.65625 0.6005859375
0 0.6923828125 0.798828125 0.724609375 0.7998046875 0.736328125 0.7919921875 0.7255859375 0.763671875 0.689453125 0.7744140625 0.6923828125 0.798828125