0 0.59765625 0.3037109375 0.62109375 0.2763671875 0.5869140625 0.251953125 0.55859375 0.2822265625 0.59765625 0.3037109375
0 0.3662109375 0.232421875 0.40625 0.2333984375 0.42578125 0.2119140625 0.4033203125 0.19140625 0.353515625 0.2099609375 0.3662109375 0.232421875
0 0.5068359375 0.37890625 0.533203125 0.3779296875 0.548828125 0.3681640625 0.5361328125 0.349609375 0.498046875 0.3642578125 0.5068359375 0.37890625
0 0.396484375 0.4228515625 0.421875 0.3896484375 0.3623046875 0.333984375 0.34765625 0.3935546875 0.396484375 0.4228515625
0 0.529296875 0.4873046875 0.548828125 0.4970703125 0.58203125 0.4697265625 0.5732421875 0.421875 0.53125 0.4521484375 0.529296875 0.4873046875
0 0.4150390625 0.5 0.46875 0.4990234375 0.4765625 0.4794921875 0.4384765625 0.4609375 0.380859375 0.4736328125 0.4150390625 0.5
0 0.373046875 0.6162109375 0.396484375 0.6240234375 0.4482421875 0.607421875 0.451171875 0.5888671875 0.3857421875 0.58203125 0.373046875 0.6162109375
0 0.5322265625 0.595703125 0.556640625 0.5966796875 0.568359375 0.5849609375 0.5576171875 0.5625 0.51953125 0.5771484375 0.5322265625 0.595703125
0 0.8701171875 0.458984375 0.830078125 0.4736328125 0.86328125 0.4912109375 0.8701171875 0.458984375
0 0.82421875 0.6513671875 0.8515625 0.6572265625 0.875 0.6474609375 0.873046875 0.6279296875 0.8271484375 0.626953125 0.82421875 0.6513671875
0 0.490234375 0.6845703125 0.5 0.6435546875 0.4541015625 0.6328125 0.4453125 0.6650390625 0.490234375 0.6845703125
0 0.853515625 0.3857421875 0.87890625 0.3583984375 0.7900390625 0.267578125 0.791015625 0.3486328125 0.853515625 0.3857421875
0 0.78515625 0.7978515625 0.7509765625 0.79296875 0.7578125 0.8212890625 0.78515625 0.7978515625
0 0.7421875 0.8486328125 0.7529296875 0.888671875 0.802734375 0.8994140625 0.869140625 0.8447265625 0.8037109375 0.853515625 0.7626953125 0.8359375 0.7421875 0.8486328125