0 0.4345703125 0.09765625 0.4013671875 0.11328125 0.341796875 0.1787109375 0.439453125 0.2021484375 0.5009765625 0.185546875 0.529296875 0.1376953125 0.4599609375 0.12109375 0.4345703125 0.09765625
0 0.533203125 0.1240234375 0.556640625 0.0869140625 0.5556640625 0.048828125 0.51171875 0.0595703125 0.533203125 0.1240234375
0 0.62109375 0.0634765625 0.640625 0.0888671875 0.6328125 0.1240234375 0.662109375 0.1396484375 0.669921875 0.0595703125 0.697265625 0.0302734375 0.5751953125 0.037109375 0.62109375 0.0634765625
0 0.24609375 0.2978515625 0.25390625 0.2685546875 0.2314453125 0.2265625 0.197265625 0.2939453125 0.24609375 0.2978515625
0 0.318359375 0.2822265625 0.326171875 0.2548828125 0.2978515625 0.25 0.296875 0.2724609375 0.318359375 0.2822265625
0 0.47265625 0.2373046875 0.490234375 0.2490234375 0.5283203125 0.236328125 0.53125 0.2216796875 0.5029296875 0.2109375 0.47265625 0.2373046875
0 0.8896484375 0.142578125 0.791015625 0.1904296875 0.7978515625 0.21875 0.8662109375 0.228515625 0.916015625 0.2626953125 0.93359375 0.2236328125 0.88671875 0.1806640625 0.8984375 0.1630859375 0.8896484375 0.142578125
0 0.8369140625 0.412109375 0.8251953125 0.392578125 0.798828125 0.3876953125 0.779296875 0.3271484375 0.7568359375 0.3125 0.7099609375 0.3359375 0.6806640625 0.326171875 0.646484375 0.3701171875 0.673828125 0.4501953125 0.7197265625 0.443359375 0.72265625 0.5029296875 0.75 0.5068359375 0.7978515625 0.48828125 0.87890625 0.3798828125 0.8583984375 0.375 0.8369140625 0.412109375
0 0.6484375 0.5517578125 0.6240234375 0.544921875 0.572265625 0.6259765625 0.6591796875 0.65625 0.69140625 0.7060546875 0.7578125 0.6337890625 0.7236328125 0.6015625 0.6533203125 0.58984375 0.6484375 0.5517578125
0 0.0712890625 0.501953125 0.052734375 0.5986328125 0.158203125 0.6416015625 0.1796875 0.6220703125 0.150390625 0.5810546875 0.1640625 0.5400390625 0.0712890625 0.501953125
0 0.25 0.6220703125 0.26953125 0.6259765625 0.31640625 0.5595703125 0.2978515625 0.529296875 0.244140625 0.5576171875 0.25 0.6220703125
0 0.19921875 0.7568359375 0.193359375 0.7822265625 0.2197265625 0.8125 0.236328125 0.8115234375 0.310546875 0.7724609375 0.2822265625 0.734375 0.2216796875 0.73828125 0.19921875 0.7568359375
0 0.208984375 0.8720703125 0.2080078125 0.85546875 0.1220703125 0.83984375 0.099609375 0.8232421875 0.1083984375 0.814453125 0.08203125 0.8154296875 0.1728515625 0.900390625 0.22265625 0.9150390625 0.26953125 0.9013671875 0.1904296875 0.87890625 0.1962890625 0.861328125 0.208984375 0.8720703125
0 0.37109375 0.8017578125 0.3828125 0.8173828125 0.373046875 0.8447265625 0.396484375 0.8525390625 0.55078125 0.8134765625 0.5029296875 0.736328125 0.4306640625 0.74609375 0.37109375 0.8017578125
0 0.8671875 0.0595703125 0.86328125 0.0810546875 0.8818359375 0.10546875 0.935546875 0.1201171875 0.98828125 0.0966796875 0.9560546875 0.078125 0.9150390625 0.087890625 0.8671875 0.0595703125