0 0.7412109375 0.384765625 0.705078125 0.4072265625 0.7841796875 0.44140625 0.828125 0.4404296875 0.841796875 0.4267578125 0.8330078125 0.3984375 0.7861328125 0.404296875 0.7412109375 0.384765625
0 0.5390625 0.3779296875 0.5615234375 0.3984375 0.619140625 0.4033203125 0.6650390625 0.388671875 0.669921875 0.3642578125 0.5537109375 0.357421875 0.5390625 0.3779296875
0 0.341796875 0.5654296875 0.3603515625 0.587890625 0.39453125 0.5927734375 0.4287109375 0.58203125 0.43359375 0.5634765625 0.3779296875 0.546875 0.341796875 0.5654296875
0 0.5244140625 0.654296875 0.58984375 0.6728515625 0.607421875 0.6591796875 0.6005859375 0.640625 0.517578125 0.6240234375 0.5244140625 0.654296875
0 0.552734375 0.7373046875 0.59375 0.7080078125 0.5224609375 0.689453125 0.51953125 0.7177734375 0.552734375 0.7373046875
0 0.61328125 0.6103515625 0.640625 0.6162109375 0.66796875 0.5927734375 0.6552734375 0.572265625 0.609375 0.5830078125 0.61328125 0.6103515625
0 0.822265625 0.6259765625 0.869140625 0.6064453125 0.8212890625 0.595703125 0.810546875 0.6220703125 0.822265625 0.6259765625
0 0.8154296875 0.626953125 0.84375 0.6279296875 0.873046875 0.6064453125 0.8564453125 0.595703125 0.8125 0.6044921875 0.8154296875 0.626953125
0 0.8671875 0.6904296875 0.9013671875 0.6328125 0.8525390625 0.640625 0.8125 0.6748046875 0.8671875 0.6904296875
0 0.6171875 0.8720703125 0.587890625 0.8994140625 0.599609375 0.9033203125 0.78125 0.8056640625 0.5732421875 0.84375 0.5732421875 0.857421875 0.6171875 0.8720703125
0 0.244140625 0.7763671875 0.291015625 0.7373046875 0.2314453125 0.732421875 0.224609375 0.7646484375 0.244140625 0.7763671875
0 0.669921875 0.2861328125 0.66796875 0.3076171875 0.685546875 0.3134765625 0.716796875 0.2841796875 0.7119140625 0.267578125 0.6884765625 0.265625 0.669921875 0.2861328125
0 0.2509765625 0.484375 0.2099609375 0.513671875 0.19921875 0.5341796875 0.228515625 0.5439453125 0.2490234375 0.51953125 0.2822265625 0.513671875 0.2890625 0.4892578125 0.2509765625 0.484375