0 0.287109375 0.1962890625 0.400390625 0.2138671875 0.416015625 0.1923828125 0.3779296875 0.18359375 0.3583984375 0.146484375 0.287109375 0.1962890625
0 0.5546875 0.0986328125 0.5517578125 0.125 0.642578125 0.1591796875 0.669921875 0.1357421875 0.6416015625 0.09375 0.5908203125 0.0703125 0.5546875 0.0986328125
0 0.4609375 0.0244140625 0.3955078125 0.025390625 0.404296875 0.0556640625 0.361328125 0.1396484375 0.4736328125 0.138671875 0.515625 0.1708984375 0.544921875 0.1611328125 0.53515625 0.1435546875 0.546875 0.1357421875 0.4609375 0.0244140625
0 0.462890625 0.3466796875 0.46875 0.3095703125 0.3896484375 0.283203125 0.3388671875 0.298828125 0.330078125 0.3154296875 0.4140625 0.3642578125 0.3447265625 0.376953125 0.314453125 0.4091796875 0.40625 0.4306640625 0.451171875 0.4130859375 0.458984375 0.3837890625 0.4296875 0.3564453125 0.462890625 0.3466796875
0 0.626953125 0.2568359375 0.638671875 0.2373046875 0.6201171875 0.23046875 0.611328125 0.2529296875 0.626953125 0.2568359375
0 0.599609375 0.3251953125 0.638671875 0.2919921875 0.5947265625 0.271484375 0.505859375 0.2822265625 0.599609375 0.3251953125
0 0.466796875 0.2666015625 0.4638671875 0.2265625 0.390625 0.2353515625 0.4052734375 0.251953125 0.466796875 0.2666015625
0 0.765625 0.4189453125 0.8017578125 0.400390625 0.6552734375 0.392578125 0.59765625 0.4677734375 0.611328125 0.5087890625 0.6318359375 0.521484375 0.7001953125 0.544921875 0.828125 0.5556640625 0.86328125 0.4814453125 0.8173828125 0.443359375 0.765625 0.4365234375 0.765625 0.4189453125
0 0.1083984375 0.35546875 0.0908203125 0.35546875 0.0849609375 0.337890625 0.0517578125 0.353515625 0.064453125 0.3916015625 0.0859375 0.3955078125 0.1806640625 0.37109375 0.185546875 0.3408203125 0.1396484375 0.328125 0.1083984375 0.35546875
0 0.2509765625 0.490234375 0.2333984375 0.455078125 0.2021484375 0.451171875 0.1025390625 0.4609375 0.07421875 0.5009765625 0.0908203125 0.517578125 0.2158203125 0.52734375 0.2294921875 0.509765625 0.26953125 0.5263671875 0.3076171875 0.515625 0.326171875 0.4853515625 0.3095703125 0.4765625 0.2509765625 0.490234375
0 0.2373046875 0.55859375 0.17578125 0.5673828125 0.220703125 0.5869140625 0.2373046875 0.55859375
0 0.18359375 0.5771484375 0.1611328125 0.572265625 0.181640625 0.5947265625 0.18359375 0.5771484375
0 0.1767578125 0.59765625 0.1455078125 0.60546875 0.0986328125 0.57421875 0.1484375 0.6455078125 0.1552734375 0.62890625 0.1845703125 0.625 0.1875 0.6083984375 0.1767578125 0.59765625
0 0.306640625 0.6162109375 0.359375 0.6064453125 0.3564453125 0.5625 0.330078125 0.5673828125 0.306640625 0.6162109375
0 0.365234375 0.5185546875 0.3701171875 0.5390625 0.447265625 0.5458984375 0.4482421875 0.416015625 0.392578125 0.4326171875 0.384765625 0.4912109375 0.365234375 0.5185546875
0 0.171875 0.7060546875 0.1982421875 0.73828125 0.2265625 0.7451171875 0.2783203125 0.740234375 0.291015625 0.6923828125 0.1748046875 0.6796875 0.171875 0.7060546875
0 0.4052734375 0.771484375 0.296875 0.7919921875 0.3095703125 0.845703125 0.3232421875 0.830078125 0.314453125 0.8447265625 0.3388671875 0.84765625 0.3369140625 0.86328125 0.390625 0.8720703125 0.373046875 0.8642578125 0.390625 0.8583984375 0.4140625 0.7939453125 0.4052734375 0.771484375
0 0.291015625 0.6376953125 0.3017578125 0.66796875 0.337890625 0.6689453125 0.36328125 0.6611328125 0.3564453125 0.595703125 0.3115234375 0.607421875 0.291015625 0.6376953125
0 0.37890625 0.7138671875 0.416015625 0.7294921875 0.43359375 0.7216796875 0.421875 0.6884765625 0.3779296875 0.68359375 0.37890625 0.7138671875
0 0.7861328125 0.697265625 0.8515625 0.7060546875 0.865234375 0.6982421875 0.8408203125 0.671875 0.787109375 0.6533203125 0.7861328125 0.697265625
0 0.755859375 0.6162109375 0.7470703125 0.58203125 0.720703125 0.5888671875 0.7216796875 0.611328125 0.755859375 0.6162109375
0 0.650390625 0.8896484375 0.693359375 0.9326171875 0.74609375 0.9013671875 0.740234375 0.8720703125 0.7138671875 0.857421875 0.650390625 0.8896484375
0 0.2314453125 0.236328125 0.234375 0.3056640625 0.259765625 0.3115234375 0.2890625 0.3037109375 0.26953125 0.2744140625 0.294921875 0.2568359375 0.2314453125 0.236328125