0 0.6630859375 0.376953125 0.703125 0.3427734375 0.673828125 0.2900390625 0.6953125 0.1904296875 0.728515625 0.1455078125 0.716796875 0.1142578125 0.64453125 0.0595703125 0.6572265625 0.0234375 0.6298828125 0.01953125 0.6064453125 0.044921875 0.5517578125 0.064453125 0.5107421875 0.052734375 0.4853515625 0.083984375 0.3193359375 0.154296875 0.26953125 0.1962890625 0.271484375 0.2470703125 0.2470703125 0.25 0.224609375 0.2900390625 0.28515625 0.3505859375 0.216796875 0.4345703125 0.220703125 0.4873046875 0.244140625 0.5146484375 0.2705078125 0.513671875 0.25 0.5029296875 0.2861328125 0.482421875 0.2958984375 0.4921875 0.2998046875 0.46875 0.3427734375 0.453125 0.3701171875 0.419921875 0.38671875 0.4267578125 0.40625 0.4736328125 0.40234375 0.4990234375 0.3349609375 0.5 0.32421875 0.5419921875 0.3623046875 0.564453125 0.47265625 0.5654296875 0.5908203125 0.5546875 0.572265625 0.4111328125 0.5888671875 0.390625 0.6630859375 0.376953125
0 0.265625 0.2470703125 0.2470703125 0.236328125 0.2373046875 0.251953125 0.2314453125 0.23828125 0.1669921875 0.28515625 0.14453125 0.3232421875 0.150390625 0.3564453125 0.2314453125 0.3203125 0.2548828125 0.328125 0.234375 0.2900390625 0.265625 0.2470703125
0 0.6025390625 0.48046875 0.65234375 0.4970703125 0.69140625 0.4716796875 0.6396484375 0.44921875 0.60546875 0.4619140625 0.6025390625 0.48046875
0 0.8251953125 0.318359375 0.8701171875 0.314453125 0.896484375 0.3330078125 0.8388671875 0.255859375 0.791015625 0.2666015625 0.818359375 0.2861328125 0.8251953125 0.318359375
0 0.927734375 0.4873046875 0.943359375 0.4794921875 0.9306640625 0.41796875 0.88671875 0.4716796875 0.927734375 0.4873046875
0 0.9482421875 0.533203125 0.875 0.6455078125 0.9296875 0.6572265625 0.9482421875 0.533203125
0 0.71875 0.7763671875 0.748046875 0.7392578125 0.6923828125 0.716796875 0.6533203125 0.73828125 0.623046875 0.7861328125 0.6279296875 0.8046875 0.6669921875 0.81640625 0.673828125 0.8408203125 0.69140625 0.8447265625 0.8115234375 0.8125 0.837890625 0.7763671875 0.7294921875 0.783203125 0.71875 0.7763671875
0 0.828125 0.6884765625 0.8359375 0.6533203125 0.7939453125 0.638671875 0.80078125 0.6787109375 0.828125 0.6884765625
0 0.6806640625 0.4921875 0.69140625 0.4697265625 0.6220703125 0.44921875 0.59765625 0.4814453125 0.62890625 0.5087890625 0.5908203125 0.51171875 0.583984375 0.5537109375 0.658203125 0.5810546875 0.6953125 0.5712890625 0.6640625 0.5556640625 0.646484375 0.5048828125 0.6806640625 0.4921875
0 0.3759765625 0.7265625 0.37890625 0.7099609375 0.359375 0.7041015625 0.3671875 0.6923828125 0.3486328125 0.673828125 0.3408203125 0.6875 0.3125 0.6826171875 0.30859375 0.6240234375 0.203125 0.4814453125 0.21484375 0.4716796875 0.203125 0.4658203125 0.212890625 0.4560546875 0.201171875 0.4521484375 0.2021484375 0.421875 0.0869140625 0.421875 0.08203125 0.4638671875 0.0546875 0.5087890625 0.0625 0.5771484375 0.044921875 0.6376953125 0.083984375 0.6728515625 0.1025390625 0.734375 0.1552734375 0.759765625 0.21875 0.7626953125 0.2412109375 0.759765625 0.2763671875 0.720703125 0.3583984375 0.728515625 0.3759765625 0.7265625
0 0.40625 0.6337890625 0.380859375 0.6083984375 0.408203125 0.5888671875 0.392578125 0.5810546875 0.404296875 0.5751953125 0.3408203125 0.55859375 0.3095703125 0.509765625 0.2373046875 0.513671875 0.26171875 0.5712890625 0.24609375 0.6279296875 0.291015625 0.6630859375 0.2939453125 0.689453125 0.373046875 0.7041015625 0.4052734375 0.67578125 0.408203125 0.7001953125 0.421875 0.6943359375 0.40625 0.6337890625
0 0.4873046875 0.748046875 0.486328125 0.8056640625 0.515625 0.8173828125 0.521484375 0.7939453125 0.505859375 0.7705078125 0.517578125 0.7529296875 0.4873046875 0.748046875
0 0.447265625 0.8349609375 0.47265625 0.8583984375 0.5166015625 0.857421875 0.529296875 0.8330078125 0.4814453125 0.810546875 0.447265625 0.8349609375
0 0.3955078125 0.87109375 0.2470703125 0.76171875 0.169921875 0.7724609375 0.18359375 0.8095703125 0.2470703125 0.859375 0.3623046875 0.91796875 0.45703125 0.9423828125 0.4921875 0.8759765625 0.4443359375 0.830078125 0.4345703125 0.875 0.3955078125 0.87109375
0 0.525390625 0.7939453125 0.546875 0.7763671875 0.5400390625 0.75390625 0.494140625 0.7763671875 0.525390625 0.7939453125