0 0.119140625 0.2958984375 0.1083984375 0.271484375 0.060546875 0.2841796875 0.05859375 0.3271484375 0.03125 0.3701171875 0.05859375 0.3798828125 0.0546875 0.4501953125 0.0703125 0.4404296875 0.087890625 0.3720703125 0.083984375 0.3232421875 0.119140625 0.2958984375
0 0.3017578125 0.45703125 0.263671875 0.4560546875 0.279296875 0.4814453125 0.2392578125 0.525390625 0.369140625 0.5458984375 0.375 0.5205078125 0.3564453125 0.498046875 0.2998046875 0.48046875 0.3017578125 0.45703125
0 0.14453125 0.5615234375 0.1640625 0.5126953125 0.1044921875 0.51171875 0.111328125 0.5400390625 0.14453125 0.5615234375
0 0.1953125 0.3916015625 0.1640625 0.3798828125 0.1875 0.3759765625 0.1650390625 0.373046875 0.1640625 0.3544921875 0.1484375 0.3505859375 0.158203125 0.3447265625 0.1298828125 0.322265625 0.08203125 0.3330078125 0.068359375 0.4169921875 0.0859375 0.4501953125 0.203125 0.4287109375 0.171875 0.4091796875 0.1923828125 0.40625 0.1953125 0.3916015625
0 0.2001953125 0.123046875 0.197265625 0.1416015625 0.2451171875 0.123046875 0.248046875 0.1083984375 0.140625 0.1103515625 0.2001953125 0.123046875
0 0.2109375 0.1748046875 0.224609375 0.1572265625 0.1904296875 0.1484375 0.1875 0.1748046875 0.2109375 0.1748046875
0 0.5947265625 0.3125 0.6328125 0.3134765625 0.642578125 0.2900390625 0.6181640625 0.26171875 0.5859375 0.2783203125 0.5947265625 0.3125
0 0.509765625 0.4287109375 0.54296875 0.3955078125 0.4736328125 0.375 0.46484375 0.4189453125 0.509765625 0.4287109375
0 0.734375 0.3115234375 0.736328125 0.2841796875 0.7158203125 0.283203125 0.7109375 0.3017578125 0.734375 0.3115234375
0 0.7568359375 0.40625 0.7890625 0.4111328125 0.80078125 0.4033203125 0.7919921875 0.384765625 0.755859375 0.3837890625 0.7568359375 0.40625
0 0.7001953125 0.546875 0.767578125 0.5615234375 0.78515625 0.5322265625 0.7763671875 0.501953125 0.6953125 0.5068359375 0.7001953125 0.546875
0 0.501953125 0.6416015625 0.5419921875 0.685546875 0.580078125 0.6884765625 0.591796875 0.6806640625 0.568359375 0.6376953125 0.5068359375 0.60546875 0.501953125 0.6416015625
0 0.6279296875 0.796875 0.6796875 0.8076171875 0.6728515625 0.76953125 0.6494140625 0.763671875 0.626953125 0.7783203125 0.6279296875 0.796875
0 0.4990234375 0.76953125 0.4638671875 0.765625 0.40234375 0.7919921875 0.4404296875 0.814453125 0.5498046875 0.814453125 0.59375 0.8349609375 0.5947265625 0.794921875 0.5537109375 0.80859375 0.5458984375 0.783203125 0.4990234375 0.76953125
0 0.5712890625 0.865234375 0.712890625 0.8759765625 0.7080078125 0.8515625 0.5703125 0.8388671875 0.58203125 0.8525390625 0.5712890625 0.865234375
0 0.8857421875 0.716796875 0.8359375 0.7529296875 0.939453125 0.7998046875 0.962890625 0.7412109375 0.9560546875 0.701171875 0.9345703125 0.734375 0.8857421875 0.716796875
0 0.6875 0.6787109375 0.6826171875 0.646484375 0.619140625 0.6376953125 0.6201171875 0.66015625 0.6875 0.6787109375
0 0.22265625 0.6416015625 0.2431640625 0.59375 0.1640625 0.5966796875 0.1689453125 0.62109375 0.22265625 0.6416015625
0 0.314453125 0.6162109375 0.2978515625 0.611328125 0.3125 0.6337890625 0.314453125 0.6162109375