0 0.5654296875 0.33984375 0.564453125 0.3662109375 0.591796875 0.3818359375 0.6533203125 0.365234375 0.66796875 0.3408203125 0.6455078125 0.326171875 0.5654296875 0.33984375
0 0.2607421875 0.388671875 0.25 0.4306640625 0.2734375 0.4345703125 0.3427734375 0.4296875 0.376953125 0.4111328125 0.3349609375 0.384765625 0.2607421875 0.388671875
0 0.189453125 0.5439453125 0.232421875 0.5166015625 0.1650390625 0.5078125 0.1640625 0.5283203125 0.189453125 0.5439453125
0 0.54296875 0.5673828125 0.564453125 0.5869140625 0.5576171875 0.62890625 0.5966796875 0.615234375 0.64453125 0.6357421875 0.6640625 0.6142578125 0.6533203125 0.591796875 0.5810546875 0.556640625 0.54296875 0.5673828125
0 0.751953125 0.3408203125 0.779296875 0.3466796875 0.810546875 0.3330078125 0.7919921875 0.279296875 0.75390625 0.3076171875 0.751953125 0.3408203125
0 0.865234375 0.3955078125 0.8125 0.4423828125 0.826171875 0.4599609375 0.8994140625 0.421875 0.939453125 0.4189453125 0.8837890625 0.35546875 0.865234375 0.3955078125
0 0.7607421875 0.501953125 0.701171875 0.5224609375 0.748046875 0.5263671875 0.7607421875 0.501953125
0 0.533203125 0.4345703125 0.5498046875 0.451171875 0.611328125 0.4541015625 0.61328125 0.4287109375 0.5654296875 0.40625 0.5458984375 0.41015625 0.533203125 0.4345703125
0 0.6220703125 0.45703125 0.58984375 0.4736328125 0.625 0.4853515625 0.6220703125 0.45703125
0 0.24609375 0.7705078125 0.275390625 0.7529296875 0.2451171875 0.744140625 0.212890625 0.7587890625 0.24609375 0.7705078125
0 0.5458984375 0.791015625 0.583984375 0.7998046875 0.599609375 0.7822265625 0.5908203125 0.751953125 0.5390625 0.7724609375 0.5458984375 0.791015625
0 0.5673828125 0.61328125 0.5625 0.6572265625 0.5859375 0.6650390625 0.6318359375 0.65234375 0.654296875 0.6123046875 0.6123046875 0.595703125 0.5673828125 0.61328125
0 0.794921875 0.7021484375 0.8203125 0.7158203125 0.828125 0.6884765625 0.810546875 0.6591796875 0.7685546875 0.65625 0.794921875 0.7021484375
0 0.873046875 0.7373046875 0.916015625 0.7119140625 0.8603515625 0.703125 0.830078125 0.7197265625 0.873046875 0.7373046875
0 0.693359375 0.6728515625 0.701171875 0.6455078125 0.6904296875 0.634765625 0.677734375 0.6630859375 0.693359375 0.6728515625
0 0.1865234375 0.57421875 0.16015625 0.5810546875 0.189453125 0.5947265625 0.1865234375 0.57421875
0 0.228515625 0.6220703125 0.24609375 0.6083984375 0.189453125 0.5966796875 0.2060546875 0.619140625 0.228515625 0.6220703125
0 0.2861328125 0.666015625 0.271484375 0.6669921875 0.279296875 0.6884765625 0.2861328125 0.666015625
0 0.20703125 0.2548828125 0.197265625 0.2958984375 0.248046875 0.3037109375 0.275390625 0.2705078125 0.2646484375 0.251953125 0.2236328125 0.244140625 0.20703125 0.2548828125
0 0.3984375 0.2216796875 0.419921875 0.1904296875 0.3818359375 0.18359375 0.375 0.2177734375 0.3984375 0.2216796875
0 0.3916015625 0.486328125 0.419921875 0.4853515625 0.4375 0.4755859375 0.4345703125 0.455078125 0.373046875 0.4658203125 0.3916015625 0.486328125