0 0.1875 0.2099609375 0.205078125 0.2431640625 0.248046875 0.2705078125 0.302734375 0.2529296875 0.294921875 0.2080078125 0.1962890625 0.19140625 0.1875 0.2099609375
0 0.23046875 0.1162109375 0.232421875 0.1357421875 0.2734375 0.1630859375 0.30078125 0.1513671875 0.3056640625 0.09765625 0.2470703125 0.1015625 0.23046875 0.1162109375
0 0.37890625 0.3251953125 0.40625 0.3466796875 0.447265625 0.3115234375 0.4189453125 0.2890625 0.3779296875 0.291015625 0.37890625 0.3251953125
0 0.3974609375 0.013671875 0.35546875 0.0185546875 0.40625 0.0380859375 0.3974609375 0.013671875
0 0.392578125 0.0966796875 0.4248046875 0.125 0.5166015625 0.15625 0.564453125 0.1572265625 0.4384765625 0.10546875 0.39453125 0.0419921875 0.3828125 0.0439453125 0.392578125 0.0966796875
0 0.134765625 0.2529296875 0.1787109375 0.31640625 0.232421875 0.3212890625 0.236328125 0.2724609375 0.2138671875 0.251953125 0.2021484375 0.265625 0.134765625 0.2529296875
0 0.1826171875 0.36328125 0.244140625 0.3642578125 0.2578125 0.3447265625 0.2236328125 0.30078125 0.1640625 0.3330078125 0.1826171875 0.36328125
0 0.236328125 0.5380859375 0.2392578125 0.572265625 0.294921875 0.5791015625 0.3046875 0.5634765625 0.2919921875 0.544921875 0.2626953125 0.529296875 0.236328125 0.5380859375
0 0.443359375 0.5732421875 0.4462890625 0.544921875 0.390625 0.5439453125 0.4013671875 0.572265625 0.443359375 0.5732421875
0 0.5302734375 0.359375 0.51953125 0.3779296875 0.529296875 0.4052734375 0.572265625 0.4326171875 0.591796875 0.4072265625 0.5859375 0.3759765625 0.5576171875 0.353515625 0.5302734375 0.359375
0 0.498046875 0.4814453125 0.517578125 0.4619140625 0.5107421875 0.431640625 0.470703125 0.4599609375 0.498046875 0.4814453125
0 0.7578125 0.4541015625 0.77734375 0.4228515625 0.7373046875 0.376953125 0.6943359375 0.357421875 0.6474609375 0.36328125 0.638671875 0.4150390625 0.60546875 0.4716796875 0.6611328125 0.484375 0.7119140625 0.46875 0.673828125 0.5126953125 0.6787109375 0.533203125 0.708984375 0.5361328125 0.7431640625 0.51953125 0.7822265625 0.5234375 0.796875 0.4716796875 0.7578125 0.4541015625
0 0.4453125 0.5771484375 0.4482421875 0.544921875 0.392578125 0.5419921875 0.4033203125 0.576171875 0.4453125 0.5771484375
0 0.50390625 0.5791015625 0.513671875 0.5498046875 0.4892578125 0.533203125 0.482421875 0.5615234375 0.50390625 0.5791015625
0 0.38671875 0.6923828125 0.408203125 0.6982421875 0.45703125 0.6611328125 0.4609375 0.6416015625 0.3623046875 0.607421875 0.38671875 0.6923828125
0 0.587890625 0.7041015625 0.607421875 0.6279296875 0.5439453125 0.62890625 0.55859375 0.6923828125 0.587890625 0.7041015625
0 0.490234375 0.7333984375 0.5 0.7431640625 0.556640625 0.7275390625 0.5380859375 0.705078125 0.5087890625 0.70703125 0.490234375 0.7333984375
0 0.845703125 0.6181640625 0.7001953125 0.564453125 0.68359375 0.5830078125 0.693359375 0.6083984375 0.662109375 0.6376953125 0.71875 0.6494140625 0.7392578125 0.62890625 0.7958984375 0.630859375 0.8154296875 0.646484375 0.845703125 0.6181640625
0 0.7724609375 0.689453125 0.748046875 0.7138671875 0.751953125 0.7373046875 0.7978515625 0.751953125 0.8046875 0.7802734375 0.822265625 0.7880859375 0.84375 0.7373046875 0.814453125 0.7294921875 0.8095703125 0.685546875 0.7724609375 0.689453125
0 0.896484375 0.7958984375 0.912109375 0.8037109375 0.9521484375 0.79296875 0.955078125 0.7744140625 0.8974609375 0.767578125 0.896484375 0.7958984375
0 0.3115234375 0.794921875 0.341796875 0.7958984375 0.35546875 0.7861328125 0.3427734375 0.765625 0.298828125 0.7685546875 0.3115234375 0.794921875
0 0.466796875 0.8544921875 0.4638671875 0.828125 0.4375 0.8310546875 0.4404296875 0.853515625 0.466796875 0.8544921875
0 0.453125 0.9267578125 0.4765625 0.9345703125 0.505859375 0.9150390625 0.4853515625 0.900390625 0.4541015625 0.90625 0.453125 0.9267578125
0 0.59765625 0.8330078125 0.611328125 0.8232421875 0.5869140625 0.80078125 0.576171875 0.8251953125 0.59765625 0.8330078125
0 0.2265625 0.4208984375 0.234375 0.3935546875 0.2060546875 0.390625 0.19921875 0.4111328125 0.2265625 0.4208984375
0 0.8564453125 0.890625 0.849609375 0.8798828125 0.8896484375 0.875 0.8935546875 0.892578125 0.9091796875 0.890625 0.90625 0.8662109375 0.8154296875 0.826171875 0.7431640625 0.85546875 0.7109375 0.9306640625 0.7421875 0.9404296875 0.8388671875 0.93359375 0.87109375 0.9052734375 0.86328125 0.8798828125 0.8564453125 0.890625
0 0.9462890625 0.822265625 0.884765625 0.8525390625 0.921875 0.8818359375 0.9462890625 0.822265625