0 0.5029296875 0.11328125 0.4599609375 0.12109375 0.44140625 0.1455078125 0.49609375 0.2021484375 0.517578125 0.1689453125 0.49609375 0.1455078125 0.537109375 0.1396484375 0.5029296875 0.11328125
0 0.40625 0.2314453125 0.4296875 0.1982421875 0.3701171875 0.171875 0.3671875 0.2294921875 0.40625 0.2314453125
0 0.28125 0.2470703125 0.3125 0.3056640625 0.35546875 0.2744140625 0.349609375 0.2470703125 0.3232421875 0.228515625 0.28125 0.2470703125
0 0.3583984375 0.40625 0.388671875 0.3701171875 0.3349609375 0.373046875 0.2822265625 0.345703125 0.2509765625 0.353515625 0.25390625 0.3935546875 0.2177734375 0.408203125 0.19921875 0.4462890625 0.220703125 0.4599609375 0.2548828125 0.4375 0.3271484375 0.451171875 0.296875 0.4111328125 0.3583984375 0.40625
0 0.3134765625 0.55859375 0.38671875 0.5732421875 0.3544921875 0.5234375 0.3115234375 0.51171875 0.2890625 0.5224609375 0.3134765625 0.55859375
0 0.375 0.5888671875 0.3837890625 0.61328125 0.443359375 0.6298828125 0.486328125 0.5986328125 0.4716796875 0.580078125 0.4326171875 0.56640625 0.375 0.5888671875
0 0.4765625 0.5146484375 0.4833984375 0.482421875 0.423828125 0.4755859375 0.4248046875 0.498046875 0.4765625 0.5146484375
0 0.560546875 0.3662109375 0.607421875 0.3525390625 0.5908203125 0.3046875 0.5234375 0.3154296875 0.560546875 0.3662109375
0 0.6669921875 0.40625 0.6279296875 0.3671875 0.623046875 0.4091796875 0.5849609375 0.435546875 0.5205078125 0.416015625 0.505859375 0.4521484375 0.5556640625 0.50390625 0.591796875 0.5087890625 0.6455078125 0.46484375 0.7333984375 0.44140625 0.732421875 0.4130859375 0.6669921875 0.40625
0 0.537109375 0.2197265625 0.5712890625 0.240234375 0.6279296875 0.2421875 0.6337890625 0.275390625 0.6796875 0.2841796875 0.673828125 0.3115234375 0.6865234375 0.322265625 0.755859375 0.3466796875 0.73046875 0.3740234375 0.7607421875 0.384765625 0.7666015625 0.408203125 0.7890625 0.4091796875 0.822265625 0.4013671875 0.6435546875 0.2109375 0.5849609375 0.197265625 0.537109375 0.2197265625
0 0.3583984375 0.833984375 0.412109375 0.8408203125 0.41796875 0.8310546875 0.3701171875 0.796875 0.35546875 0.8056640625 0.3583984375 0.833984375
0 0.51953125 0.8603515625 0.6875 0.8955078125 0.6923828125 0.87890625 0.5732421875 0.857421875 0.5556640625 0.83984375 0.51953125 0.8603515625
0 0.7841796875 0.78125 0.826171875 0.7841796875 0.8154296875 0.828125 0.8564453125 0.822265625 0.900390625 0.7373046875 0.921875 0.5732421875 0.8759765625 0.5390625 0.8447265625 0.5390625 0.82421875 0.5634765625 0.8056640625 0.6484375 0.7763671875 0.650390625 0.751953125 0.6337890625 0.7470703125 0.609375 0.6591796875 0.603515625 0.60546875 0.6494140625 0.6796875 0.7783203125 0.7548828125 0.84765625 0.78125 0.8525390625 0.796875 0.8466796875 0.7587890625 0.8359375 0.751953125 0.8154296875 0.7841796875 0.78125
0 0.8818359375 0.47265625 0.841796875 0.5244140625 0.9140625 0.5576171875 0.8818359375 0.47265625
0 0.697265625 0.5947265625 0.728515625 0.5712890625 0.6826171875 0.564453125 0.67578125 0.5810546875 0.697265625 0.5947265625
0 0.796875 0.5595703125 0.806640625 0.5380859375 0.7861328125 0.53125 0.771484375 0.5537109375 0.796875 0.5595703125
0 0.8134765625 0.583984375 0.7734375 0.5849609375 0.8046875 0.6123046875 0.8134765625 0.583984375
0 0.8330078125 0.4609375 0.876953125 0.4755859375 0.888671875 0.4658203125 0.8701171875 0.435546875 0.822265625 0.4228515625 0.8330078125 0.4609375
0 0.6474609375 0.5625 0.626953125 0.5634765625 0.64453125 0.5751953125 0.6474609375 0.5625
0 0.654296875 0.5322265625 0.666015625 0.5400390625 0.703125 0.5224609375 0.6943359375 0.50390625 0.66796875 0.5068359375 0.654296875 0.5322265625