0 0.75 0.1279296875 0.6875 0.0830078125 0.6748046875 0.046875 0.6083984375 0.060546875 0.6025390625 0.095703125 0.5283203125 0.111328125 0.52734375 0.1396484375 0.4921875 0.1650390625 0.5859375 0.2001953125 0.6083984375 0.181640625 0.7294921875 0.177734375 0.7578125 0.1552734375 0.75 0.1279296875
0 0.1298828125 0.501953125 0.21484375 0.5185546875 0.21484375 0.4931640625 0.1962890625 0.474609375 0.12890625 0.4716796875 0.1298828125 0.501953125
0 0.24609375 0.3095703125 0.2587890625 0.326171875 0.31640625 0.3251953125 0.330078125 0.3193359375 0.3212890625 0.287109375 0.2822265625 0.28515625 0.24609375 0.3095703125
0 0.4443359375 0.271484375 0.498046875 0.2705078125 0.544921875 0.2587890625 0.4970703125 0.234375 0.4375 0.2548828125 0.4443359375 0.271484375
0 0.46875 0.3212890625 0.501953125 0.3369140625 0.5341796875 0.328125 0.556640625 0.2861328125 0.4794921875 0.298828125 0.46875 0.3212890625
0 0.7060546875 0.228515625 0.67578125 0.2412109375 0.697265625 0.2529296875 0.7060546875 0.228515625
0 0.6328125 0.3037109375 0.666015625 0.2900390625 0.6689453125 0.255859375 0.607421875 0.2568359375 0.6328125 0.3037109375
0 0.662109375 0.4287109375 0.65625 0.4013671875 0.689453125 0.3759765625 0.6220703125 0.310546875 0.59765625 0.3271484375 0.60546875 0.4013671875 0.6103515625 0.390625 0.62109375 0.4013671875 0.6015625 0.4072265625 0.6015625 0.4306640625 0.580078125 0.4462890625 0.609375 0.4912109375 0.59765625 0.5439453125 0.61328125 0.5439453125 0.669921875 0.5146484375 0.6484375 0.4560546875 0.693359375 0.4443359375 0.662109375 0.4287109375
0 0.736328125 0.3095703125 0.765625 0.3310546875 0.8095703125 0.3125 0.82421875 0.2783203125 0.7841796875 0.279296875 0.736328125 0.3095703125
0 0.798828125 0.4501953125 0.818359375 0.4189453125 0.8017578125 0.3828125 0.775390625 0.4326171875 0.798828125 0.4501953125
0 0.83203125 0.3740234375 0.8671875 0.3525390625 0.8642578125 0.326171875 0.833984375 0.3388671875 0.83203125 0.3740234375
0 0.744140625 0.5009765625 0.71484375 0.5732421875 0.765625 0.5576171875 0.791015625 0.5029296875 0.7802734375 0.482421875 0.744140625 0.5009765625
0 0.6455078125 0.482421875 0.6279296875 0.501953125 0.611328125 0.4990234375 0.5908203125 0.546875 0.56640625 0.5419921875 0.58203125 0.5283203125 0.5634765625 0.517578125 0.5390625 0.5224609375 0.55859375 0.5517578125 0.548828125 0.5615234375 0.58984375 0.5830078125 0.5625 0.5888671875 0.5888671875 0.58984375 0.5947265625 0.6171875 0.626953125 0.6201171875 0.640625 0.6044921875 0.595703125 0.5517578125 0.662109375 0.5224609375 0.6455078125 0.482421875
0 0.6142578125 0.638671875 0.51171875 0.6904296875 0.5498046875 0.740234375 0.576171875 0.7412109375 0.64453125 0.6767578125 0.638671875 0.6513671875 0.6748046875 0.630859375 0.6142578125 0.638671875
0 0.3076171875 0.517578125 0.2890625 0.5556640625 0.310546875 0.5634765625 0.3486328125 0.5546875 0.373046875 0.5068359375 0.3427734375 0.498046875 0.3076171875 0.517578125
0 0.17578125 0.6923828125 0.1337890625 0.640625 0.109375 0.6650390625 0.1220703125 0.689453125 0.17578125 0.6923828125
0 0.294921875 0.6943359375 0.392578125 0.6689453125 0.3076171875 0.638671875 0.251953125 0.6787109375 0.294921875 0.6943359375
0 0.4072265625 0.68359375 0.3876953125 0.658203125 0.39453125 0.6904296875 0.373046875 0.7470703125 0.4052734375 0.77734375 0.439453125 0.7783203125 0.46484375 0.7333984375 0.45703125 0.6865234375 0.4365234375 0.673828125 0.4072265625 0.68359375
0 0.3427734375 0.798828125 0.2900390625 0.814453125 0.259765625 0.8310546875 0.259765625 0.8486328125 0.2939453125 0.857421875 0.31640625 0.8857421875 0.25 0.9013671875 0.275390625 0.9384765625 0.3564453125 0.908203125 0.4228515625 0.908203125 0.435546875 0.8701171875 0.3427734375 0.798828125
0 0.435546875 0.8583984375 0.44140625 0.7802734375 0.3837890625 0.759765625 0.37109375 0.8154296875 0.435546875 0.8583984375
0 0.4921875 0.7353515625 0.494140625 0.8330078125 0.51953125 0.8564453125 0.556640625 0.7958984375 0.55078125 0.7392578125 0.5283203125 0.71484375 0.4921875 0.7353515625
0 0.5068359375 0.375 0.486328125 0.3779296875 0.501953125 0.3916015625 0.5068359375 0.375
0 0.5400390625 0.421875 0.521484375 0.4443359375 0.537109375 0.4560546875 0.5400390625 0.421875