0 0.5126953125 0.302734375 0.4404296875 0.314453125 0.4248046875 0.28125 0.3935546875 0.2890625 0.3720703125 0.326171875 0.2646484375 0.296875 0.21875 0.3232421875 0.2373046875 0.345703125 0.3076171875 0.365234375 0.3349609375 0.3984375 0.4208984375 0.388671875 0.55078125 0.4150390625 0.6015625 0.3876953125 0.6220703125 0.32421875 0.5615234375 0.330078125 0.5126953125 0.302734375
0 0.623046875 0.3193359375 0.646484375 0.3232421875 0.69140625 0.2939453125 0.6630859375 0.28515625 0.6279296875 0.302734375 0.623046875 0.3193359375
0 0.712890625 0.1923828125 0.7421875 0.1318359375 0.7138671875 0.123046875 0.671875 0.1650390625 0.712890625 0.1923828125
0 0.7060546875 0.224609375 0.7109375 0.2041015625 0.6513671875 0.203125 0.650390625 0.1630859375 0.6083984375 0.142578125 0.5498046875 0.14453125 0.54296875 0.1630859375 0.572265625 0.1806640625 0.533203125 0.2158203125 0.56640625 0.2431640625 0.6337890625 0.2109375 0.63671875 0.2314453125 0.6611328125 0.240234375 0.7060546875 0.224609375
0 0.421875 0.2763671875 0.439453125 0.2822265625 0.48046875 0.2587890625 0.4833984375 0.2265625 0.423828125 0.2353515625 0.421875 0.2763671875
0 0.8427734375 0.2109375 0.76171875 0.2275390625 0.7783203125 0.2578125 0.828125 0.2607421875 0.8505859375 0.244140625 0.8759765625 0.25 0.87890625 0.2255859375 0.8427734375 0.2109375
0 0.818359375 0.1923828125 0.8828125 0.1513671875 0.8564453125 0.1484375 0.794921875 0.1884765625 0.818359375 0.1923828125
0 0.794921875 0.3818359375 0.8828125 0.3916015625 0.9296875 0.3583984375 0.9189453125 0.3203125 0.8310546875 0.345703125 0.794921875 0.3818359375
0 0.685546875 0.4482421875 0.6630859375 0.4375 0.6123046875 0.4375 0.5927734375 0.4609375 0.5048828125 0.46484375 0.486328125 0.4814453125 0.5068359375 0.494140625 0.5751953125 0.48828125 0.6376953125 0.533203125 0.681640625 0.5380859375 0.759765625 0.4931640625 0.6962890625 0.494140625 0.673828125 0.4755859375 0.685546875 0.4482421875
0 0.8427734375 0.5625 0.587890625 0.6943359375 0.6376953125 0.748046875 0.69140625 0.7568359375 0.84765625 0.6845703125 0.822265625 0.6083984375 0.849609375 0.5791015625 0.8427734375 0.5625
0 0.357421875 0.5673828125 0.38671875 0.5771484375 0.3984375 0.5732421875 0.392578125 0.5537109375 0.3623046875 0.5390625 0.357421875 0.5673828125
0 0.314453125 0.6806640625 0.3310546875 0.7109375 0.369140625 0.7158203125 0.4130859375 0.712890625 0.427734375 0.6923828125 0.3896484375 0.66796875 0.314453125 0.6806640625
0 0.126953125 0.6357421875 0.1455078125 0.677734375 0.21484375 0.7001953125 0.23828125 0.6806640625 0.2158203125 0.6328125 0.1689453125 0.623046875 0.126953125 0.6357421875
0 0.2021484375 0.83984375 0.16796875 0.8544921875 0.1962890625 0.88671875 0.306640625 0.9306640625 0.32421875 0.8994140625 0.2890625 0.8701171875 0.2822265625 0.84375 0.2021484375 0.83984375
0 0.48046875 0.8310546875 0.537109375 0.8720703125 0.54296875 0.8037109375 0.5126953125 0.791015625 0.4736328125 0.802734375 0.48046875 0.8310546875
0 0.634765625 0.9033203125 0.6376953125 0.916015625 0.6796875 0.9228515625 0.8330078125 0.861328125 0.8984375 0.8154296875 0.6923828125 0.83203125 0.634765625 0.9033203125
0 0.8837890625 0.80859375 0.7890625 0.8193359375 0.8466796875 0.8359375 0.833984375 0.8525390625 0.84375 0.8544921875 0.9072265625 0.826171875 0.99609375 0.7412109375 0.9482421875 0.755859375 0.8837890625 0.80859375
0 0.44140625 0.1181640625 0.46875 0.1103515625 0.4677734375 0.0859375 0.419921875 0.1044921875 0.44140625 0.1181640625
0 0.353515625 0.1435546875 0.3701171875 0.171875 0.41796875 0.1728515625 0.453125 0.1552734375 0.4560546875 0.1171875 0.4169921875 0.107421875 0.353515625 0.1435546875
0 0.6943359375 0.046875 0.6640625 0.0419921875 0.6708984375 0.025390625 0.6279296875 0.05078125 0.490234375 0.0751953125 0.572265625 0.0908203125 0.6298828125 0.07421875 0.712890625 0.0849609375 0.69140625 0.0634765625 0.6943359375 0.046875
0 0.8046875 0.4560546875 0.8154296875 0.423828125 0.7734375 0.4306640625 0.7763671875 0.453125 0.8046875 0.4560546875
0 0.5048828125 0.505859375 0.47265625 0.5205078125 0.4833984375 0.544921875 0.537109375 0.5595703125 0.57421875 0.5458984375 0.5791015625 0.4921875 0.5009765625 0.494140625 0.5048828125 0.505859375