0 0.580078125 0.2099609375 0.58984375 0.1884765625 0.5537109375 0.177734375 0.552734375 0.1962890625 0.580078125 0.2099609375
0 0.5830078125 0.310546875 0.626953125 0.3232421875 0.640625 0.3115234375 0.6337890625 0.29296875 0.564453125 0.2666015625 0.5830078125 0.310546875
0 0.419921875 0.4111328125 0.44921875 0.4169921875 0.484375 0.3974609375 0.4814453125 0.376953125 0.423828125 0.3798828125 0.419921875 0.4111328125
0 0.283203125 0.3486328125 0.306640625 0.3623046875 0.3359375 0.3369140625 0.3349609375 0.3046875 0.28125 0.3095703125 0.283203125 0.3486328125
0 0.7021484375 0.46484375 0.73828125 0.4697265625 0.78125 0.4404296875 0.7353515625 0.423828125 0.6953125 0.4423828125 0.7021484375 0.46484375
0 0.7119140625 0.4921875 0.6318359375 0.486328125 0.625 0.5322265625 0.646484375 0.5458984375 0.6748046875 0.517578125 0.7099609375 0.521484375 0.732421875 0.5068359375 0.7119140625 0.4921875
0 0.50390625 0.6552734375 0.5126953125 0.68359375 0.564453125 0.7099609375 0.591796875 0.6943359375 0.5888671875 0.66796875 0.5380859375 0.6484375 0.50390625 0.6552734375
0 0.173828125 0.5283203125 0.197265625 0.5712890625 0.236328125 0.5830078125 0.2685546875 0.580078125 0.267578125 0.5537109375 0.1826171875 0.509765625 0.173828125 0.5283203125
0 0.150390625 0.8056640625 0.169921875 0.7548828125 0.1044921875 0.7265625 0.12890625 0.7998046875 0.150390625 0.8056640625
0 0.30859375 0.6904296875 0.3193359375 0.712890625 0.36328125 0.7333984375 0.37890625 0.7021484375 0.3701171875 0.6875 0.3349609375 0.677734375 0.30859375 0.6904296875
0 0.4365234375 0.833984375 0.478515625 0.8349609375 0.484375 0.8154296875 0.4443359375 0.791015625 0.421875 0.8173828125 0.4365234375 0.833984375
0 0.4267578125 0.716796875 0.388671875 0.7666015625 0.427734375 0.7783203125 0.5185546875 0.76953125 0.53125 0.7548828125 0.5107421875 0.734375 0.4267578125 0.716796875
0 0.4658203125 0.90625 0.509765625 0.9091796875 0.51953125 0.8935546875 0.4912109375 0.87109375 0.4375 0.8642578125 0.4658203125 0.90625
0 0.53515625 0.4794921875 0.568359375 0.4462890625 0.5576171875 0.431640625 0.51953125 0.4619140625 0.53515625 0.4794921875
0 0.12109375 0.4873046875 0.126953125 0.4560546875 0.1064453125 0.439453125 0.0859375 0.4814453125 0.12109375 0.4873046875
0 0.3818359375 0.916015625 0.357421875 0.9228515625 0.408203125 0.9521484375 0.3818359375 0.916015625
0 0.5546875 0.9599609375 0.57421875 0.9619140625 0.6171875 0.9462890625 0.5986328125 0.9140625 0.5546875 0.9287109375 0.5546875 0.9599609375
0 0.927734375 0.2587890625 0.9140625 0.1865234375 0.8779296875 0.158203125 0.8828125 0.2392578125 0.927734375 0.2587890625
0 0.69140625 0.8486328125 0.6845703125 0.81640625 0.65234375 0.8173828125 0.6533203125 0.84375 0.69140625 0.8486328125
0 0.810546875 0.8525390625 0.822265625 0.8388671875 0.8076171875 0.822265625 0.794921875 0.8466796875 0.810546875 0.8525390625