0 0.529296875 0.2490234375 0.541015625 0.2119140625 0.4951171875 0.189453125 0.48828125 0.2333984375 0.529296875 0.2490234375
0 0.4375 0.2939453125 0.47265625 0.3056640625 0.486328125 0.2900390625 0.478515625 0.2548828125 0.4208984375 0.251953125 0.4375 0.2939453125
0 0.2216796875 0.39453125 0.236328125 0.3935546875 0.265625 0.3662109375 0.2548828125 0.34375 0.20703125 0.3662109375 0.2216796875 0.39453125
0 0.1572265625 0.484375 0.201171875 0.4912109375 0.232421875 0.4638671875 0.2197265625 0.4453125 0.14453125 0.4658203125 0.1572265625 0.484375
0 0.3291015625 0.517578125 0.375 0.5205078125 0.380859375 0.5068359375 0.3544921875 0.478515625 0.328125 0.4775390625 0.3291015625 0.517578125
0 0.5830078125 0.5390625 0.5546875 0.5712890625 0.5712890625 0.591796875 0.59765625 0.5927734375 0.6474609375 0.578125 0.6484375 0.5517578125 0.6162109375 0.533203125 0.5830078125 0.5390625
0 0.33203125 0.6337890625 0.357421875 0.6455078125 0.400390625 0.6298828125 0.3779296875 0.607421875 0.3525390625 0.60546875 0.33203125 0.6337890625
0 0.662109375 0.7333984375 0.671875 0.7060546875 0.6416015625 0.703125 0.642578125 0.7314453125 0.662109375 0.7333984375
0 0.6328125 0.7548828125 0.6123046875 0.71484375 0.568359375 0.7294921875 0.5810546875 0.748046875 0.6328125 0.7548828125
0 0.7568359375 0.75 0.779296875 0.7529296875 0.80078125 0.7470703125 0.7939453125 0.728515625 0.748046875 0.7294921875 0.7568359375 0.75
0 0.8671875 0.7900390625 0.8720703125 0.763671875 0.810546875 0.7666015625 0.8134765625 0.7890625 0.8671875 0.7900390625
0 0.705078125 0.7529296875 0.6650390625 0.75 0.685546875 0.7861328125 0.705078125 0.7529296875
0 0.486328125 0.8349609375 0.501953125 0.8095703125 0.4580078125 0.798828125 0.46875 0.8310546875 0.486328125 0.8349609375
0 0.7646484375 0.859375 0.7421875 0.8642578125 0.77734375 0.8935546875 0.7646484375 0.859375
0 0.58984375 0.9912109375 0.63671875 0.9990234375 0.69140625 0.9716796875 0.6884765625 0.943359375 0.6181640625 0.95703125 0.58984375 0.9912109375
0 0.78125 0.3544921875 0.80078125 0.3603515625 0.833984375 0.3505859375 0.8212890625 0.328125 0.78515625 0.3310546875 0.78125 0.3544921875
0 0.6015625 0.4404296875 0.60546875 0.4072265625 0.5771484375 0.408203125 0.572265625 0.4345703125 0.6015625 0.4404296875
0 0.505859375 0.3798828125 0.54296875 0.3916015625 0.564453125 0.3720703125 0.564453125 0.3466796875 0.5107421875 0.337890625 0.505859375 0.3798828125