0 0.3828125 0.1806640625 0.4130859375 0.228515625 0.435546875 0.2314453125 0.47265625 0.2099609375 0.4609375 0.1845703125 0.4736328125 0.12109375 0.3828125 0.1806640625
0 0.935546875 0.0869140625 0.8896484375 0.0546875 0.7470703125 0.0546875 0.75 0.1201171875 0.736328125 0.1552734375 0.771484375 0.1650390625 0.8583984375 0.150390625 0.9560546875 0.1640625 0.95703125 0.1416015625 0.935546875 0.0869140625
0 0.7734375 0.2880859375 0.7705078125 0.25 0.7392578125 0.24609375 0.716796875 0.2666015625 0.7734375 0.2880859375
0 0.638671875 0.2021484375 0.603515625 0.1865234375 0.5908203125 0.146484375 0.572265625 0.2275390625 0.6005859375 0.236328125 0.669921875 0.3212890625 0.71484375 0.2685546875 0.6845703125 0.21875 0.6103515625 0.24609375 0.638671875 0.2021484375
0 0.677734375 0.3583984375 0.69140625 0.3330078125 0.6748046875 0.310546875 0.65234375 0.3408203125 0.677734375 0.3583984375
0 0.8115234375 0.158203125 0.78515625 0.1669921875 0.80078125 0.1904296875 0.8115234375 0.158203125
0 0.41796875 0.3408203125 0.447265625 0.3173828125 0.4423828125 0.29296875 0.390625 0.3056640625 0.41796875 0.3408203125
0 0.328125 0.3310546875 0.3720703125 0.328125 0.3828125 0.3056640625 0.3232421875 0.29296875 0.328125 0.3310546875
0 0.376953125 0.4326171875 0.390625 0.4111328125 0.3798828125 0.380859375 0.36328125 0.4072265625 0.376953125 0.4326171875
0 0.443359375 0.4287109375 0.451171875 0.4072265625 0.4111328125 0.37109375 0.404296875 0.4052734375 0.443359375 0.4287109375
0 0.2666015625 0.564453125 0.2138671875 0.556640625 0.212890625 0.6005859375 0.29296875 0.6396484375 0.337890625 0.6162109375 0.333984375 0.5712890625 0.2880859375 0.55078125 0.2666015625 0.564453125
0 0.056640625 0.6513671875 0.087890625 0.6611328125 0.123046875 0.6123046875 0.1083984375 0.58203125 0.08984375 0.5810546875 0.056640625 0.6513671875
0 0.62109375 0.4111328125 0.6357421875 0.44921875 0.6884765625 0.458984375 0.7197265625 0.5 0.7421875 0.5009765625 0.8037109375 0.470703125 0.8125 0.4384765625 0.6923828125 0.404296875 0.62109375 0.4111328125
0 0.859375 0.4052734375 0.8447265625 0.40625 0.830078125 0.3896484375 0.84375 0.3779296875 0.8154296875 0.373046875 0.8095703125 0.34765625 0.7607421875 0.345703125 0.763671875 0.3701171875 0.736328125 0.3916015625 0.74609375 0.4169921875 0.8203125 0.4423828125 0.8662109375 0.412109375 0.873046875 0.3916015625 0.8642578125 0.3828125 0.859375 0.4052734375
0 0.609375 0.6533203125 0.6318359375 0.658203125 0.7666015625 0.59765625 0.78125 0.6162109375 0.763671875 0.6513671875 0.7958984375 0.650390625 0.814453125 0.6259765625 0.79296875 0.6142578125 0.8408203125 0.59375 0.865234375 0.5478515625 0.8447265625 0.546875 0.8076171875 0.580078125 0.7841796875 0.55859375 0.7177734375 0.564453125 0.6845703125 0.541015625 0.6357421875 0.5703125 0.6103515625 0.560546875 0.5869140625 0.58203125 0.5498046875 0.560546875 0.5029296875 0.59375 0.4677734375 0.583984375 0.45703125 0.6259765625 0.513671875 0.6376953125 0.478515625 0.6767578125 0.498046875 0.6904296875 0.537109375 0.6728515625 0.5439453125 0.6328125 0.6025390625 0.611328125 0.609375 0.6533203125
0 0.498046875 0.7451171875 0.4716796875 0.7265625 0.2919921875 0.685546875 0.228515625 0.7470703125 0.2587890625 0.783203125 0.287109375 0.7900390625 0.3232421875 0.77734375 0.4326171875 0.78125 0.4970703125 0.765625 0.498046875 0.7451171875
0 0.3056640625 0.689453125 0.3359375 0.6904296875 0.361328125 0.6513671875 0.3427734375 0.62890625 0.29296875 0.6728515625 0.3056640625 0.689453125
0 0.5712890625 0.796875 0.572265625 0.8466796875 0.6552734375 0.7890625 0.69140625 0.7392578125 0.6376953125 0.75390625 0.5712890625 0.796875
0 0.55078125 0.7392578125 0.583984375 0.7158203125 0.5908203125 0.6875 0.55078125 0.7138671875 0.55078125 0.7392578125
0 0.6943359375 0.63671875 0.6767578125 0.64453125 0.69140625 0.7021484375 0.716796875 0.7080078125 0.7158203125 0.6953125 0.74609375 0.6845703125 0.7421875 0.6533203125 0.6943359375 0.63671875
0 0.251953125 0.7744140625 0.2568359375 0.796875 0.3330078125 0.796875 0.35546875 0.8173828125 0.376953125 0.7724609375 0.3681640625 0.763671875 0.2841796875 0.78515625 0.251953125 0.7744140625
0 0.296875 0.8564453125 0.326171875 0.8330078125 0.3076171875 0.810546875 0.271484375 0.8291015625 0.296875 0.8564453125
0 0.39453125 0.8876953125 0.3984375 0.8623046875 0.3642578125 0.83984375 0.3671875 0.8740234375 0.39453125 0.8876953125
0 0.1982421875 0.873046875 0.234375 0.8798828125 0.265625 0.8525390625 0.2353515625 0.83984375 0.197265625 0.8466796875 0.1982421875 0.873046875