0 0.05859375 0.1103515625 0.1220703125 0.095703125 0.17578125 0.0380859375 0.0537109375 0.083984375 0.05859375 0.1103515625
0 0.1796875 0.1279296875 0.1396484375 0.087890625 0.10546875 0.1044921875 0.1259765625 0.123046875 0.1796875 0.1279296875
0 0.30859375 0.2529296875 0.328125 0.1474609375 0.2607421875 0.1328125 0.2265625 0.1689453125 0.30859375 0.2529296875
0 0.23828125 0.2470703125 0.2138671875 0.203125 0.17578125 0.2001953125 0.1748046875 0.220703125 0.23828125 0.2470703125
0 0.373046875 0.3330078125 0.39453125 0.2841796875 0.3408203125 0.267578125 0.330078125 0.2880859375 0.373046875 0.3330078125
0 0.2958984375 0.41796875 0.37109375 0.4345703125 0.3984375 0.4169921875 0.3916015625 0.37890625 0.271484375 0.3798828125 0.2958984375 0.41796875
0 0.5400390625 0.171875 0.556640625 0.1611328125 0.5185546875 0.13671875 0.4365234375 0.130859375 0.40234375 0.1103515625 0.4013671875 0.146484375 0.4560546875 0.146484375 0.482421875 0.1787109375 0.4775390625 0.1640625 0.5009765625 0.177734375 0.5009765625 0.1640625 0.5400390625 0.171875
0 0.470703125 0.3955078125 0.474609375 0.3466796875 0.4404296875 0.341796875 0.4296875 0.3720703125 0.470703125 0.3955078125
0 0.6630859375 0.291015625 0.6201171875 0.306640625 0.6064453125 0.3359375 0.5927734375 0.326171875 0.55078125 0.3466796875 0.5634765625 0.3828125 0.615234375 0.3974609375 0.611328125 0.3603515625 0.65625 0.3349609375 0.671875 0.3076171875 0.6630859375 0.291015625
0 0.5556640625 0.435546875 0.556640625 0.4931640625 0.6171875 0.5107421875 0.62890625 0.5048828125 0.619140625 0.4541015625 0.5830078125 0.427734375 0.5556640625 0.435546875
0 0.162109375 0.4365234375 0.166015625 0.4111328125 0.1376953125 0.404296875 0.1328125 0.4287109375 0.162109375 0.4365234375
0 0.1640625 0.4521484375 0.21875 0.4716796875 0.2421875 0.4541015625 0.2177734375 0.4375 0.1923828125 0.43359375 0.1640625 0.4521484375
0 0.3125 0.5322265625 0.34375 0.5029296875 0.3349609375 0.490234375 0.271484375 0.5048828125 0.3125 0.5322265625
0 0.474609375 0.6376953125 0.482421875 0.6064453125 0.4443359375 0.59765625 0.44140625 0.6298828125 0.474609375 0.6376953125
0 0.5419921875 0.640625 0.4970703125 0.634765625 0.484375 0.6494140625 0.494140625 0.6826171875 0.46875 0.7001953125 0.4794921875 0.728515625 0.521484375 0.7333984375 0.537109375 0.7138671875 0.53125 0.6806640625 0.564453125 0.6669921875 0.5419921875 0.640625
0 0.7880859375 0.55078125 0.7529296875 0.564453125 0.765625 0.6650390625 0.86328125 0.7314453125 0.83984375 0.6591796875 0.794921875 0.6064453125 0.80859375 0.5634765625 0.7880859375 0.55078125
0 0.71875 0.6591796875 0.6748046875 0.6328125 0.689453125 0.6962890625 0.673828125 0.7685546875 0.703125 0.7919921875 0.7490234375 0.779296875 0.77734375 0.7509765625 0.724609375 0.7001953125 0.71875 0.6591796875
0 0.8798828125 0.376953125 0.8515625 0.4638671875 0.861328125 0.5537109375 0.912109375 0.5693359375 0.927734375 0.5576171875 0.92578125 0.4658203125 0.9375 0.4677734375 0.8798828125 0.376953125
0 0.6259765625 0.51171875 0.662109375 0.5185546875 0.671875 0.5087890625 0.6552734375 0.484375 0.623046875 0.4873046875 0.6259765625 0.51171875
0 0.12109375 0.2392578125 0.138671875 0.2333984375 0.138671875 0.2177734375 0.0966796875 0.20703125 0.12109375 0.2392578125
0 0.8671875 0.9091796875 0.9140625 0.8681640625 0.9306640625 0.8046875 0.857421875 0.8388671875 0.8671875 0.9091796875
0 0.9716796875 0.689453125 0.943359375 0.7099609375 0.9609375 0.7275390625 0.9716796875 0.689453125
0 0.9638671875 0.61328125 0.939453125 0.6259765625 0.953125 0.6494140625 0.9638671875 0.61328125
0 0.953125 0.7744140625 0.970703125 0.7587890625 0.9658203125 0.7421875 0.931640625 0.7607421875 0.953125 0.7744140625
0 0.734375 0.4658203125 0.7275390625 0.435546875 0.705078125 0.4384765625 0.7041015625 0.462890625 0.734375 0.4658203125