0 0.05078125 0.3212890625 0.080078125 0.3251953125 0.095703125 0.3134765625 0.087890625 0.2607421875 0.0537109375 0.24609375 0.05078125 0.3212890625
0 0.8076171875 0.29296875 0.775390625 0.2919921875 0.7783203125 0.267578125 0.7158203125 0.265625 0.693359375 0.2783203125 0.689453125 0.3173828125 0.74609375 0.3310546875 0.736328125 0.4755859375 0.771484375 0.4814453125 0.8193359375 0.423828125 0.875 0.3857421875 0.833984375 0.3603515625 0.8076171875 0.29296875
0 0.8125 0.6318359375 0.857421875 0.6494140625 0.892578125 0.6201171875 0.8408203125 0.587890625 0.818359375 0.6044921875 0.8125 0.6318359375
0 0.939453125 0.5693359375 0.9609375 0.5458984375 0.9482421875 0.513671875 0.9296875 0.5341796875 0.939453125 0.5693359375
0 0.416015625 0.4248046875 0.4375 0.4306640625 0.474609375 0.4189453125 0.4677734375 0.392578125 0.423828125 0.3994140625 0.416015625 0.4248046875
0 0.470703125 0.5634765625 0.5 0.5810546875 0.5234375 0.5693359375 0.529296875 0.5419921875 0.4814453125 0.533203125 0.470703125 0.5634765625
0 0.53515625 0.4306640625 0.5048828125 0.412109375 0.490234375 0.4794921875 0.5361328125 0.53125 0.5546875 0.5302734375 0.55859375 0.5673828125 0.64453125 0.5771484375 0.669921875 0.5634765625 0.6484375 0.5126953125 0.5419921875 0.4765625 0.53515625 0.4306640625
0 0.375 0.5830078125 0.390625 0.5517578125 0.3642578125 0.54296875 0.345703125 0.5673828125 0.375 0.5830078125
0 0.412109375 0.7021484375 0.41015625 0.7236328125 0.44140625 0.7431640625 0.484375 0.7255859375 0.4755859375 0.689453125 0.4423828125 0.681640625 0.412109375 0.7021484375
0 0.58984375 0.2353515625 0.59375 0.2080078125 0.5771484375 0.189453125 0.552734375 0.2197265625 0.58984375 0.2353515625
0 0.46484375 0.2373046875 0.4462890625 0.19921875 0.40625 0.2138671875 0.4189453125 0.234375 0.46484375 0.2373046875
0 0.283203125 0.7255859375 0.296875 0.7001953125 0.2783203125 0.685546875 0.271484375 0.7177734375 0.283203125 0.7255859375
0 0.31640625 0.4970703125 0.341796875 0.4638671875 0.2978515625 0.455078125 0.28125 0.4794921875 0.31640625 0.4970703125
0 0.5 0.6337890625 0.5078125 0.5888671875 0.4638671875 0.5859375 0.474609375 0.6181640625 0.5 0.6337890625