0 0.5068359375 0.1640625 0.4912109375 0.150390625 0.4052734375 0.140625 0.400390625 0.2099609375 0.4599609375 0.201171875 0.48828125 0.2333984375 0.5263671875 0.20703125 0.5703125 0.2080078125 0.55859375 0.1572265625 0.5068359375 0.1640625
0 0.736328125 0.1279296875 0.7265625 0.1689453125 0.77734375 0.1865234375 0.82421875 0.1455078125 0.8212890625 0.1171875 0.7626953125 0.109375 0.736328125 0.1279296875
0 0.6708984375 0.126953125 0.642578125 0.1826171875 0.6689453125 0.21484375 0.693359375 0.2177734375 0.72265625 0.1884765625 0.689453125 0.1728515625 0.689453125 0.1357421875 0.6708984375 0.126953125
0 0.69921875 0.2939453125 0.712890625 0.2568359375 0.6767578125 0.240234375 0.671875 0.2666015625 0.69921875 0.2939453125
0 0.603515625 0.3369140625 0.603515625 0.2783203125 0.5498046875 0.2578125 0.546875 0.2958984375 0.603515625 0.3369140625
0 0.8408203125 0.427734375 0.8369140625 0.443359375 0.86328125 0.4111328125 0.869140625 0.3759765625 0.845703125 0.3583984375 0.85546875 0.2958984375 0.841796875 0.2880859375 0.8310546875 0.212890625 0.802734375 0.2236328125 0.802734375 0.2685546875 0.7763671875 0.267578125 0.7412109375 0.31640625 0.6572265625 0.365234375 0.642578125 0.4052734375 0.6591796875 0.435546875 0.68359375 0.4384765625 0.6630859375 0.4609375 0.7060546875 0.43359375 0.7333984375 0.46484375 0.77734375 0.4697265625 0.81640625 0.4521484375 0.796875 0.4482421875 0.8076171875 0.4140625 0.8408203125 0.427734375
0 0.6337890625 0.515625 0.62890625 0.5029296875 0.685546875 0.4580078125 0.7041015625 0.423828125 0.6162109375 0.416015625 0.6181640625 0.474609375 0.5595703125 0.501953125 0.5283203125 0.48828125 0.474609375 0.5224609375 0.4775390625 0.552734375 0.6015625 0.5498046875 0.6015625 0.5732421875 0.576171875 0.5908203125 0.595703125 0.6162109375 0.537109375 0.6494140625 0.5703125 0.6728515625 0.6181640625 0.6328125 0.66796875 0.6201171875 0.685546875 0.5263671875 0.6337890625 0.515625
0 0.60546875 0.6591796875 0.61328125 0.6279296875 0.5361328125 0.64453125 0.4541015625 0.609375 0.4228515625 0.62109375 0.412109375 0.7158203125 0.4375 0.7666015625 0.5185546875 0.74609375 0.6201171875 0.6953125 0.625 0.6787109375 0.60546875 0.6591796875
0 0.3037109375 0.583984375 0.275390625 0.6533203125 0.287109375 0.6611328125 0.3056640625 0.646484375 0.3623046875 0.6484375 0.37109375 0.6279296875 0.3037109375 0.583984375
0 0.4521484375 0.7421875 0.439453125 0.7529296875 0.4375 0.6962890625 0.4150390625 0.66796875 0.3701171875 0.66796875 0.3466796875 0.69921875 0.3251953125 0.673828125 0.2939453125 0.673828125 0.275390625 0.7158203125 0.24609375 0.7314453125 0.2578125 0.7529296875 0.24609375 0.7646484375 0.2763671875 0.751953125 0.27734375 0.7763671875 0.2626953125 0.76953125 0.216796875 0.8076171875 0.2333984375 0.8203125 0.2705078125 0.81640625 0.265625 0.8642578125 0.2890625 0.8662109375 0.2900390625 0.8359375 0.3564453125 0.828125 0.48828125 0.7529296875 0.4521484375 0.7421875
0 0.107421875 0.5791015625 0.0751953125 0.552734375 0.04296875 0.6787109375 0.044921875 0.7646484375 0.0498046875 0.748046875 0.091796875 0.7490234375 0.119140625 0.6787109375 0.107421875 0.5791015625
0 0.091796875 0.7763671875 0.087890625 0.8037109375 0.13671875 0.8330078125 0.166015625 0.7822265625 0.1513671875 0.7578125 0.1240234375 0.751953125 0.091796875 0.7763671875
0 0.193359375 0.6904296875 0.19921875 0.6611328125 0.1689453125 0.654296875 0.16015625 0.6787109375 0.193359375 0.6904296875
0 0.203125 0.3408203125 0.2119140625 0.375 0.244140625 0.3759765625 0.265625 0.3505859375 0.2529296875 0.33203125 0.2255859375 0.326171875 0.203125 0.3408203125
0 0.509765625 0.3662109375 0.525390625 0.3427734375 0.5126953125 0.3203125 0.498046875 0.3349609375 0.509765625 0.3662109375
0 0.076171875 0.8583984375 0.083984375 0.8427734375 0.0673828125 0.814453125 0.03125 0.8154296875 0.029296875 0.8759765625 0.0654296875 0.94140625 0.1435546875 0.939453125 0.185546875 0.9560546875 0.2001953125 0.908203125 0.1318359375 0.900390625 0.142578125 0.8935546875 0.076171875 0.8583984375
0 0.22265625 0.8427734375 0.259765625 0.7919921875 0.1982421875 0.775390625 0.189453125 0.7998046875 0.22265625 0.8427734375
0 0.8505859375 0.064453125 0.791015625 0.0830078125 0.8115234375 0.087890625 0.814453125 0.1044921875 0.7880859375 0.11328125 0.8212890625 0.115234375 0.8310546875 0.140625 0.8662109375 0.130859375 0.8779296875 0.15625 0.90234375 0.1611328125 0.9404296875 0.15625 0.939453125 0.1357421875 0.8759765625 0.07421875 0.8505859375 0.064453125
0 0.369140625 0.3935546875 0.375 0.3662109375 0.3447265625 0.357421875 0.341796875 0.3916015625 0.369140625 0.3935546875