0 0.734375 0.5517578125 0.7431640625 0.583984375 0.796875 0.6005859375 0.830078125 0.5791015625 0.8291015625 0.517578125 0.7919921875 0.51953125 0.734375 0.5517578125
0 0.869140625 0.4326171875 0.873046875 0.4189453125 0.8564453125 0.41015625 0.857421875 0.4326171875 0.869140625 0.4326171875
0 0.85546875 0.4072265625 0.7744140625 0.3125 0.7734375 0.3642578125 0.80078125 0.4033203125 0.85546875 0.4072265625
0 0.83984375 0.4931640625 0.880859375 0.4541015625 0.8701171875 0.423828125 0.828125 0.4716796875 0.83984375 0.4931640625
0 0.927734375 0.5908203125 0.9208984375 0.537109375 0.89453125 0.5517578125 0.88671875 0.5751953125 0.927734375 0.5908203125
0 0.3095703125 0.41015625 0.2724609375 0.40625 0.236328125 0.4306640625 0.21875 0.5224609375 0.158203125 0.5732421875 0.1826171875 0.60546875 0.224609375 0.6142578125 0.2578125 0.5810546875 0.27734375 0.4697265625 0.310546875 0.4326171875 0.3095703125 0.41015625
0 0.294921875 0.5830078125 0.3017578125 0.607421875 0.341796875 0.6142578125 0.384765625 0.5693359375 0.3759765625 0.5546875 0.3427734375 0.5546875 0.294921875 0.5830078125
0 0.5234375 0.3759765625 0.5859375 0.3837890625 0.60546875 0.3740234375 0.607421875 0.3408203125 0.5576171875 0.30859375 0.5234375 0.3759765625
0 0.5078125 0.2373046875 0.52734375 0.2197265625 0.5107421875 0.19921875 0.48828125 0.2275390625 0.5078125 0.2373046875
0 0.14453125 0.0888671875 0.154296875 0.0673828125 0.1181640625 0.046875 0.09375 0.0654296875 0.076171875 0.1552734375 0.123046875 0.1787109375 0.12890625 0.1474609375 0.15625 0.1357421875 0.158203125 0.1142578125 0.14453125 0.0888671875
0 0.2119140625 0.12890625 0.201171875 0.2041015625 0.15625 0.2138671875 0.201171875 0.2841796875 0.21484375 0.2275390625 0.248046875 0.1865234375 0.234375 0.1416015625 0.2119140625 0.12890625
0 0.078125 0.2783203125 0.0556640625 0.232421875 0.052734375 0.2998046875 0.078125 0.2783203125
0 0.0869140625 0.421875 0.025390625 0.4189453125 0.03125 0.4814453125 0.0869140625 0.421875
0 0.1796875 0.7744140625 0.24609375 0.8232421875 0.265625 0.7919921875 0.265625 0.7451171875 0.1962890625 0.75 0.1796875 0.7744140625
0 0.5517578125 0.650390625 0.5478515625 0.626953125 0.5361328125 0.638671875 0.5009765625 0.62109375 0.4970703125 0.6015625 0.4794921875 0.603515625 0.4814453125 0.591796875 0.4423828125 0.583984375 0.4326171875 0.552734375 0.404296875 0.5556640625 0.4111328125 0.62890625 0.4541015625 0.642578125 0.4755859375 0.669921875 0.548828125 0.6884765625 0.5859375 0.6689453125 0.5986328125 0.625 0.5634765625 0.625 0.5517578125 0.650390625
0 0.8720703125 0.767578125 0.82421875 0.8173828125 0.810546875 0.8662109375 0.828125 0.8701171875 0.8798828125 0.81640625 0.896484375 0.8212890625 0.9033203125 0.76171875 0.8720703125 0.767578125
0 0.3125 0.2470703125 0.3359375 0.2509765625 0.35546875 0.2333984375 0.3603515625 0.19140625 0.3125 0.2236328125 0.3125 0.2470703125
0 0.3779296875 0.26953125 0.359375 0.2900390625 0.3642578125 0.32421875 0.45703125 0.3427734375 0.466796875 0.3291015625 0.427734375 0.3076171875 0.4501953125 0.28515625 0.3779296875 0.26953125
0 0.3046875 0.4072265625 0.310546875 0.4423828125 0.34375 0.4541015625 0.390625 0.4365234375 0.384765625 0.3857421875 0.3662109375 0.373046875 0.3046875 0.4072265625
0 0.4169921875 0.498046875 0.4453125 0.4970703125 0.47265625 0.4833984375 0.4580078125 0.466796875 0.40625 0.4697265625 0.4169921875 0.498046875
0 0.591796875 0.5048828125 0.607421875 0.5283203125 0.6474609375 0.513671875 0.666015625 0.4775390625 0.6123046875 0.48046875 0.591796875 0.5048828125
0 0.716796875 0.9072265625 0.740234375 0.8955078125 0.7216796875 0.87109375 0.703125 0.8837890625 0.716796875 0.9072265625
0 0.77734375 0.9072265625 0.79296875 0.8876953125 0.7666015625 0.873046875 0.75 0.8994140625 0.77734375 0.9072265625
0 0.646484375 0.7041015625 0.65625 0.6748046875 0.6435546875 0.6640625 0.623046875 0.6904296875 0.646484375 0.7041015625
0 0.443359375 0.7216796875 0.458984375 0.6982421875 0.4267578125 0.68359375 0.41796875 0.7041015625 0.443359375 0.7216796875
0 0.33203125 0.1005859375 0.3408203125 0.083984375 0.306640625 0.0869140625 0.3115234375 0.1015625 0.33203125 0.1005859375