0 0.2490234375 0.248046875 0.220703125 0.2666015625 0.2685546875 0.310546875 0.2890625 0.3115234375 0.306640625 0.2880859375 0.2958984375 0.2734375 0.2568359375 0.271484375 0.2490234375 0.248046875
0 0.1357421875 0.220703125 0.099609375 0.2626953125 0.119140625 0.3076171875 0.162109375 0.3291015625 0.201171875 0.2919921875 0.205078125 0.2626953125 0.1552734375 0.220703125 0.1357421875 0.220703125
0 0.3955078125 0.59765625 0.373046875 0.6513671875 0.3525390625 0.66015625 0.294921875 0.6142578125 0.2666015625 0.5703125 0.1962890625 0.560546875 0.216796875 0.6123046875 0.3046875 0.7255859375 0.3232421875 0.70703125 0.3974609375 0.70703125 0.42578125 0.6103515625 0.3955078125 0.59765625
0 0.7001953125 0.23046875 0.685546875 0.2353515625 0.6875 0.2763671875 0.6689453125 0.29296875 0.6435546875 0.28515625 0.6162109375 0.24609375 0.5751953125 0.25 0.546875 0.2841796875 0.560546875 0.3193359375 0.5673828125 0.30078125 0.6025390625 0.287109375 0.62109375 0.3017578125 0.578125 0.3134765625 0.5703125 0.3623046875 0.5927734375 0.3828125 0.5966796875 0.36328125 0.6611328125 0.36328125 0.6669921875 0.349609375 0.658203125 0.3896484375 0.6787109375 0.421875 0.6904296875 0.359375 0.751953125 0.3974609375 0.74609375 0.4326171875 0.76953125 0.4716796875 0.783203125 0.4716796875 0.84375 0.4013671875 0.794921875 0.3486328125 0.765625 0.2763671875 0.7001953125 0.23046875
0 0.6005859375 0.515625 0.578125 0.5576171875 0.6044921875 0.58203125 0.6416015625 0.587890625 0.6611328125 0.623046875 0.685546875 0.6240234375 0.748046875 0.5791015625 0.744140625 0.5615234375 0.6806640625 0.521484375 0.6005859375 0.515625
0 0.7216796875 0.45703125 0.7099609375 0.46875 0.6708984375 0.43359375 0.6181640625 0.439453125 0.591796875 0.4677734375 0.5908203125 0.525390625 0.6201171875 0.509765625 0.6865234375 0.521484375 0.734375 0.5478515625 0.748046875 0.5341796875 0.71875 0.5185546875 0.7255859375 0.494140625 0.73828125 0.5009765625 0.7392358671875 0.45610955000000003 0.7333984375 0.470703125 0.7216796875 0.45703125
0 0.8037109375 0.501953125 0.796875 0.5224609375 0.822265625 0.5693359375 0.796875 0.5947265625 0.8427734375 0.6015625 0.830078125 0.5693359375 0.8671875 0.5712890625 0.8515625 0.6376953125 0.82421875 0.6552734375 0.869140625 0.6806640625 0.896484375 0.7216796875 0.908203125 0.7880859375 0.927734375 0.8037109375 0.9453125 0.7158203125 0.9140625 0.5634765625 0.8720703125 0.501953125 0.8037109375 0.501953125
0 0.49609375 0.7001953125 0.4912109375 0.6640625 0.44921875 0.6611328125 0.4541015625 0.6875 0.49609375 0.7001953125
0 0.537109375 0.7294921875 0.5390625 0.7099609375 0.5224609375 0.703125 0.517578125 0.7255859375 0.537109375 0.7294921875
0 0.5947265625 0.7890625 0.65234375 0.8037109375 0.677734375 0.7841796875 0.6064453125 0.75 0.57421875 0.7548828125 0.5947265625 0.7890625
0 0.765625 0.8779296875 0.7734375 0.8447265625 0.7314453125 0.83203125 0.734375 0.8701171875 0.765625 0.8779296875
0 0.6865234375 0.7734375 0.73828125 0.7978515625 0.748046875 0.7783203125 0.7353515625 0.7578125 0.685546875 0.7548828125 0.6865234375 0.7734375
0 0.8271484375 0.9140625 0.80078125 0.9404296875 0.81640625 0.9677734375 0.8779296875 0.93359375 0.888671875 0.9091796875 0.8642578125 0.896484375 0.8271484375 0.9140625
0 0.669921875 0.8466796875 0.615234375 0.8173828125 0.6305588953125 0.8128756015624999 0.6416015625 0.814453125 0.677734375 0.7822265625 0.6025390625 0.751953125 0.587890625 0.7607421875 0.6142578125 0.78125 0.5927734375 0.78125 0.5732421875 0.755859375 0.578125 0.7783203125 0.5576171875 0.794921875 0.5263671875 0.767578125 0.4970703125 0.767578125 0.494140625 0.8095703125 0.462890625 0.8291015625 0.453125 0.8603515625 0.5537109375 0.939453125 0.66796875 0.9599609375 0.673828125 0.9345703125 0.642578125 0.9189453125 0.642578125 0.8994140625 0.671875 0.8720703125 0.669921875 0.8466796875
0 0.6748046875 0.96875 0.7578125 0.9853515625 0.767578125 0.9794921875 0.7470703125 0.935546875 0.666015625 0.9248046875 0.6748046875 0.96875
0 0.787109375 0.6767578125 0.818359375 0.7001953125 0.857421875 0.6787109375 0.8505859375 0.65625 0.8271484375 0.65234375 0.787109375 0.6767578125
0 0.697265625 0.6865234375 0.705078125 0.6767578125 0.6748046875 0.650390625 0.64453125 0.6708984375 0.697265625 0.6865234375
0 0.44140625 0.4306640625 0.48046875 0.4130859375 0.4423828125 0.400390625 0.427734375 0.4111328125 0.44140625 0.4306640625