0 0.3115234375 0.3125 0.279296875 0.4111328125 0.3017578125 0.4296875 0.357421875 0.4345703125 0.390625 0.4033203125 0.373046875 0.3798828125 0.373046875 0.3193359375 0.3115234375 0.3125
0 0.453125 0.4072265625 0.4697265625 0.4375 0.490234375 0.4384765625 0.533203125 0.3955078125 0.5087890625 0.34375 0.484375 0.3544921875 0.453125 0.4072265625
0 0.40625 0.5517578125 0.447265625 0.5634765625 0.509765625 0.5224609375 0.4892578125 0.4921875 0.3984375 0.5107421875 0.40625 0.5517578125
0 0.599609375 0.4306640625 0.6328125 0.4443359375 0.654296875 0.4345703125 0.65234375 0.4150390625 0.6103515625 0.390625 0.599609375 0.4306640625
0 0.80859375 0.4111328125 0.8427734375 0.359375 0.7978515625 0.365234375 0.736328125 0.4072265625 0.80859375 0.4111328125
0 0.91015625 0.5537109375 0.939453125 0.5439453125 0.9345703125 0.5234375 0.873046875 0.5380859375 0.91015625 0.5537109375
0 0.607421875 0.5927734375 0.6103515625 0.611328125 0.662109375 0.6435546875 0.685546875 0.6103515625 0.6806640625 0.58203125 0.6533203125 0.5703125 0.607421875 0.5927734375
0 0.685546875 0.4990234375 0.69140625 0.4697265625 0.6708984375 0.4609375 0.654296875 0.4794921875 0.685546875 0.4990234375
0 0.4296875 0.1533203125 0.44140625 0.1318359375 0.4208984375 0.1171875 0.404296875 0.1396484375 0.4296875 0.1533203125
0 0.15625 0.1552734375 0.1875 0.1669921875 0.2109375 0.1435546875 0.1923828125 0.123046875 0.1650390625 0.12109375 0.15625 0.1552734375
0 0.3046875 0.5283203125 0.3037109375 0.5 0.251953125 0.5087890625 0.2744140625 0.529296875 0.3046875 0.5283203125