0 0.3544921875 0.091796875 0.33984375 0.1064453125 0.353515625 0.1181640625 0.4287109375 0.115234375 0.462890625 0.0966796875 0.4169921875 0.072265625 0.3544921875 0.091796875
0 0.5673828125 0.158203125 0.533203125 0.1591796875 0.57421875 0.1884765625 0.5673828125 0.158203125
0 0.576171875 0.2490234375 0.56640625 0.1943359375 0.5400390625 0.203125 0.54296875 0.2412109375 0.576171875 0.2490234375
0 0.515625 0.3154296875 0.5390625 0.2958984375 0.5048828125 0.279296875 0.486328125 0.3017578125 0.515625 0.3154296875
0 0.431640625 0.3291015625 0.45703125 0.3056640625 0.4169921875 0.29296875 0.40234375 0.3095703125 0.431640625 0.3291015625
0 0.365234375 0.3427734375 0.392578125 0.3076171875 0.3681640625 0.2890625 0.349609375 0.3271484375 0.365234375 0.3427734375
0 0.478515625 0.3505859375 0.533203125 0.3681640625 0.544921875 0.3603515625 0.5341796875 0.341796875 0.4912109375 0.337890625 0.478515625 0.3505859375
0 0.4130859375 0.390625 0.373046875 0.3916015625 0.421875 0.4365234375 0.4130859375 0.390625
0 0.6875 0.3642578125 0.703125 0.3369140625 0.6748046875 0.330078125 0.654296875 0.3564453125 0.6875 0.3642578125
0 0.3330078125 0.27734375 0.404296875 0.2998046875 0.4189453125 0.23828125 0.3505859375 0.22265625 0.3203125 0.2529296875 0.3330078125 0.27734375
0 0.263671875 0.1884765625 0.26171875 0.2099609375 0.2861328125 0.2421875 0.3125 0.2451171875 0.35546875 0.2158203125 0.341796875 0.1865234375 0.3056640625 0.1640625 0.263671875 0.1884765625
0 0.51171875 0.5400390625 0.5322265625 0.515625 0.4716796875 0.501953125 0.447265625 0.5224609375 0.51171875 0.5400390625
0 0.4462890625 0.568359375 0.419921875 0.5908203125 0.439453125 0.6103515625 0.4833984375 0.607421875 0.49609375 0.5849609375 0.4775390625 0.56640625 0.4462890625 0.568359375
0 0.626953125 0.4560546875 0.650390625 0.4990234375 0.701171875 0.4599609375 0.6923828125 0.4375 0.6630859375 0.423828125 0.626953125 0.4560546875
0 0.7666015625 0.474609375 0.7265625 0.5361328125 0.734375 0.5498046875 0.7685546875 0.541015625 0.810546875 0.5009765625 0.810546875 0.4833984375 0.7666015625 0.474609375
0 0.7060546875 0.578125 0.7080078125 0.5625 0.6357421875 0.515625 0.5927734375 0.521484375 0.5859375 0.6064453125 0.6015625 0.6435546875 0.6357421875 0.619140625 0.7412109375 0.6015625 0.748046875 0.5849609375 0.7060546875 0.578125
0 0.837890625 0.6318359375 0.8583984375 0.60546875 0.81640625 0.6064453125 0.814453125 0.6279296875 0.837890625 0.6318359375
0 0.875 0.5927734375 0.8818359375 0.615234375 0.8984375 0.6142578125 0.9296875 0.5869140625 0.9189453125 0.5625 0.8974609375 0.560546875 0.875 0.5927734375
0 0.203125 0.7060546875 0.2421875 0.6767578125 0.2177734375 0.662109375 0.158203125 0.6767578125 0.203125 0.7060546875
0 0.384765625 0.6865234375 0.44140625 0.7138671875 0.47265625 0.6572265625 0.4521484375 0.626953125 0.4169921875 0.625 0.384765625 0.6865234375
0 0.607421875 0.6962890625 0.634765625 0.7060546875 0.65234375 0.6982421875 0.65234375 0.6689453125 0.6181640625 0.654296875 0.607421875 0.6962890625
0 0.66015625 0.7333984375 0.6796875 0.7412109375 0.705078125 0.7197265625 0.7001953125 0.703125 0.66015625 0.7138671875 0.66015625 0.7333984375
0 0.810546875 0.7373046875 0.82421875 0.7177734375 0.7900390625 0.708984375 0.7890625 0.7314453125 0.810546875 0.7373046875
0 0.6318359375 0.81640625 0.703125 0.8349609375 0.76171875 0.7958984375 0.7099609375 0.76171875 0.6171875 0.7685546875 0.6318359375 0.81640625
0 0.490234375 0.8603515625 0.49609375 0.8349609375 0.4716796875 0.81640625 0.458984375 0.8525390625 0.490234375 0.8603515625
0 0.51171875 0.7900390625 0.5390625 0.7646484375 0.4794921875 0.73828125 0.474609375 0.7802734375 0.51171875 0.7900390625
0 0.544921875 0.7470703125 0.546875 0.6904296875 0.5009765625 0.669921875 0.4921875 0.7353515625 0.544921875 0.7470703125
0 0.478515625 0.9521484375 0.501953125 0.9345703125 0.4951171875 0.9140625 0.453125 0.9404296875 0.478515625 0.9521484375
0 0.5546875 0.9580078125 0.58203125 0.9599609375 0.607421875 0.9326171875 0.5986328125 0.9140625 0.556640625 0.9306640625 0.5546875 0.9580078125
0 0.8916015625 0.46484375 0.921875 0.4755859375 0.958984375 0.4716796875 0.9443359375 0.44140625 0.884765625 0.4423828125 0.8916015625 0.46484375
0 0.849609375 0.3876953125 0.857421875 0.3544921875 0.8310546875 0.345703125 0.810546875 0.3720703125 0.849609375 0.3876953125
0 0.6591796875 0.162109375 0.65625 0.1845703125 0.6796875 0.2021484375 0.6640625 0.2197265625 0.6796875 0.2255859375 0.671875 0.2392578125 0.7177734375 0.244140625 0.7177734375 0.271484375 0.7294921875 0.27734375 0.7392578125 0.259765625 0.7353515625 0.27734375 0.7666015625 0.28515625 0.7763671875 0.30859375 0.828125 0.3447265625 0.85546875 0.3251953125 0.7861328125 0.275390625 0.7001953125 0.177734375 0.6591796875 0.162109375