0 0.712890625 0.3310546875 0.755859375 0.3505859375 0.7744140625 0.412109375 0.8134765625 0.40234375 0.853515625 0.4189453125 0.8720703125 0.33203125 0.7197265625 0.28515625 0.705078125 0.2939453125 0.712890625 0.3310546875
0 0.7890625 0.1982421875 0.81640625 0.2216796875 0.83203125 0.2060546875 0.8212890625 0.15625 0.802734375 0.1630859375 0.7890625 0.1982421875
0 0.92578125 0.1962890625 0.935546875 0.2236328125 0.955078125 0.2294921875 0.986328125 0.1669921875 0.9482421875 0.142578125 0.927734375 0.1650390625 0.92578125 0.1962890625
0 0.630859375 0.2216796875 0.658203125 0.2294921875 0.677734375 0.1904296875 0.6630859375 0.16015625 0.625 0.1923828125 0.630859375 0.2216796875
0 0.619140625 0.2587890625 0.5927734375 0.25390625 0.578125 0.3134765625 0.619140625 0.3369140625 0.595703125 0.3701171875 0.634765625 0.3779296875 0.662109375 0.3583984375 0.640625 0.3349609375 0.6484375 0.3115234375 0.619140625 0.2587890625
0 0.7822265625 0.28125 0.8046875 0.2841796875 0.81640625 0.2744140625 0.8076171875 0.263671875 0.763671875 0.2529296875 0.7822265625 0.28125
0 0.287109375 0.3916015625 0.28515625 0.3271484375 0.2626953125 0.306640625 0.24609375 0.3623046875 0.287109375 0.3916015625
0 0.216796875 0.5322265625 0.25 0.5029296875 0.2109375 0.4658203125 0.2001953125 0.43359375 0.1796875 0.4345703125 0.158203125 0.4873046875 0.16015625 0.5478515625 0.1015625 0.7470703125 0.185546875 0.6884765625 0.189453125 0.6279296875 0.234375 0.5771484375 0.216796875 0.5322265625
0 0.265625 0.5302734375 0.279296875 0.5341796875 0.3203125 0.4951171875 0.2900390625 0.46875 0.265625 0.4990234375 0.265625 0.5302734375
0 0.36328125 0.5302734375 0.380859375 0.5634765625 0.4140625 0.5224609375 0.4013671875 0.498046875 0.3818359375 0.5 0.36328125 0.5302734375
0 0.48046875 0.6923828125 0.52734375 0.7119140625 0.548828125 0.6943359375 0.56640625 0.6337890625 0.5029296875 0.619140625 0.48046875 0.6923828125
0 0.626953125 0.6123046875 0.6318359375 0.638671875 0.728515625 0.6611328125 0.74609375 0.6513671875 0.748046875 0.6279296875 0.7255859375 0.591796875 0.626953125 0.6123046875
0 0.6669921875 0.439453125 0.671875 0.5126953125 0.71875 0.5283203125 0.734375 0.5029296875 0.71484375 0.4775390625 0.712890625 0.4423828125 0.6669921875 0.439453125
0 0.8662109375 0.498046875 0.826171875 0.5126953125 0.841796875 0.5478515625 0.8662109375 0.498046875
0 0.576171875 0.8134765625 0.6044921875 0.8046875 0.619140625 0.8173828125 0.623046875 0.7724609375 0.6064453125 0.767578125 0.5859375 0.7802734375 0.576171875 0.8134765625
0 0.267578125 0.7099609375 0.27734375 0.6923828125 0.2529296875 0.68359375 0.25 0.7041015625 0.267578125 0.7099609375
0 0.13671875 0.9111328125 0.1640625 0.8974609375 0.1572265625 0.857421875 0.115234375 0.8681640625 0.13671875 0.9111328125
0 0.28125 0.8134765625 0.345703125 0.8505859375 0.359375 0.8427734375 0.345703125 0.7666015625 0.2841796875 0.7421875 0.28125 0.8134765625
0 0.40625 0.8642578125 0.435546875 0.8583984375 0.4345703125 0.828125 0.404296875 0.8330078125 0.40625 0.8642578125
0 0.4208984375 0.853515625 0.3935546875 0.87109375 0.3720703125 0.857421875 0.37890625 0.8740234375 0.365234375 0.8798828125 0.396484375 0.8837890625 0.5791015625 0.869140625 0.59375 0.8505859375 0.4716796875 0.865234375 0.4208984375 0.853515625
0 0.6123046875 0.798828125 0.576171875 0.8134765625 0.609375 0.8291015625 0.6123046875 0.798828125
0 0.265625 0.7099609375 0.27734375 0.6923828125 0.2548828125 0.68359375 0.25 0.7001953125 0.265625 0.7099609375
0 0.5224609375 0.13671875 0.451171875 0.1630859375 0.48828125 0.1748046875 0.5224609375 0.13671875
0 0.341796875 0.2919921875 0.34765625 0.2626953125 0.3369140625 0.2578125 0.328125 0.2861328125 0.341796875 0.2919921875
0 0.5283203125 0.251953125 0.501953125 0.2568359375 0.5078125 0.2802734375 0.5283203125 0.251953125
0 0.39453125 0.3583984375 0.4130859375 0.33203125 0.384765625 0.3349609375 0.376953125 0.3564453125 0.39453125 0.3583984375
0 0.51171875 0.4013671875 0.5234375 0.3818359375 0.4990234375 0.369140625 0.49609375 0.3974609375 0.51171875 0.4013671875
0 0.5068359375 0.404296875 0.48046875 0.4130859375 0.51171875 0.4228515625 0.5068359375 0.404296875