0 0.5947265625 0.27734375 0.6162109375 0.244140625 0.6552734375 0.255859375 0.7021484375 0.2421875 0.708984375 0.1962890625 0.7587890625 0.16015625 0.78125 0.1611328125 0.75 0.1513671875 0.7578125 0.1220703125 0.7431640625 0.138671875 0.7421875 0.1123046875 0.7568359375 0.1171875 0.7607421875 0.099609375 0.7705078125 0.1171875 0.7900390625 0.09375 0.8037109375 0.111328125 0.8232421875 0.08203125 0.8271484375 0.1015625 0.8544921875 0.095703125 0.8642578125 0.1171875 0.873046875 0.0830078125 0.876953125 0.2021484375 0.8896484375 0.21875 0.9228515625 0.21875 0.9453125 0.0830078125 0.9296875 0.0048828125 0.7392578125 0 0.7333984375 0.015625 0.6591796875 0.05078125 0.6455078125 0.083984375 0.6123046875 0.083984375 0.6005859375 0.115234375 0.501953125 0.1533203125 0.5341796875 0.1640625 0.4814453125 0.162109375 0.45703125 0.1845703125 0.4736328125 0.193359375 0.4306640625 0.197265625 0.443359375 0.2060546875 0.39453125 0.2314453125 0.4189453125 0.248046875 0.4619140625 0.205078125 0.4833984375 0.205078125 0.48828125 0.2880859375 0.5 0.2880859375 0.5009765625 0.275390625 0.5419921875 0.259765625 0.5439453125 0.271484375 0.5947265625 0.27734375
0 0.8876953125 0.236328125 0.810546875 0.2841796875 0.82421875 0.3623046875 0.802734375 0.3955078125 0.8515625 0.4189453125 0.8740234375 0.3984375 0.9033203125 0.41796875 0.919921875 0.3701171875 0.8876953125 0.236328125
0 0.263671875 0.3779296875 0.275390625 0.3642578125 0.2548828125 0.34765625 0.23828125 0.3681640625 0.263671875 0.3779296875
0 0.201171875 0.4560546875 0.2109375 0.4384765625 0.1962890625 0.421875 0.171875 0.4541015625 0.201171875 0.4560546875
0 0.216796875 0.5947265625 0.2255859375 0.619140625 0.259765625 0.6240234375 0.28125 0.6103515625 0.2724609375 0.59375 0.2353515625 0.58203125 0.216796875 0.5947265625
0 0.45703125 0.5732421875 0.46484375 0.5478515625 0.4326171875 0.515625 0.421875 0.5556640625 0.45703125 0.5732421875
0 0.412109375 0.6474609375 0.412109375 0.6806640625 0.455078125 0.6923828125 0.4765625 0.6806640625 0.4765625 0.6630859375 0.4306640625 0.626953125 0.412109375 0.6474609375
0 0.216796875 0.7509765625 0.228515625 0.7841796875 0.255859375 0.7978515625 0.291015625 0.7705078125 0.2802734375 0.7265625 0.2333984375 0.732421875 0.216796875 0.7509765625
0 0.12890625 0.8037109375 0.1650390625 0.845703125 0.22265625 0.8623046875 0.2607421875 0.861328125 0.267578125 0.8427734375 0.1494140625 0.798828125 0.12890625 0.8037109375
0 0.55859375 0.6083984375 0.607421875 0.5634765625 0.5322265625 0.576171875 0.53125 0.5986328125 0.55859375 0.6083984375
0 0.6845703125 0.5 0.626953125 0.5205078125 0.625 0.5478515625 0.6513671875 0.599609375 0.6767578125 0.6171875 0.7275390625 0.619140625 0.802734375 0.6630859375 0.8701171875 0.515625 0.7373046875 0.517578125 0.7158203125 0.5 0.6845703125 0.5
0 0.7578125 0.7060546875 0.7578125 0.7373046875 0.728515625 0.7607421875 0.73828125 0.7958984375 0.8115234375 0.658203125 0.7890625 0.6591796875 0.78515625 0.6845703125 0.7578125 0.7060546875
0 0.568359375 0.8056640625 0.578125 0.7763671875 0.5458984375 0.7578125 0.55078125 0.8037109375 0.568359375 0.8056640625
0 0.572265625 0.6806640625 0.587890625 0.6865234375 0.6171875 0.6708984375 0.5947265625 0.640625 0.576171875 0.6474609375 0.572265625 0.6806640625
0 0.716796875 0.8212890625 0.6591796875 0.822265625 0.65234375 0.8759765625 0.716796875 0.8212890625