0 0.908203125 0.3701171875 0.7861328125 0.22265625 0.7373046875 0.212890625 0.6630859375 0.13671875 0.5146484375 0.099609375 0.3720703125 0.029296875 0.2822265625 0.009765625 0.1044921875 0 0.033203125 0.0458984375 0.03515625 0.1259765625 0.06640625 0.1708984375 0.076171875 0.2158203125 0.0625 0.3173828125 0.0732421875 0.365234375 0.1494140625 0.37109375 0.1806640625 0.349609375 0.2216796875 0.353515625 0.1708984375 0.369140625 0.1640625 0.3955078125 0.2958984375 0.39453125 0.380859375 0.3583984375 0.3642578125 0.3359375 0.2890625 0.3388671875 0.3310546875 0.3125 0.4208984375 0.357421875 0.4267578125 0.380859375 0.4638671875 0.375 0.5537109375 0.44140625 0.6201171875 0.447265625 0.6787109375 0.41796875 0.7197265625 0.416015625 0.73046875 0.5048828125 0.810546875 0.5166015625 0.85546875 0.4736328125 0.869140625 0.4365234375 0.912109375 0.4052734375 0.908203125 0.3701171875
0 0.1962890625 0.521484375 0.2021484375 0.4453125 0.1064453125 0.47265625 0.103515625 0.5048828125 0.138671875 0.5205078125 0.107421875 0.5751953125 0.1787109375 0.62109375 0.2578125 0.6396484375 0.3349609375 0.6328125 0.373046875 0.6064453125 0.2958984375 0.5546875 0.1962890625 0.521484375
0 0.642578125 0.5478515625 0.6015625 0.5302734375 0.6015625 0.5009765625 0.5576171875 0.4609375 0.4990234375 0.51171875 0.4013671875 0.501953125 0.376953125 0.5185546875 0.380859375 0.5673828125 0.44140625 0.5849609375 0.4755859375 0.580078125 0.5361328125 0.541015625 0.5712890625 0.564453125 0.642578125 0.5478515625
0 0.7822265625 0.705078125 0.7373046875 0.69921875 0.7060546875 0.740234375 0.6474609375 0.697265625 0.6201171875 0.71484375 0.5830078125 0.712890625 0.5810546875 0.73046875 0.5771484375 0.712890625 0.5556640625 0.728515625 0.5146484375 0.681640625 0.4599609375 0.6875 0.4482421875 0.642578125 0.3896484375 0.638671875 0.3896484375 0.654296875 0.3681640625 0.654296875 0.375 0.6416015625 0.359375 0.6376953125 0.3779296875 0.625 0.3095703125 0.638671875 0.359375 0.6416015625 0.3388671875 0.669921875 0.2841796875 0.65234375 0.3046875 0.6455078125 0.2958984375 0.634765625 0.26171875 0.6435546875 0.2978515625 0.701171875 0.349609375 0.7138671875 0.3837890625 0.7890625 0.4541015625 0.794921875 0.466796875 0.8271484375 0.5458984375 0.89453125 0.5517578125 0.87890625 0.578125 0.8779296875 0.5556640625 0.8671875 0.6669921875 0.88671875 0.7138671875 0.880859375 0.75 0.9169921875 0.7421875 0.9384765625 0.7734375 0.9638671875 0.771484375 0.8251953125 0.80859375 0.7685546875 0.8046875 0.7333984375 0.7822265625 0.705078125
0 0.81640625 0.6806640625 0.859375 0.6884765625 0.875 0.6767578125 0.8818359375 0.603515625 0.814453125 0.6298828125 0.81640625 0.6806640625
0 0.6181640625 0.59765625 0.65234375 0.6669921875 0.67578125 0.6728515625 0.6953125 0.6572265625 0.681640625 0.5986328125 0.6572265625 0.58203125 0.6181640625 0.59765625
0 0.7060546875 0.55859375 0.703125 0.5947265625 0.7255859375 0.626953125 0.75 0.6318359375 0.77734375 0.6162109375 0.77734375 0.5771484375 0.7607421875 0.55859375 0.7060546875 0.55859375
0 0.857421875 0.5458984375 0.84375 0.5283203125 0.859375 0.5244140625 0.8349609375 0.5078125 0.814453125 0.5283203125 0.8349609375 0.53515625 0.826171875 0.5283203125 0.8388671875 0.51953125 0.8388671875 0.5390625 0.794921875 0.5439453125 0.810546875 0.5517578125 0.80078125 0.5615234375 0.8125 0.5927734375 0.810546875 0.5673828125 0.8408203125 0.564453125 0.84375 0.5439453125 0.857421875 0.5458984375
0 0.9443359375 0.40234375 0.8837890625 0.423828125 0.85546875 0.4912109375 0.865234375 0.5029296875 0.83984375 0.5048828125 0.86328125 0.5166015625 0.88671875 0.5751953125 0.900390625 0.5771484375 0.9384765625 0.57421875 0.9609375 0.5498046875 0.96875 0.4345703125 0.9443359375 0.40234375
0 0.2998046875 0.451171875 0.30078125 0.4033203125 0.32421875 0.4013671875 0.2216796875 0.388671875 0.1728515625 0.400390625 0.1357421875 0.373046875 0.0693359375 0.369140625 0.0703125 0.4111328125 0.1015625 0.4755859375 0.1904296875 0.443359375 0.2841796875 0.44921875 0.2861328125 0.400390625 0.2998046875 0.451171875
0 0.2373046875 0.443359375 0.21484375 0.4541015625 0.22265625 0.5009765625 0.2509765625 0.5390625 0.3515625 0.5791015625 0.375 0.5615234375 0.375 0.5068359375 0.3369140625 0.453125 0.2373046875 0.443359375