0 0.1875 0.3388671875 0.21875 0.3427734375 0.2509765625 0.33984375 0.267578125 0.3212890625 0.2080078125 0.29296875 0.1875 0.3388671875
0 0.15625 0.4404296875 0.212890625 0.4130859375 0.1533203125 0.341796875 0.13671875 0.4111328125 0.15625 0.4404296875
0 0.3916015625 0.345703125 0.3701171875 0.37109375 0.306640625 0.3740234375 0.3125 0.4072265625 0.37109375 0.4619140625 0.412109375 0.4345703125 0.392578125 0.3798828125 0.41015625 0.3662109375 0.3916015625 0.345703125
0 0.193359375 0.7373046875 0.2119140625 0.712890625 0.173828125 0.7158203125 0.173828125 0.7314453125 0.193359375 0.7373046875
0 0.09765625 0.6435546875 0.171875 0.7001953125 0.1875 0.6787109375 0.171875 0.6298828125 0.0927734375 0.615234375 0.09765625 0.6435546875
0 0.1337890625 0.783203125 0.177734375 0.7958984375 0.185546875 0.7802734375 0.1416015625 0.73828125 0.111328125 0.7431640625 0.1337890625 0.783203125
0 0.28515625 0.7607421875 0.30859375 0.7236328125 0.2529296875 0.716796875 0.255859375 0.7451171875 0.28515625 0.7607421875
0 0.3125 0.6103515625 0.3212890625 0.63671875 0.3515625 0.6435546875 0.39453125 0.5947265625 0.3798828125 0.5625 0.3408203125 0.564453125 0.3125 0.6103515625
0 0.58203125 0.6279296875 0.59375 0.6591796875 0.619140625 0.6689453125 0.6787109375 0.646484375 0.68359375 0.6162109375 0.6005859375 0.595703125 0.58203125 0.6279296875
0 0.45703125 0.4150390625 0.4921875 0.4384765625 0.5 0.4052734375 0.4814453125 0.388671875 0.4560546875 0.392578125 0.45703125 0.4150390625
0 0.5869140625 0.45703125 0.630859375 0.4599609375 0.646484375 0.4384765625 0.6376953125 0.41015625 0.580078125 0.4248046875 0.5869140625 0.45703125
0 0.77734375 0.4423828125 0.8125 0.4697265625 0.849609375 0.4404296875 0.8408203125 0.42578125 0.7958984375 0.421875 0.77734375 0.4423828125
0 0.5612109375000001 0.21181640625 0.5607421875 0.21181640625 0.5607421875 0.21380859375 0.5612109375000001 0.21380859375 0.5612109375000001 0.21181640625
0 0.4267578125 0.1796875 0.4716796875 0.162109375 0.517578125 0.1279296875 0.5 0.1083984375 0.515625 0.0751953125 0.4580078125 0.10546875 0.3740234375 0.111328125 0.43359375 0.1220703125 0.3505859375 0.140625 0.3544921875 0.1640625 0.2548828125 0.17578125 0.2109375 0.2490234375 0.2236328125 0.228515625 0.3564453125 0.193359375 0.3623046875 0.17578125 0.4267578125 0.1796875
0 0.6748046875 0.103515625 0.6806640625 0.12109375 0.697265625 0.1220703125 0.685546875 0.1552734375 0.720703125 0.1767578125 0.7490234375 0.162109375 0.802734375 0.1689453125 0.7509765625 0.1015625 0.6748046875 0.103515625
0 0.4921875 0.8759765625 0.5 0.8544921875 0.4755859375 0.84375 0.470703125 0.8720703125 0.4921875 0.8759765625
0 0.53125 0.8642578125 0.54296875 0.8369140625 0.4951171875 0.796875 0.4375 0.8017578125 0.53125 0.8642578125