0 0.732421875 0.4892578125 0.7265625 0.5361328125 0.759765625 0.5478515625 0.810546875 0.5107421875 0.8310546875 0.466796875 0.8017578125 0.458984375 0.732421875 0.4892578125
0 0.5654296875 0.748046875 0.63671875 0.7587890625 0.6689453125 0.751953125 0.669921875 0.7314453125 0.546875 0.7236328125 0.5654296875 0.748046875
0 0.7421875 0.6552734375 0.751953125 0.6279296875 0.7197265625 0.623046875 0.71875 0.6513671875 0.7421875 0.6552734375
0 0.6611328125 0.7890625 0.697265625 0.7978515625 0.71875 0.7900390625 0.7158203125 0.7578125 0.65625 0.7705078125 0.6611328125 0.7890625
0 0.7392578125 0.673828125 0.712890625 0.7138671875 0.7158203125 0.75390625 0.7275390625 0.736328125 0.7314453125 0.75 0.7724609375 0.748046875 0.787109375 0.7841796875 0.859375 0.6943359375 0.8330078125 0.693359375 0.8193359375 0.66796875 0.7392578125 0.673828125
0 0.220703125 0.6259765625 0.23828125 0.6064453125 0.2080078125 0.580078125 0.15234375 0.5986328125 0.220703125 0.6259765625
0 0.08984375 0.6494140625 0.0322265625 0.609375 0.076171875 0.6826171875 0.08984375 0.6494140625
0 0.2109375 0.7216796875 0.126953125 0.7373046875 0.16015625 0.7607421875 0.2109375 0.7216796875
0 0.4970703125 0.5546875 0.439453125 0.5537109375 0.49609375 0.5869140625 0.4970703125 0.5546875
0 0.5751953125 0.697265625 0.609375 0.6982421875 0.6484375 0.6748046875 0.5966796875 0.658203125 0.56640625 0.6806640625 0.5751953125 0.697265625
0 0.4189453125 0.72265625 0.45703125 0.7294921875 0.46875 0.7197265625 0.4482421875 0.689453125 0.388671875 0.6884765625 0.4189453125 0.72265625
0 0.666015625 0.8095703125 0.697265625 0.8115234375 0.716796875 0.7958984375 0.7109375 0.7744140625 0.6572265625 0.76953125 0.666015625 0.8095703125
0 0.7080078125 0.84765625 0.6298828125 0.861328125 0.642578125 0.8779296875 0.609375 0.8955078125 0.63671875 0.9013671875 0.6787109375 0.896484375 0.7509765625 0.859375 0.775390625 0.8095703125 0.7080078125 0.84765625
0 0.84375 0.4072265625 0.853515625 0.3857421875 0.8388671875 0.373046875 0.779296875 0.3779296875 0.84375 0.4072265625
0 0.6787109375 0.46484375 0.623046875 0.4912109375 0.634765625 0.5048828125 0.619140625 0.5361328125 0.623046875 0.5751953125 0.658203125 0.5830078125 0.6796875 0.5634765625 0.66796875 0.5361328125 0.689453125 0.4990234375 0.6787109375 0.46484375
0 0.4716796875 0.48828125 0.494140625 0.4912109375 0.525390625 0.4736328125 0.4990234375 0.458984375 0.46875 0.4716796875 0.4716796875 0.48828125
0 0.716796875 0.4287109375 0.7275390625 0.400390625 0.689453125 0.4111328125 0.6923828125 0.4296875 0.716796875 0.4287109375
0 0.677734375 0.3857421875 0.703125 0.3720703125 0.6982421875 0.353515625 0.642578125 0.3681640625 0.677734375 0.3857421875
0 0.4658203125 0.404296875 0.501953125 0.4091796875 0.513671875 0.3994140625 0.4833984375 0.361328125 0.439453125 0.3642578125 0.4658203125 0.404296875
0 0.037109375 0.6025390625 0.06640625 0.5830078125 0.0595703125 0.55859375 0.03515625 0.5615234375 0.037109375 0.6025390625
0 0.1015625 0.4912109375 0.125 0.4716796875 0.1142578125 0.41796875 0.08203125 0.4638671875 0.1015625 0.4912109375
0 0.03515625 0.5439453125 0.046875 0.5458984375 0.095703125 0.4912109375 0.0849609375 0.4609375 0.046875 0.5029296875 0.03515625 0.5439453125
0 0.2353515625 0.4375 0.19921875 0.4384765625 0.224609375 0.4599609375 0.2353515625 0.4375
0 0.1748046875 0.431640625 0.15234375 0.4404296875 0.166015625 0.4677734375 0.1748046875 0.431640625
0 0.6171875 0.3291015625 0.662109375 0.3037109375 0.6123046875 0.306640625 0.6015625 0.3212890625 0.6171875 0.3291015625
0 0.529296875 0.3173828125 0.482421875 0.3193359375 0.505859375 0.3291015625 0.529296875 0.3173828125
0 0.1572265625 0.3671875 0.181640625 0.3701171875 0.1796875 0.3330078125 0.2041015625 0.2890625 0.142578125 0.3466796875 0.1572265625 0.3671875
0 0.306640625 0.2900390625 0.3037109375 0.26171875 0.248046875 0.2529296875 0.2666015625 0.28125 0.306640625 0.2900390625
0 0.732421875 0.2666015625 0.740234375 0.2509765625 0.7177734375 0.236328125 0.703125 0.2529296875 0.732421875 0.2666015625
0 0.88671875 0.2490234375 0.927734375 0.2802734375 0.927734375 0.2392578125 0.9052734375 0.208984375 0.8828125 0.2216796875 0.88671875 0.2490234375
0 0.828125 0.2099609375 0.849609375 0.2177734375 0.87109375 0.1884765625 0.8291015625 0.150390625 0.8037109375 0.15625 0.828125 0.2099609375
0 0.7529296875 0.580078125 0.703125 0.5908203125 0.744140625 0.6123046875 0.7529296875 0.580078125