0 0.4130859375 0.4609375 0.44140625 0.4677734375 0.455078125 0.4423828125 0.4384765625 0.423828125 0.3984375 0.4306640625 0.4130859375 0.4609375
0 0.50390625 0.4970703125 0.505859375 0.4658203125 0.4775390625 0.458984375 0.470703125 0.4892578125 0.50390625 0.4970703125
0 0.224609375 0.6591796875 0.240234375 0.6787109375 0.2763671875 0.66796875 0.283203125 0.6455078125 0.2333984375 0.642578125 0.224609375 0.6591796875
0 0.205078125 0.5810546875 0.2265625 0.5615234375 0.2001953125 0.546875 0.185546875 0.5732421875 0.205078125 0.5810546875
0 0.0400390625 0.669921875 0.0390625 0.7236328125 0.078125 0.7392578125 0.125 0.6787109375 0.1025390625 0.669921875 0.0673828125 0.693359375 0.0400390625 0.669921875
0 0.51953125 0.5986328125 0.548828125 0.6083984375 0.560546875 0.6005859375 0.548828125 0.5732421875 0.5146484375 0.568359375 0.51953125 0.5986328125
0 0.7705078125 0.55859375 0.73046875 0.5634765625 0.75390625 0.5791015625 0.7705078125 0.55859375
0 0.701171875 0.5615234375 0.70703125 0.5478515625 0.6806640625 0.5234375 0.62890625 0.5400390625 0.701171875 0.5615234375
0 0.8203125 0.3193359375 0.83984375 0.2978515625 0.7978515625 0.287109375 0.787109375 0.3095703125 0.8203125 0.3193359375
0 0.68359375 0.2783203125 0.716796875 0.2529296875 0.6650390625 0.248046875 0.66015625 0.2724609375 0.68359375 0.2783203125
0 0.6123046875 0.2890625 0.564453125 0.2998046875 0.587890625 0.3291015625 0.6123046875 0.2890625
0 0.71484375 0.4697265625 0.728515625 0.4521484375 0.6923828125 0.439453125 0.685546875 0.4619140625 0.71484375 0.4697265625
0 0.181640625 0.8349609375 0.1884765625 0.857421875 0.234375 0.8681640625 0.248046875 0.8564453125 0.2392578125 0.818359375 0.2099609375 0.8125 0.181640625 0.8349609375
0 0.14453125 0.7568359375 0.21875 0.6982421875 0.1494140625 0.71875 0.125 0.7548828125 0.14453125 0.7568359375
0 0.5703125 0.2490234375 0.5703125 0.2216796875 0.5517578125 0.21875 0.548828125 0.2470703125 0.5703125 0.2490234375
0 0.0771484375 0.46875 0.0751953125 0.451171875 0.060546875 0.4990234375 0.0849609375 0.48046875 0.1220703125 0.48046875 0.142578125 0.4404296875 0.0771484375 0.46875
0 0.0517578125 0.548828125 0.03125 0.6337890625 0.044921875 0.6513671875 0.07421875 0.6298828125 0.078125 0.6005859375 0.076171875 0.5576171875 0.0517578125 0.548828125
0 0.10546875 0.6826171875 0.12109375 0.6865234375 0.1640625 0.6533203125 0.1318359375 0.646484375 0.1162109375 0.658203125 0.10546875 0.6826171875
0 0.44921875 0.4267578125 0.46875 0.4091796875 0.4521484375 0.38671875 0.435546875 0.4072265625 0.44921875 0.4267578125
0 0.87890625 0.1298828125 0.92578125 0.0654296875 0.9111328125 0.046875 0.861328125 0.0908203125 0.87890625 0.1298828125
0 0.337890625 0.6748046875 0.365234375 0.6767578125 0.4013671875 0.671875 0.404296875 0.6455078125 0.3427734375 0.6484375 0.337890625 0.6748046875