0 0.3671875 0.3837890625 0.3955078125 0.431640625 0.443359375 0.4345703125 0.474609375 0.4150390625 0.46484375 0.3623046875 0.4111328125 0.328125 0.3671875 0.3837890625
0 0.30859375 0.3447265625 0.326171875 0.3466796875 0.35546875 0.3056640625 0.3349609375 0.291015625 0.3125 0.2978515625 0.30859375 0.3447265625
0 0.8037109375 0.32421875 0.7744140625 0.31640625 0.76171875 0.3408203125 0.802734375 0.4091796875 0.87890625 0.3876953125 0.875 0.3369140625 0.8310546875 0.30859375 0.8037109375 0.32421875
0 0.5986328125 0.08984375 0.578125 0.1259765625 0.5908203125 0.150390625 0.6494140625 0.1328125 0.685546875 0.1533203125 0.685546875 0.1357421875 0.646484375 0.0986328125 0.6533203125 0.076171875 0.5986328125 0.08984375
0 0.1875 0.6201171875 0.2080078125 0.564453125 0.146484375 0.5830078125 0.1552734375 0.619140625 0.1875 0.6201171875
0 0.1259765625 0.419921875 0.1875 0.4365234375 0.15234375 0.4091796875 0.1474609375 0.3828125 0.123046875 0.3818359375 0.1259765625 0.419921875
0 0.87109375 0.2138671875 0.84765625 0.2333984375 0.88671875 0.2587890625 0.890625 0.3076171875 0.875 0.3330078125 0.9189453125 0.365234375 0.9326171875 0.34765625 0.92578125 0.3779296875 0.95703125 0.4150390625 0.974609375 0.3447265625 0.966796875 0.2880859375 0.8857421875 0.146484375 0.87109375 0.2138671875
0 0.4296875 0.1923828125 0.4658203125 0.140625 0.423828125 0.1552734375 0.412109375 0.1884765625 0.4296875 0.1923828125
0 0.49609375 0.1787109375 0.51171875 0.1845703125 0.529296875 0.1708984375 0.5322265625 0.12109375 0.48828125 0.1396484375 0.49609375 0.1787109375
0 0.69921875 0.1689453125 0.7177734375 0.185546875 0.751953125 0.1865234375 0.69921875 0.1689453125
0 0.787109375 0.7255859375 0.8203125 0.7001953125 0.837890625 0.6259765625 0.7919921875 0.6171875 0.6474609375 0.6875 0.5498046875 0.7578125 0.5009765625 0.7734375 0.4619140625 0.765625 0.3955078125 0.796875 0.36328125 0.8330078125 0.373046875 0.8525390625 0.357421875 0.8935546875 0.310546875 0.9326171875 0.341796875 0.9423828125 0.5615234375 0.927734375 0.7080078125 0.794921875 0.7734375 0.7646484375 0.787109375 0.7255859375
0 0.3828125 0.7412109375 0.359375 0.7841796875 0.3642578125 0.794921875 0.423828125 0.7939453125 0.4921875 0.7275390625 0.484375 0.6943359375 0.4560546875 0.673828125 0.3828125 0.7412109375
0 0.5869140625 0.544921875 0.5537109375 0.5625 0.529296875 0.6025390625 0.5361328125 0.6328125 0.58203125 0.6376953125 0.6337890625 0.6328125 0.640625 0.6044921875 0.634765625 0.5712890625 0.5869140625 0.544921875
0 0.1181640625 0.765625 0.0810546875 0.724609375 0.068359375 0.7822265625 0.080078125 0.8056640625 0.203125 0.9052734375 0.208984375 0.8759765625 0.169921875 0.7880859375 0.185546875 0.7724609375 0.1181640625 0.765625
0 0.703125 0.0712890625 0.708984375 0.1083984375 0.732421875 0.1142578125 0.751953125 0.1064453125 0.765625 0.0751953125 0.7548828125 0.064453125 0.703125 0.0712890625
0 0.203125 0.5107421875 0.2109375 0.4853515625 0.1787109375 0.44921875 0.16796875 0.4931640625 0.203125 0.5107421875
0 0.248046875 0.4912109375 0.263671875 0.4951171875 0.283203125 0.4892578125 0.2802734375 0.46875 0.24609375 0.4716796875 0.248046875 0.4912109375