0 0.78515625 0.3603515625 0.826171875 0.3701171875 0.826171875 0.3134765625 0.8115234375 0.3046875 0.7822265625 0.318359375 0.78515625 0.3603515625
0 0.708984375 0.3720703125 0.744140625 0.3291015625 0.6982421875 0.3046875 0.673828125 0.3544921875 0.708984375 0.3720703125
0 0.8955078125 0.560546875 0.859375 0.5693359375 0.8984375 0.5869140625 0.8955078125 0.560546875
0 0.6640625 0.5498046875 0.67578125 0.5244140625 0.6474609375 0.517578125 0.642578125 0.5498046875 0.6640625 0.5498046875
0 0.6552734375 0.482421875 0.6796875 0.4833984375 0.703125 0.4677734375 0.6826171875 0.4453125 0.654296875 0.4599609375 0.6552734375 0.482421875
0 0.44921875 0.7822265625 0.458984375 0.7529296875 0.4306640625 0.751953125 0.41796875 0.7783203125 0.44921875 0.7822265625
0 0.396484375 0.7802734375 0.412109375 0.7509765625 0.3759765625 0.734375 0.369140625 0.7666015625 0.396484375 0.7802734375
0 0.533203125 0.8955078125 0.54296875 0.8798828125 0.5048828125 0.859375 0.5 0.8876953125 0.533203125 0.8955078125
0 0.50390625 0.8466796875 0.51953125 0.8251953125 0.4853515625 0.8125 0.482421875 0.8427734375 0.50390625 0.8466796875
0 0.244140625 0.7763671875 0.267578125 0.7587890625 0.2333984375 0.744140625 0.22265625 0.7685546875 0.244140625 0.7763671875
0 0.2734375 0.5791015625 0.330078125 0.5966796875 0.345703125 0.5693359375 0.3349609375 0.552734375 0.2998046875 0.556640625 0.2734375 0.5791015625
0 0.4052734375 0.494140625 0.43359375 0.4970703125 0.439453125 0.4580078125 0.4228515625 0.4375 0.392578125 0.4736328125 0.4052734375 0.494140625
0 0.5009765625 0.66015625 0.56640625 0.6689453125 0.580078125 0.6357421875 0.5615234375 0.61328125 0.5 0.6220703125 0.5009765625 0.66015625
0 0.2939453125 0.35546875 0.291015625 0.3837890625 0.3125 0.3955078125 0.3447265625 0.392578125 0.36328125 0.3681640625 0.3271484375 0.349609375 0.2939453125 0.35546875
0 0.41796875 0.3232421875 0.44140625 0.3330078125 0.48828125 0.3095703125 0.4794921875 0.287109375 0.423828125 0.2978515625 0.41796875 0.3232421875
0 0.234375 0.9365234375 0.2138671875 0.90625 0.171875 0.9091796875 0.1767578125 0.927734375 0.234375 0.9365234375
0 0.22265625 0.3505859375 0.25 0.3388671875 0.2470703125 0.3125 0.197265625 0.3447265625 0.22265625 0.3505859375
0 0.2939453125 0.3125 0.3125 0.3115234375 0.341796875 0.2802734375 0.3349609375 0.25 0.28125 0.2822265625 0.2939453125 0.3125
0 0.388671875 0.9228515625 0.396484375 0.9033203125 0.3798828125 0.888671875 0.375 0.9208984375 0.388671875 0.9228515625