0 0.6318359375 0.4765625 0.6201171875 0.490234375 0.6162109375 0.4765625 0.5966796875 0.486328125 0.587890625 0.4990234375 0.609375 0.5048828125 0.5732421875 0.5234375 0.548828125 0.5166015625 0.6103515625 0.439453125 0.6806640625 0.40625 0.7880859375 0.419921875 0.8203125 0.4013671875 0.82421875 0.3505859375 0.873046875 0.2978515625 0.8828125 0.2548828125 0.947265625 0.1865234375 0.955078125 0.1435546875 0.93359375 0.1376953125 0.94140625 0.1162109375 0.92578125 0.0830078125 0.94921875 0.0517578125 0.9462890625 0.0234375 0.7568359375 0.10546875 0.6064453125 0.126953125 0.5673828125 0.150390625 0.4638671875 0.146484375 0.431640625 0.1630859375 0.4501953125 0.185546875 0.5107421875 0.181640625 0.521484375 0.2392578125 0.4091796875 0.2890625 0.376953125 0.3232421875 0.375 0.3369140625 0.416015625 0.3642578125 0.37890625 0.4013671875 0.369140625 0.4384765625 0.4208984375 0.498046875 0.47265625 0.5146484375 0.513671875 0.5986328125 0.537109375 0.6103515625 0.5888671875 0.53515625 0.66015625 0.5205078125 0.6484375 0.4833984375 0.6318359375 0.4765625
0 0.373046875 0.8623046875 0.4296875 0.8291015625 0.42578125 0.7900390625 0.4013671875 0.767578125 0.3154296875 0.78125 0.29296875 0.8056640625 0.291015625 0.8486328125 0.306640625 0.8662109375 0.28125 0.9111328125 0.3115234375 0.93359375 0.3857421875 0.921875 0.40625 0.9365234375 0.46484375 0.9287109375 0.4541015625 0.908203125 0.4248046875 0.904296875 0.373046875 0.8623046875
0 0.6630859375 0.798828125 0.62109375 0.8154296875 0.65234375 0.8291015625 0.6630859375 0.798828125
0 0.5634765625 0.734375 0.521484375 0.7841796875 0.533203125 0.8154296875 0.556640625 0.8271484375 0.5810546875 0.8046875 0.6015625 0.8095703125 0.591796875 0.7646484375 0.5634765625 0.734375
0 0.2587890625 0.310546875 0.234375 0.3037109375 0.25390625 0.2958984375 0.2568359375 0.26953125 0.2626953125 0.28515625 0.294921875 0.2626953125 0.2822265625 0.2265625 0.2431640625 0.2421875 0.21484375 0.2861328125 0.162109375 0.3232421875 0.142578125 0.3837890625 0.07421875 0.4462890625 0.095703125 0.5205078125 0.134765625 0.5439453125 0.1923828125 0.541015625 0.265625 0.4775390625 0.265625 0.2939453125 0.2587890625 0.310546875
0 0.416015625 0.1904296875 0.443359375 0.1845703125 0.4365234375 0.150390625 0.369140625 0.1708984375 0.416015625 0.1904296875
0 0.333984375 0.3076171875 0.3046875 0.2900390625 0.310546875 0.2626953125 0.2666015625 0.25390625 0.248046875 0.2646484375 0.2265625 0.3095703125 0.23046875 0.3408203125 0.20703125 0.3544921875 0.189453125 0.4130859375 0.220703125 0.4501953125 0.19921875 0.5517578125 0.2353515625 0.591796875 0.28125 0.5908203125 0.31640625 0.5361328125 0.30859375 0.5205078125 0.34375 0.3603515625 0.333984375 0.3076171875
0 0.15234375 0.7490234375 0.1572265625 0.771484375 0.19140625 0.7763671875 0.216796875 0.7451171875 0.2099609375 0.7265625 0.1728515625 0.73046875 0.15234375 0.7490234375
0 0.2431640625 0.7265625 0.287109375 0.7255859375 0.298828125 0.7080078125 0.2802734375 0.69140625 0.23828125 0.7060546875 0.2431640625 0.7265625
0 0.0732421875 0.494140625 0.0546875 0.5068359375 0.03125 0.6962890625 0.033203125 0.8232421875 0.0546875 0.8310546875 0.1484375 0.7451171875 0.12109375 0.5966796875 0.091796875 0.5087890625 0.0732421875 0.494140625
0 0.12109375 0.5712890625 0.140625 0.6337890625 0.16796875 0.6201171875 0.169921875 0.5634765625 0.1533203125 0.55078125 0.12109375 0.5712890625
0 0.9677734375 0.328125 0.9453125 0.3388671875 0.92578125 0.3935546875 0.935546875 0.4091796875 0.95703125 0.4013671875 0.9638671875 0.37109375 0.982421875 0.3896484375 0.9677734375 0.328125