0 0.033203125 0.1025390625 0.08203125 0.0927734375 0.0908203125 0.037109375 0.029296875 0.0751953125 0.033203125 0.1025390625
0 0.169921875 0.0361328125 0.2138671875 0.07421875 0.2578125 0.0849609375 0.333984375 0.0400390625 0.2587890625 0.017578125 0.2060546875 0.044921875 0.169921875 0.0361328125
0 0.0615234375 0.263671875 0.0390625 0.3544921875 0.08984375 0.3544921875 0.109375 0.3427734375 0.111328125 0.2919921875 0.0908203125 0.26171875 0.0615234375 0.263671875
0 0.251953125 0.2548828125 0.2080078125 0.19140625 0.162109375 0.2275390625 0.1943359375 0.251953125 0.251953125 0.2548828125
0 0.068359375 0.4091796875 0.111328125 0.3935546875 0.0673828125 0.380859375 0.0390625 0.3974609375 0.068359375 0.4091796875
0 0.439453125 0.4990234375 0.4482421875 0.51171875 0.490234375 0.5126953125 0.560546875 0.4814453125 0.5537109375 0.423828125 0.5068359375 0.4140625 0.439453125 0.4990234375
0 0.4189453125 0.359375 0.3662109375 0.353515625 0.3486328125 0.3828125 0.3232421875 0.388671875 0.2392578125 0.37890625 0.201171875 0.4111328125 0.2197265625 0.4765625 0.302734375 0.4833984375 0.392578125 0.4560546875 0.384765625 0.4189453125 0.412109375 0.3916015625 0.4189453125 0.359375
0 0.318359375 0.7333984375 0.3251953125 0.751953125 0.361328125 0.7529296875 0.390625 0.7431640625 0.3818359375 0.71484375 0.3408203125 0.71484375 0.318359375 0.7333984375
0 0.3818359375 0.62890625 0.36328125 0.6552734375 0.3671875 0.6767578125 0.4169921875 0.703125 0.4345703125 0.73046875 0.462890625 0.7333984375 0.52734375 0.7197265625 0.50390625 0.6337890625 0.4443359375 0.607421875 0.3818359375 0.62890625
0 0.1962890625 0.599609375 0.1044921875 0.53125 0.0751953125 0.533203125 0.166015625 0.7060546875 0.208984375 0.7373046875 0.26953125 0.7255859375 0.240234375 0.6826171875 0.23046875 0.5888671875 0.1962890625 0.599609375
0 0.638671875 0.3720703125 0.6884765625 0.337890625 0.697265625 0.3134765625 0.6142578125 0.263671875 0.607421875 0.2177734375 0.5751953125 0.1953125 0.587890625 0.2607421875 0.560546875 0.2919921875 0.564453125 0.3916015625 0.5986328125 0.400390625 0.6103515625 0.435546875 0.6640625 0.4404296875 0.68359375 0.4345703125 0.685546875 0.4072265625 0.6474609375 0.39453125 0.638671875 0.3720703125
0 0.755859375 0.4091796875 0.7587890625 0.375 0.720703125 0.3837890625 0.7275390625 0.41015625 0.755859375 0.4091796875
0 0.73046875 0.4853515625 0.771484375 0.4990234375 0.80078125 0.4560546875 0.7802734375 0.431640625 0.7392578125 0.4296875 0.73046875 0.4853515625
0 0.6357421875 0.498046875 0.5791015625 0.529296875 0.5625 0.5595703125 0.5791015625 0.591796875 0.62109375 0.5966796875 0.6474609375 0.591796875 0.6875 0.5537109375 0.646484375 0.5283203125 0.6357421875 0.498046875
0 0.71875 0.6708984375 0.71484375 0.7138671875 0.80078125 0.7666015625 0.841796875 0.6689453125 0.8134765625 0.640625 0.7783203125 0.6328125 0.71875 0.6708984375
0 0.41796875 0.9619140625 0.4326171875 0.912109375 0.3896484375 0.90625 0.361328125 0.9248046875 0.41796875 0.9619140625
0 0.73828125 0.9580078125 0.7490234375 0.919921875 0.677734375 0.9248046875 0.7158203125 0.958984375 0.73828125 0.9580078125
0 0.828125 0.8447265625 0.8349609375 0.822265625 0.794921875 0.8232421875 0.7998046875 0.841796875 0.828125 0.8447265625
0 0.09375 0.2763671875 0.111328125 0.2802734375 0.138671875 0.2626953125 0.1376953125 0.236328125 0.09375 0.2470703125 0.09375 0.2763671875