0 0.1279296875 0.1484375 0.099609375 0.1611328125 0.1123046875 0.197265625 0.154296875 0.2138671875 0.17578125 0.1943359375 0.150390625 0.1787109375 0.1533203125 0.1640625 0.1279296875 0.1484375
0 0.10546875 0.2529296875 0.1318359375 0.296875 0.169921875 0.3115234375 0.205078125 0.2919921875 0.205078125 0.2705078125 0.1826171875 0.248046875 0.10546875 0.2529296875
0 0.19140625 0.0927734375 0.2412109375 0.13671875 0.310546875 0.1513671875 0.369140625 0.1318359375 0.2587890625 0.12109375 0.185546875 0.0673828125 0.19140625 0.0927734375
0 0.310546875 0.3291015625 0.337890625 0.2958984375 0.2822265625 0.29296875 0.279296875 0.3134765625 0.310546875 0.3291015625
0 0.27734375 0.5927734375 0.2861328125 0.56640625 0.234375 0.5595703125 0.2431640625 0.58984375 0.27734375 0.5927734375
0 0.4140625 0.3369140625 0.42578125 0.3603515625 0.47265625 0.3779296875 0.486328125 0.3603515625 0.48046875 0.3251953125 0.4248046875 0.310546875 0.4140625 0.3369140625
0 0.4140625 0.4384765625 0.43359375 0.4169921875 0.4208984375 0.388671875 0.39453125 0.4208984375 0.4140625 0.4384765625
0 0.4609375 0.5419921875 0.474609375 0.5263671875 0.4404296875 0.498046875 0.4375 0.5302734375 0.4609375 0.5419921875
0 0.3525390625 0.515625 0.34375 0.5380859375 0.373046875 0.5478515625 0.4091796875 0.544921875 0.416015625 0.5283203125 0.4033203125 0.515625 0.3525390625 0.515625
0 0.421875 0.6845703125 0.455078125 0.6142578125 0.3681640625 0.611328125 0.3984375 0.6845703125 0.421875 0.6845703125
0 0.48828125 0.2900390625 0.51953125 0.3095703125 0.517578125 0.4013671875 0.537109375 0.4072265625 0.572265625 0.3916015625 0.59375 0.3017578125 0.5498046875 0.26953125 0.48828125 0.2900390625
0 0.650390625 0.5087890625 0.662109375 0.5068359375 0.6552734375 0.484375 0.62109375 0.4873046875 0.650390625 0.5087890625
0 0.677734375 0.3466796875 0.712890625 0.3076171875 0.6416015625 0.2578125 0.66015625 0.3408203125 0.677734375 0.3466796875
0 0.583984375 0.4306640625 0.59765625 0.4521484375 0.689453125 0.4169921875 0.6767578125 0.35546875 0.61328125 0.3662109375 0.583984375 0.4306640625
0 0.525390625 0.2841796875 0.53125 0.4052734375 0.576171875 0.3935546875 0.5908203125 0.283203125 0.5439453125 0.271484375 0.525390625 0.2841796875
0 0.79296875 0.5068359375 0.7041015625 0.49609375 0.6708984375 0.470703125 0.6279296875 0.4765625 0.619140625 0.5146484375 0.63671875 0.5244140625 0.61328125 0.5478515625 0.61328125 0.5771484375 0.6923828125 0.576171875 0.693359375 0.5517578125 0.7119140625 0.55078125 0.6953125 0.5556640625 0.6953125 0.5751953125 0.7158203125 0.595703125 0.7451171875 0.564453125 0.74609375 0.5869140625 0.728515625 0.5947265625 0.734375 0.6376953125 0.7529296875 0.662109375 0.77734375 0.6630859375 0.791015625 0.5791015625 0.765625 0.5712890625 0.78125 0.5615234375 0.79296875 0.5068359375
0 0.64453125 0.8037109375 0.646484375 0.7841796875 0.6162109375 0.75390625 0.60546875 0.7958984375 0.64453125 0.8037109375
0 0.5458984375 0.56640625 0.513671875 0.6005859375 0.548828125 0.6630859375 0.50390625 0.6806640625 0.501953125 0.7177734375 0.5966796875 0.732421875 0.609375 0.7470703125 0.564453125 0.6826171875 0.59765625 0.6357421875 0.578125 0.5732421875 0.5458984375 0.56640625
0 0.70703125 0.6923828125 0.70703125 0.6748046875 0.6865234375 0.66796875 0.6875 0.6923828125 0.70703125 0.6923828125
0 0.7841796875 0.61328125 0.755859375 0.6220703125 0.7666015625 0.6328125 0.7412109375 0.6171875 0.73828125 0.6552734375 0.7939453125 0.6796875 0.818359375 0.7216796875 0.833984375 0.7060546875 0.8359375 0.6435546875 0.8017578125 0.642578125 0.7841796875 0.61328125
0 0.6787109375 0.283203125 0.68359375 0.3310546875 0.71484375 0.3408203125 0.68359375 0.3466796875 0.697265625 0.3505859375 0.685546875 0.3603515625 0.6953125 0.3955078125 0.7236328125 0.3984375 0.7275390625 0.37890625 0.7470703125 0.41015625 0.7900390625 0.42578125 0.8466796875 0.478515625 0.87890625 0.4853515625 0.7060546875 0.296875 0.685546875 0.3251953125 0.693359375 0.2880859375 0.6787109375 0.283203125
0 0.908203125 0.8759765625 0.9443359375 0.828125 0.9208984375 0.826171875 0.89453125 0.8525390625 0.908203125 0.8759765625
0 0.9189453125 0.708984375 0.962890625 0.6806640625 0.96484375 0.6982421875 0.916015625 0.7509765625 0.9208984375 0.7734375 0.962890625 0.7900390625 0.96875 0.6767578125 0.9267578125 0.626953125 0.890625 0.6630859375 0.9189453125 0.708984375
0 0.759765625 0.7763671875 0.771484375 0.7568359375 0.7548828125 0.74609375 0.748046875 0.7724609375 0.759765625 0.7763671875
0 0.875 0.7900390625 0.87890625 0.7568359375 0.8642578125 0.75 0.84375 0.7783203125 0.875 0.7900390625
0 0.345703125 0.7763671875 0.3564453125 0.80859375 0.404296875 0.8134765625 0.41796875 0.7978515625 0.4033203125 0.771484375 0.3681640625 0.763671875 0.345703125 0.7763671875
0 0.525390625 0.9462890625 0.54296875 0.9541015625 0.580078125 0.9287109375 0.5595703125 0.90625 0.525390625 0.9189453125 0.525390625 0.9462890625
0 0.6328125 0.7998046875 0.64453125 0.7880859375 0.6220703125 0.765625 0.607421875 0.7880859375 0.6328125 0.7998046875
0 0.771484375 0.8662109375 0.787109375 0.8798828125 0.81640625 0.8662109375 0.8095703125 0.787109375 0.7734375 0.8173828125 0.771484375 0.8662109375
0 0.123046875 0.3486328125 0.123046875 0.3896484375 0.158203125 0.4111328125 0.193359375 0.3798828125 0.1630859375 0.3359375 0.1435546875 0.333984375 0.123046875 0.3486328125