0 0.533203125 0.5631657375 0.5283203125 0.5514602140625 0.4658203125 0.5488589859374999 0.388671875 0.5631657375 0.3896484375 0.5878774 0.4208984375 0.60868721875 0.4423828125 0.6034847625 0.4541015625 0.6268958109375 0.474609375 0.628196425 0.5009765625 0.6034847625 0.5087890625 0.5826749437500001 0.529296875 0.5813743296875 0.533203125 0.5631657375
0 0.5273437484375 0.63079765 0.5205078125 0.6216933546875001 0.4892578125 0.6216933546875001 0.4765625 0.638601334375 0.4804687484375 0.7114357015625 0.490234375 0.737447975 0.498046875 0.740049203125 0.548828125 0.6854234265625 0.548828125 0.6724172890625 0.5273437484375 0.6490062437499999 0.5273437484375 0.63079765
0 0.580078125 0.656809925 0.580078125 0.6698160625 0.5898437484375 0.6776197453125 0.609375 0.6620123796875 0.6064453125 0.6320982640625 0.5908203125 0.6373007203125 0.580078125 0.656809925
0 0.705078125 0.6698160625 0.7070312515625 0.6906258828125 0.716796875 0.7010307921875001 0.734375 0.6698160625 0.7255859375 0.6373007203125 0.7109375 0.646405015625 0.705078125 0.6698160625
0 0.6181640625 0.2549202890625 0.6054687484375 0.28743562968749997 0.611328125 0.3212515875 0.6259765625 0.33295711093749997 0.654296875 0.331656496875 0.666015625 0.323852815625 0.6679687484375 0.2770307203125 0.6494140625 0.27573010781249996 0.6181640625 0.2549202890625
0 0.6845703125 0.3095460625 0.6757812515625 0.3264540421875 0.6796875 0.3498650875 0.703125 0.365472453125 0.720703125 0.334257725 0.720703125 0.3134479046875 0.7099609375 0.30174238125 0.6845703125 0.3095460625
0 0.5048828125 0.3511657015625 0.4921875 0.3706749078125 0.4921875 0.3862822734375 0.537109375 0.414895775 0.548828125 0.40709209218750003 0.546875 0.36807368125 0.5244140625 0.3511657015625 0.5048828125 0.3511657015625
0 0.4111328125 0.42400007031250003 0.390625 0.46171786875 0.390625 0.4825276890625 0.4091796875 0.5072393468749999 0.4257812515625 0.505938734375 0.4375 0.4877301421875 0.4375 0.46171786875 0.431640625 0.43830682187500003 0.4111328125 0.42400007031250003
0 0.2617187484375 0.45131295937499993 0.263671875 0.472122778125 0.271484375 0.49813505156250004 0.287109375 0.5033375078125 0.294921875 0.4669203234375 0.2822265625 0.44220866406250003 0.2705078125 0.44220866406250003 0.2617187484375 0.45131295937499993
0 0.341796875 0.3472638625 0.3632812515625 0.4174970015625 0.392578125 0.35246631562499997 0.3779296875 0.32515342812500003 0.3583984375 0.32515342812500003 0.341796875 0.3472638625
0 0.435546875 0.271828265625 0.4111328125 0.27573010781249996 0.404296875 0.2900368578125 0.4101562515625 0.31865035937499997 0.4384765625 0.3277546546875 0.4453125 0.35246631562499997 0.451171875 0.35246631562499997 0.458984375 0.344662634375 0.458984375 0.323852815625 0.439453125 0.2926380859375 0.435546875 0.271828265625
0 0.5439453125 0.23411046875000002 0.5537109375 0.2367116953125 0.5712890625 0.2627239703125 0.5898437484375 0.24841721875 0.5732421875 0.2289080140625 0.5478515625 0.2289080140625 0.5224609375 0.21330065 0.5087890625 0.218503103125 0.4951171875 0.24971783281249998 0.4716796875 0.23150924218750002 0.4609375 0.25622090000000003 0.4755859375 0.265325196875 0.482421875 0.2822331765625 0.470703125 0.3108466765625 0.4892578125 0.3277546546875 0.5078125 0.3264540421875 0.513671875 0.3134479046875 0.4912109375 0.270527653125 0.5302734375 0.278331334375 0.5439453125 0.23411046875000002
0 0.615234375 0.3940859546875 0.6210937484375 0.365472453125 0.6005859375 0.3589693859375 0.5976562515625 0.3862822734375 0.615234375 0.3940859546875
0 0.515625 0.4669203234375 0.5 0.47732523281250006 0.5 0.49553382343749997 0.5117187484375 0.5033375078125 0.525390625 0.4877301421875 0.5244140625 0.43960743593749996 0.513671875 0.446110503125 0.515625 0.4669203234375
0 0.2148437484375 0.3914847265625 0.220703125 0.4279019125 0.2294921875 0.4370062078125 0.2607421875 0.4318037515625 0.279296875 0.40449086406249996 0.28125 0.3862822734375 0.271484375 0.3732761359375 0.2851562515625 0.339460178125 0.275390625 0.3134479046875 0.2763671875 0.29133747187500003 0.2890625 0.30044176718750004 0.298828125 0.334257725 0.3125 0.34206140625 0.314453125 0.3732761359375 0.3203125 0.3706749078125 0.3164062515625 0.344662634375 0.328125 0.3056442234375 0.3085937484375 0.23280985625 0.3408203125 0.22110433125 0.2939453125 0.22110433125 0.2236328125 0.2549202890625 0.1865234375 0.28873624375 0.162109375 0.334257725 0.12109374843750001 0.3862822734375 0.1171875 0.40449086406249996 0.1337890625 0.42139884375000003 0.15625 0.42269945625 0.1474609375 0.41099393281249996 0.1328125 0.40969332031250005 0.1337890625 0.40058902500000004 0.1513671875 0.39018411249999996 0.1572265625 0.4161963875 0.1611328125 0.39798779687499997 0.1904296875 0.4161963875 0.185546875 0.446110503125 0.1953125 0.45651541250000005 0.2070312515625 0.44090805 0.2109375 0.412294546875 0.2041015625 0.37977920468750004 0.2148437484375 0.3914847265625
0 0.4453125 0.25101844687499997 0.4501953125 0.2028957375 0.3564453125 0.21330065 0.322265625 0.225006171875 0.3466796875 0.23411046875000002 0.359375 0.25622090000000003 0.361328125 0.2848344046875 0.3681640625 0.2939387 0.384765625 0.2952393140625 0.396484375 0.2822331765625 0.3994140625 0.2393129234375 0.4306640625 0.2601227421875 0.4453125 0.25101844687499997
0 0.150390625 0.459116640625 0.1445312515625 0.43050314062500006 0.1318359375 0.42400007031250003 0.1181640625 0.39538656875 0.083984375 0.4643190953125 0.1171875 0.4929325984375 0.1220703125 0.4552147984375 0.1318359375 0.4552147984375 0.1416015625 0.473423390625 0.150390625 0.459116640625
0 0.333984375 0.646405015625 0.3134765625 0.6503068578125 0.3125 0.62299396875 0.3017578125 0.6112884453125 0.2929687484375 0.6177915140625 0.306640625 0.6333988781250001 0.2998046875 0.6373007203125 0.2529296875 0.6268958109375 0.2451171875 0.6425031734375 0.2314453125 0.6477056296875 0.2236328125 0.6425031734375 0.2158203125 0.6503068578125 0.2001953125 0.6399019453125 0.189453125 0.646405015625 0.2314453125 0.7127363156250001 0.2802734375 0.7413498171875 0.3134765625 0.775165775 0.349609375 0.7868712953125 0.353515625 0.7218406125 0.328125 0.6828221984375 0.3242187484375 0.65160746875 0.333984375 0.646405015625
0 0.615234375 0.74265043125 0.609375 0.7764663859375001 0.59375 0.8050798890624999 0.5976562515625 0.81028234375 0.634765625 0.7816688421875 0.6367187484375 0.740049203125 0.6318359375 0.7335461359375001 0.615234375 0.74265043125
0 0.53125 0.7920737515625 0.529296875 0.7582577953125 0.5126953125 0.7491534984375 0.5039062515625 0.7660614765625 0.515625 0.7868712953125 0.515625 0.8206872531249999 0.5205078125 0.8323927765624999 0.541015625 0.8310921625000001 0.591796875 0.812883571875 0.5732421875 0.8037792749999999 0.5556640625 0.8141841843750001 0.53125 0.7920737515625
0 0.7265625 0.3966871828125 0.7333984375 0.42139884375000003 0.7460937484375 0.4200982296875 0.763671875 0.4018896359375 0.7607421875 0.3511657015625 0.755859375 0.3706749078125 0.7265625 0.3966871828125