0 0.5078125 0.5803183796875 0.51171875 0.5658465984375 0.51171875 0.5397973953124999 0.4853515625 0.5238784375 0.478515625 0.5340086828125 0.474609375 0.55137481875 0.478515625 0.5774240234375 0.490234375 0.594790159375 0.48828125 0.6179450078125 0.4921875 0.6295224312500001 0.4970703125 0.636758321875 0.5078125 0.63531114375 0.5146484375 0.630969609375 0.521484375 0.6150506515624999 0.521484375 0.600578871875 0.5078125 0.5803183796875
0 0.544921875 0.40955137500000005 0.54296875 0.4298118671875 0.533203125 0.441389290625 0.52734375 0.47322720625 0.5322265625 0.48914616562499996 0.5439453125 0.5007235890625 0.548828125 0.49927641093749997 0.560546875 0.42112879843749995 0.5576171875 0.399421128125 0.5517578125 0.399421128125 0.544921875 0.40955137500000005
0 0.5966796875 0.5151953687499999 0.5908203125 0.5151953687499999 0.5849609375 0.5325615046875 0.5693359375 0.5123010125 0.5615234375 0.50940665625 0.5517578125 0.5151953687499999 0.54296875 0.5455861078125 0.5693359375 0.558610709375 0.576171875 0.55716353125 0.5888671875 0.5325615046875 0.6025390625 0.5354558609375 0.603515625 0.525325615625 0.5966796875 0.5151953687499999
0 0.634765625 0.48769898749999996 0.634765625 0.5021707671875 0.6455078125 0.50940665625 0.6572265625 0.5036179453125 0.66796875 0.510853834375 0.669921875 0.49059334374999997 0.6572265625 0.4659913171875 0.6474609375 0.46309696093749997 0.634765625 0.48769898749999996
0 0.5908203125 0.5151953687499999 0.5859375 0.519536903125 0.5859375 0.5282199703125 0.591796875 0.5311143265625 0.5927734375 0.5238784375 0.6015625 0.525325615625 0.5986328125 0.5180897250000001 0.5908203125 0.5151953687499999
0 0.6328125 0.6816208390625 0.6416015625 0.697539796875 0.6484375 0.6989869750000001 0.6494140625 0.6801736609375 0.6474609375 0.6888567296875 0.6357421875 0.6772793046875 0.6328125 0.6816208390625
0 0.6201171875 0.5441389296875 0.6064453125 0.549927640625 0.59765625 0.5745296671875 0.59765625 0.586107090625 0.6005859375 0.590448625 0.6201171875 0.5846599125 0.623046875 0.589001446875 0.6171875 0.600578871875 0.619140625 0.6150506515624999 0.61328125 0.6324167875 0.6396484375 0.6512301015624999 0.64453125 0.6497829234375 0.64453125 0.6121562953125 0.6328125 0.5976845156249999 0.62890625 0.5542691750000001 0.6201171875 0.5441389296875
0 0.568359375 0.6439942109375 0.5634765625 0.65991316875 0.5458984375 0.6541244578125001 0.541015625 0.661360346875 0.54296875 0.6816208390625 0.5498046875 0.6917510859375 0.560546875 0.6960926187500001 0.568359375 0.6903039078125001 0.583984375 0.6526772796875 0.5771484375 0.636758321875 0.568359375 0.6439942109375
0 0.509765625 0.371924746875 0.529296875 0.3835021703125 0.529296875 0.3487698984375 0.5205078125 0.338639653125 0.509765625 0.3574529671875 0.509765625 0.371924746875
0 0.5927734375 0.2489146171875 0.587890625 0.25615050625 0.583984375 0.287988421875 0.58984375 0.29088277812499996 0.62109375 0.26483357500000004 0.6142578125 0.2460202609375 0.6083984375 0.2431259046875 0.5927734375 0.2489146171875
0 0.6416015625 0.29811866875000004 0.634765625 0.3140376265625 0.654296875 0.33140376250000003 0.66796875 0.293777134375 0.6513671875 0.2807525328125 0.6484375 0.296671490625 0.6416015625 0.29811866875000004
0 0.7265625 0.33429811875 0.7392578125 0.3560057890625 0.759765625 0.3574529671875 0.763671875 0.3516642546875 0.759765625 0.3169319828125 0.7392578125 0.301013025 0.7265625 0.33429811875
0 0.8056640625 0.2431259046875 0.78515625 0.26193921875 0.783203125 0.2793053546875 0.7861328125 0.2836468890625 0.7998046875 0.2836468890625 0.8154296875 0.2952243125 0.822265625 0.293777134375 0.82421875 0.28219971093749996 0.818359375 0.26483357500000004 0.8212890625 0.2373371921875 0.8056640625 0.2431259046875
0 0.4208984375 0.5209840812500001 0.4150390625 0.5209840812500001 0.4033203125 0.5325615046875 0.3857421875 0.5180897250000001 0.388671875 0.5340086828125 0.404296875 0.5600578875 0.4111328125 0.547033284375 0.4248046875 0.547033284375 0.427734375 0.5311143265625 0.4208984375 0.5209840812500001
0 0.607421875 0.7163531109375 0.6142578125 0.7264833578125 0.619140625 0.7250361796875 0.623046875 0.7221418234375 0.62109375 0.7134587546875 0.6103515625 0.706222865625 0.607421875 0.7163531109375
0 0.6259765625 0.7206946453125 0.623046875 0.7424023156249999 0.6279296875 0.74384949375 0.6337890625 0.7583212734375 0.640625 0.7568740953125 0.6484375 0.748191028125 0.640625 0.7424023156249999 0.6357421875 0.7264833578125 0.6259765625 0.7206946453125
0 0.5361328125 0.7959479015625 0.5283203125 0.7959479015625 0.525390625 0.8002894359375 0.52734375 0.814761215625 0.533203125 0.814761215625 0.5595703125 0.8046309703125001 0.5625 0.7887120109375 0.5478515625 0.781476121875 0.5361328125 0.7959479015625
0 0.591796875 0.3227206953125 0.591796875 0.3140376265625 0.5869140625 0.3125904484375 0.5849609375 0.30390738125 0.5810546875 0.3154848046875 0.5634765625 0.3154848046875 0.5546875 0.32561505 0.572265625 0.3487698984375 0.572265625 0.371924746875 0.580078125 0.374819103125 0.5849609375 0.36468885625 0.603515625 0.3574529671875 0.6015625 0.33140376250000003 0.591796875 0.3227206953125