0 0.06640625 0.5380859375 0.125 0.5146484375 0.0810546875 0.431640625 0.083984375 0.4970703125 0.06640625 0.5380859375
0 0.185546875 0.3388671875 0.1865234375 0.298828125 0.171875 0.3037109375 0.158203125 0.4560546875 0.16796875 0.4833984375 0.189453125 0.4736328125 0.212890625 0.4130859375 0.208984375 0.3720703125 0.185546875 0.3388671875
0 0.1318359375 0.544921875 0.126953125 0.5791015625 0.162109375 0.5869140625 0.1982421875 0.580078125 0.201171875 0.5634765625 0.1787109375 0.54296875 0.1318359375 0.544921875
0 0.134765625 0.6259765625 0.1376953125 0.6640625 0.197265625 0.6748046875 0.20703125 0.6572265625 0.1962890625 0.6328125 0.1591796875 0.615234375 0.134765625 0.6259765625
0 0.265625 0.4873046875 0.294921875 0.4619140625 0.203125 0.4404296875 0.2158203125 0.48046875 0.265625 0.4873046875
0 0.2333984375 0.578125 0.275390625 0.5791015625 0.314453125 0.5673828125 0.3115234375 0.5390625 0.234375 0.5439453125 0.2333984375 0.578125
0 0.3857421875 0.626953125 0.32421875 0.6552734375 0.3369140625 0.669921875 0.392578125 0.6767578125 0.42578125 0.6201171875 0.4072265625 0.583984375 0.3828125 0.5947265625 0.3857421875 0.626953125
0 0.375 0.4619140625 0.3798828125 0.482421875 0.45703125 0.5126953125 0.490234375 0.4599609375 0.4775390625 0.431640625 0.4345703125 0.421875 0.375 0.4619140625
0 0.515625 0.4736328125 0.53125 0.4755859375 0.583984375 0.4384765625 0.5498046875 0.40234375 0.51171875 0.4501953125 0.515625 0.4736328125
0 0.58203125 0.5673828125 0.6015625 0.5791015625 0.646484375 0.5556640625 0.6376953125 0.53125 0.583984375 0.5380859375 0.58203125 0.5673828125
0 0.41796875 0.7412109375 0.4765625 0.7626953125 0.49609375 0.7412109375 0.4755859375 0.716796875 0.4423828125 0.71875 0.41796875 0.7412109375
0 0.6005859375 0.640625 0.5859375 0.6689453125 0.6171875 0.6787109375 0.6591796875 0.662109375 0.671875 0.6416015625 0.6572265625 0.626953125 0.6005859375 0.640625
0 0.71875 0.6181640625 0.7421875 0.6240234375 0.791015625 0.5966796875 0.7841796875 0.5625 0.71875 0.5712890625 0.71875 0.6181640625
0 0.734375 0.3720703125 0.787109375 0.4130859375 0.810546875 0.3740234375 0.7919921875 0.34765625 0.7666015625 0.341796875 0.734375 0.3720703125
0 0.833984375 0.5634765625 0.857421875 0.5439453125 0.8466796875 0.517578125 0.8125 0.5498046875 0.833984375 0.5634765625
0 0.876953125 0.3544921875 0.900390625 0.3603515625 0.923828125 0.3212890625 0.9130859375 0.306640625 0.86328125 0.3232421875 0.876953125 0.3544921875
0 0.9677734375 0.3515625 0.931640625 0.3876953125 0.96484375 0.4443359375 0.9677734375 0.3515625
0 0.900390625 0.5908203125 0.92578125 0.6103515625 0.96875 0.4912109375 0.9580078125 0.451171875 0.8984375 0.4892578125 0.900390625 0.5908203125
0 0.853515625 0.1181640625 0.875 0.1279296875 0.87890625 0.1474609375 0.8994140625 0.125 0.92578125 0.1220703125 0.8447265625 0.0546875 0.853515625 0.1181640625
0 0.681640625 0.5009765625 0.708984375 0.5205078125 0.765625 0.4833984375 0.7490234375 0.4140625 0.677734375 0.4169921875 0.681640625 0.5009765625