0 0.5537109375 0.46875 0.6103515625 0.470703125 0.623046875 0.4931640625 0.603515625 0.5361328125 0.6376953125 0.53125 0.697265625 0.4951171875 0.72265625 0.4404296875 0.6748046875 0.39453125 0.6142578125 0.396484375 0.6162109375 0.359375 0.595703125 0.3798828125 0.6083984375 0.390625 0.5849609375 0.392578125 0.5830078125 0.40625 0.5751953125 0.390625 0.564453125 0.3994140625 0.546875 0.3486328125 0.5654296875 0.330078125 0.5908203125 0.330078125 0.6259765625 0.361328125 0.666015625 0.3642578125 0.5771484375 0.2890625 0.4482421875 0.333984375 0.3955078125 0.37109375 0.3466796875 0.34765625 0.3408203125 0.328125 0.3388671875 0.33984375 0.3076171875 0.328125 0.2763671875 0.353515625 0.2275390625 0.3515625 0.205078125 0.5244140625 0.2353515625 0.5390625 0.3173828125 0.541015625 0.341796875 0.5634765625 0.3916015625 0.53125 0.4267578125 0.560546875 0.4951171875 0.478515625 0.5537109375 0.46875
0 0.1171875 0.6591796875 0.134765625 0.6220703125 0.1064453125 0.6015625 0.08984375 0.6337890625 0.1171875 0.6591796875
0 0.2216796875 0.625 0.2001953125 0.59765625 0.14453125 0.6044921875 0.1376953125 0.626953125 0.1748046875 0.65625 0.2255859375 0.654296875 0.294921875 0.7353515625 0.357421875 0.6435546875 0.3505859375 0.630859375 0.2939453125 0.607421875 0.2216796875 0.625
0 0.1650390625 0.748046875 0.1044921875 0.732421875 0.068359375 0.7412109375 0.0810546875 0.767578125 0.12109375 0.7763671875 0.1982421875 0.7578125 0.20703125 0.7119140625 0.1826171875 0.708984375 0.1650390625 0.748046875
0 0.1123046875 0.896484375 0.15625 0.9091796875 0.19140625 0.9033203125 0.1923828125 0.859375 0.080078125 0.8427734375 0.1123046875 0.896484375
0 0.4716796875 0.6953125 0.458984375 0.6826171875 0.501953125 0.5927734375 0.4853515625 0.5546875 0.4482421875 0.55859375 0.4140625 0.6162109375 0.392578125 0.7451171875 0.404296875 0.7490234375 0.4248046875 0.71875 0.48828125 0.6923828125 0.4853515625 0.662109375 0.4716796875 0.6953125
0 0.3154296875 0.615234375 0.359375 0.6298828125 0.330078125 0.5556640625 0.2939453125 0.552734375 0.287109375 0.5830078125 0.3154296875 0.615234375
0 0.1279296875 0.841796875 0.1953125 0.8583984375 0.1806640625 0.8046875 0.1455078125 0.791015625 0.1171875 0.8037109375 0.1279296875 0.841796875
0 0.681640625 0.3095703125 0.703125 0.2880859375 0.6943359375 0.251953125 0.6591796875 0.26171875 0.6201171875 0.248046875 0.5986328125 0.2734375 0.5361328125 0.29296875 0.5126953125 0.26953125 0.494140625 0.2763671875 0.49609375 0.3056640625 0.48046875 0.3232421875 0.50390625 0.3544921875 0.494140625 0.3857421875 0.5166015625 0.37109375 0.5625 0.4091796875 0.6201171875 0.359375 0.67578125 0.3798828125 0.69140625 0.3388671875 0.681640625 0.3095703125
0 0.74609375 0.3876953125 0.76171875 0.3896484375 0.791015625 0.3740234375 0.7880859375 0.349609375 0.744140625 0.3701171875 0.74609375 0.3876953125
0 0.763671875 0.3017578125 0.7607421875 0.326171875 0.7841796875 0.326171875 0.7939453125 0.3515625 0.8203125 0.3564453125 0.837890625 0.3408203125 0.8310546875 0.3125 0.7900390625 0.31640625 0.763671875 0.3017578125
0 0.546875 0.1689453125 0.5693359375 0.18359375 0.5757219953125 0.17082162812499999 0.5595703125 0.140625 0.546875 0.1689453125
0 0.6474609375 0.18359375 0.6298828125 0.16796875 0.59765625 0.1884765625 0.591796875 0.2099609375 0.6640625 0.2587890625 0.6953125 0.2451171875 0.705078125 0.2060546875 0.6552734375 0.154296875 0.6474609375 0.18359375
0 0.65625 0.1240234375 0.677734375 0.1748046875 0.71875 0.2041015625 0.814453125 0.1650390625 0.8115234375 0.08984375 0.6728515625 0.107421875 0.65625 0.1240234375