0 0.5556640625 0.404296875 0.5048828125 0.388671875 0.494140625 0.4306640625 0.47265625 0.4443359375 0.5078125 0.4931640625 0.6005859375 0.470703125 0.623046875 0.4326171875 0.623046875 0.3974609375 0.5556640625 0.404296875
0 0.333984375 0.4853515625 0.3544921875 0.482421875 0.359375 0.4599609375 0.2880859375 0.4375 0.333984375 0.4853515625
0 0.205078125 0.3427734375 0.21875 0.3447265625 0.244140625 0.3349609375 0.2451171875 0.3125 0.208984375 0.3154296875 0.205078125 0.3427734375
0 0.56640625 0.3408203125 0.630859375 0.3837890625 0.666015625 0.3701171875 0.6611328125 0.345703125 0.6083984375 0.328125 0.56640625 0.3408203125
0 0.703125 0.4267578125 0.7294921875 0.458984375 0.763671875 0.4599609375 0.8056640625 0.455078125 0.826171875 0.4208984375 0.7744140625 0.404296875 0.703125 0.4267578125
0 0.8125 0.4755859375 0.8173828125 0.5 0.861328125 0.5048828125 0.90234375 0.4970703125 0.8876953125 0.455078125 0.8505859375 0.453125 0.8125 0.4755859375
0 0.51953125 0.6552734375 0.5458984375 0.701171875 0.59375 0.7041015625 0.6484375 0.6630859375 0.6416015625 0.640625 0.5634765625 0.638671875 0.51953125 0.6552734375
0 0.37109375 0.5166015625 0.3759765625 0.54296875 0.462890625 0.5810546875 0.4765625 0.5439453125 0.4658203125 0.5234375 0.4033203125 0.501953125 0.37109375 0.5166015625
0 0.16796875 0.6533203125 0.21875 0.6884765625 0.236328125 0.6845703125 0.251953125 0.6513671875 0.2001953125 0.6171875 0.16796875 0.6533203125
0 0.125 0.6904296875 0.138671875 0.6826171875 0.1318359375 0.66796875 0.09375 0.6787109375 0.125 0.6904296875
0 0.3427734375 0.697265625 0.3076171875 0.6953125 0.2744140625 0.734375 0.2060546875 0.740234375 0.20703125 0.7607421875 0.23046875 0.7685546875 0.3017578125 0.748046875 0.3623046875 0.75390625 0.376953125 0.7216796875 0.3427734375 0.697265625
0 0.3828125 0.7099609375 0.4130859375 0.703125 0.4296875 0.6806640625 0.3837890625 0.677734375 0.3828125 0.7099609375
0 0.7373046875 0.70703125 0.728515625 0.7275390625 0.763671875 0.7685546875 0.8291015625 0.740234375 0.84375 0.7158203125 0.7900390625 0.701171875 0.7373046875 0.70703125
0 0.484375 0.7841796875 0.529296875 0.7548828125 0.4658203125 0.74609375 0.458984375 0.7666015625 0.484375 0.7841796875
0 0.365234375 0.8740234375 0.3740234375 0.8359375 0.333984375 0.8486328125 0.3408203125 0.8671875 0.365234375 0.8740234375
0 0.38671875 0.2880859375 0.408203125 0.2568359375 0.3779296875 0.2421875 0.357421875 0.2646484375 0.38671875 0.2880859375
0 0.4501953125 0.185546875 0.416015625 0.1943359375 0.44140625 0.2158203125 0.4501953125 0.185546875
0 0.587890625 0.8330078125 0.615234375 0.8076171875 0.6005859375 0.791015625 0.56640625 0.8056640625 0.587890625 0.8330078125