0 0.330078125 0.2001953125 0.32421875 0.2763671875 0.353515625 0.2998046875 0.443359375 0.2255859375 0.4404296875 0.1953125 0.3740234375 0.185546875 0.330078125 0.2001953125
0 0.3828125 0.1142578125 0.41015625 0.1396484375 0.455078125 0.1181640625 0.4521484375 0.09375 0.4248046875 0.0859375 0.3828125 0.1142578125
0 0.1298828125 0.357421875 0.1064453125 0.29296875 0.0615234375 0.294921875 0.080078125 0.4130859375 0.14453125 0.4208984375 0.2060546875 0.404296875 0.21484375 0.3857421875 0.1767578125 0.34765625 0.1298828125 0.357421875
0 0.08984375 0.1884765625 0.1181640625 0.1875 0.185546875 0.2255859375 0.2265625 0.1884765625 0.1318359375 0.119140625 0.08203125 0.1708984375 0.08984375 0.1884765625
0 0.138671875 0.2763671875 0.1376953125 0.248046875 0.099609375 0.2548828125 0.1142578125 0.27734375 0.138671875 0.2763671875
0 0.1904296875 0.3359375 0.2109375 0.3369140625 0.2646484375 0.3125 0.26953125 0.2919921875 0.150390625 0.2939453125 0.1904296875 0.3359375
0 0.3916015625 0.333984375 0.423828125 0.3349609375 0.439453125 0.3251953125 0.4208984375 0.296875 0.380859375 0.3095703125 0.3916015625 0.333984375
0 0.6181640625 0.15234375 0.58203125 0.1572265625 0.62109375 0.1865234375 0.6181640625 0.15234375
0 0.697265625 0.3486328125 0.728515625 0.3291015625 0.7060546875 0.294921875 0.6640625 0.3212890625 0.697265625 0.3486328125
0 0.455078125 0.4599609375 0.4697265625 0.484375 0.5 0.4892578125 0.5625 0.4404296875 0.5283203125 0.392578125 0.5068359375 0.396484375 0.455078125 0.4599609375
0 0.7197265625 0.439453125 0.6650390625 0.484375 0.6142578125 0.48046875 0.583984375 0.4970703125 0.6064453125 0.53515625 0.6796875 0.5712890625 0.74609375 0.5224609375 0.7578125 0.4990234375 0.7490234375 0.439453125 0.7197265625 0.439453125
0 0.8125 0.5517578125 0.888671875 0.5869140625 0.921875 0.5537109375 0.9072265625 0.5390625 0.8544921875 0.53125 0.8125 0.5517578125
0 0.20703125 0.4326171875 0.2177734375 0.447265625 0.2490234375 0.439453125 0.2890625 0.4599609375 0.296875 0.4423828125 0.2841796875 0.423828125 0.216796875 0.4013671875 0.20703125 0.4326171875
0 0.25 0.5751953125 0.216796875 0.5205078125 0.2021484375 0.41015625 0.0849609375 0.419921875 0.091796875 0.4541015625 0.134765625 0.4931640625 0.16015625 0.6318359375 0.21484375 0.6767578125 0.25 0.7314453125 0.33203125 0.7138671875 0.330078125 0.6435546875 0.2822265625 0.587890625 0.25 0.5751953125
0 0.333984375 0.6123046875 0.3583984375 0.634765625 0.4306640625 0.626953125 0.4541015625 0.6484375 0.494140625 0.6533203125 0.525390625 0.6083984375 0.5087890625 0.587890625 0.3994140625 0.583984375 0.333984375 0.6123046875
0 0.4384765625 0.5625 0.494140625 0.5634765625 0.501953125 0.5439453125 0.4658203125 0.5078125 0.42578125 0.5322265625 0.4384765625 0.5625
0 0.6083984375 0.736328125 0.5263671875 0.720703125 0.5078125 0.7333984375 0.5009765625 0.779296875 0.4462890625 0.78125 0.4130859375 0.76953125 0.3798828125 0.724609375 0.24609375 0.7216796875 0.2548828125 0.744140625 0.5107421875 0.87890625 0.59765625 0.9033203125 0.640625 0.8779296875 0.6318359375 0.87109375 0.6796875 0.8662109375 0.6083984375 0.736328125
0 0.91015625 0.7001953125 0.8505859375 0.6875 0.7998046875 0.703125 0.7568359375 0.666015625 0.6982421875 0.66015625 0.638671875 0.7255859375 0.6591796875 0.763671875 0.7158203125 0.767578125 0.7314453125 0.794921875 0.8046875 0.7958984375 0.826171875 0.7626953125 0.8056640625 0.734375 0.9169921875 0.736328125 0.91015625 0.7001953125