0 0.3935546875 0.4609375 0.3515625 0.4931640625 0.33984375 0.5380859375 0.37890625 0.5595703125 0.3642578125 0.59375 0.48046875 0.6083984375 0.40234375 0.5556640625 0.5107421875 0.533203125 0.4912109375 0.4765625 0.3935546875 0.4609375
0 0.248046875 0.2236328125 0.265625 0.2685546875 0.296875 0.2802734375 0.388671875 0.2548828125 0.3466796875 0.193359375 0.3076171875 0.1875 0.248046875 0.2236328125
0 0.421875 0.2646484375 0.453125 0.2958984375 0.51171875 0.2490234375 0.4990234375 0.21484375 0.4375 0.2216796875 0.421875 0.2646484375
0 0.248046875 0.3369140625 0.244140625 0.3701171875 0.2568359375 0.384765625 0.341796875 0.4208984375 0.376953125 0.3994140625 0.3876953125 0.353515625 0.3095703125 0.322265625 0.248046875 0.3369140625
0 0.115234375 0.4306640625 0.134765625 0.4072265625 0.1005859375 0.388671875 0.099609375 0.4287109375 0.115234375 0.4306640625
0 0.18359375 0.7373046875 0.201171875 0.7470703125 0.3125 0.7001953125 0.2138671875 0.669921875 0.18359375 0.6943359375 0.18359375 0.7373046875
0 0.314453125 0.8837890625 0.376953125 0.9091796875 0.400390625 0.8681640625 0.3525390625 0.80859375 0.314453125 0.8388671875 0.314453125 0.8837890625
0 0.4091796875 0.732421875 0.4609375 0.7412109375 0.47265625 0.7197265625 0.4638671875 0.703125 0.3984375 0.7001953125 0.4091796875 0.732421875
0 0.59765625 0.6279296875 0.630859375 0.6455078125 0.6708984375 0.638671875 0.685546875 0.6044921875 0.5986328125 0.6015625 0.59765625 0.6279296875
0 0.7236328125 0.576171875 0.7421875 0.5771484375 0.78125 0.5634765625 0.7509765625 0.5234375 0.71875 0.5576171875 0.7236328125 0.576171875
0 0.80859375 0.4814453125 0.8095703125 0.4609375 0.7734375 0.4619140625 0.7841796875 0.48046875 0.80859375 0.4814453125
0 0.869140625 0.5224609375 0.8642578125 0.50390625 0.822265625 0.5068359375 0.8330078125 0.521484375 0.869140625 0.5224609375
0 0.939453125 0.5302734375 0.9453125 0.5126953125 0.9228515625 0.486328125 0.86328125 0.5029296875 0.939453125 0.5302734375
0 0.6220703125 0.716796875 0.6796875 0.7177734375 0.732421875 0.6884765625 0.6669921875 0.666015625 0.609375 0.6943359375 0.6220703125 0.716796875
0 0.787109375 0.6611328125 0.8046875 0.6552734375 0.7939453125 0.638671875 0.755859375 0.6435546875 0.787109375 0.6611328125
0 0.8388671875 0.669921875 0.8671875 0.6767578125 0.88671875 0.6611328125 0.8876953125 0.638671875 0.837890625 0.6533203125 0.8388671875 0.669921875
0 0.611328125 0.6923828125 0.6181640625 0.71484375 0.65625 0.7177734375 0.7138671875 0.70703125 0.732421875 0.6884765625 0.6591796875 0.66796875 0.611328125 0.6923828125
0 0.8115234375 0.7109375 0.7314453125 0.71875 0.7265625 0.7626953125 0.765625 0.8076171875 0.7900390625 0.783203125 0.8720703125 0.75390625 0.875 0.7314453125 0.8115234375 0.7109375
0 0.5859375 0.8271484375 0.60546875 0.8349609375 0.669921875 0.8095703125 0.6474609375 0.78515625 0.5986328125 0.798828125 0.5859375 0.8271484375
0 0.7119140625 0.841796875 0.7412109375 0.826171875 0.787109375 0.8505859375 0.787109375 0.8310546875 0.7666015625 0.81640625 0.677734375 0.7958984375 0.7119140625 0.841796875
0 0.5283203125 0.90625 0.5625 0.9091796875 0.576171875 0.9052734375 0.5634765625 0.888671875 0.513671875 0.8779296875 0.5283203125 0.90625
0 0.673828125 0.9208984375 0.6474609375 0.869140625 0.60546875 0.8818359375 0.6298828125 0.9140625 0.673828125 0.9208984375
0 0.3056640625 0.056640625 0.3037109375 0.04296875 0.23046875 0.1279296875 0.3134765625 0.1015625 0.3046875 0.0791015625 0.326171875 0.0556640625 0.3056640625 0.056640625
0 0.587890625 0.9833984375 0.6328125 0.9755859375 0.6162109375 0.955078125 0.544921875 0.9755859375 0.587890625 0.9833984375