0 0.234375 0.4248046875 0.26171875 0.4501953125 0.296875 0.4228515625 0.2509765625 0.361328125 0.232421875 0.3876953125 0.234375 0.4248046875
0 0.359375 0.3056640625 0.375 0.2900390625 0.3740234375 0.23828125 0.3125 0.2880859375 0.359375 0.3056640625
0 0.3759765625 0.330078125 0.408203125 0.3349609375 0.43359375 0.3037109375 0.3955078125 0.28125 0.36328125 0.3115234375 0.3759765625 0.330078125
0 0.625 0.1630859375 0.6767578125 0.14453125 0.712890625 0.1025390625 0.5703125 0.1552734375 0.625 0.1630859375
0 0.751953125 0.3798828125 0.767578125 0.3876953125 0.798828125 0.3701171875 0.7939453125 0.34375 0.765625 0.3505859375 0.751953125 0.3798828125
0 0.421875 0.4697265625 0.43359375 0.4541015625 0.4169921875 0.44140625 0.392578125 0.4541015625 0.421875 0.4697265625
0 0.3896484375 0.515625 0.416015625 0.5244140625 0.431640625 0.5068359375 0.4189453125 0.484375 0.376953125 0.4912109375 0.3896484375 0.515625
0 0.46875 0.5068359375 0.501953125 0.5166015625 0.53125 0.4931640625 0.5166015625 0.453125 0.466796875 0.4814453125 0.46875 0.5068359375
0 0.53125 0.5888671875 0.568359375 0.5966796875 0.59765625 0.5732421875 0.5732421875 0.544921875 0.546875 0.5576171875 0.53125 0.5888671875
0 0.6953125 0.4990234375 0.72265625 0.4775390625 0.7080078125 0.458984375 0.66796875 0.4833984375 0.6953125 0.4990234375
0 0.7607421875 0.478515625 0.787109375 0.4814453125 0.8125 0.4677734375 0.8076171875 0.44921875 0.75390625 0.4619140625 0.7607421875 0.478515625
0 0.828125 0.5029296875 0.8330078125 0.537109375 0.923828125 0.5751953125 0.9306640625 0.505859375 0.8837890625 0.53515625 0.8525390625 0.501953125 0.828125 0.5029296875
0 0.546875 0.8056640625 0.576171875 0.8291015625 0.62109375 0.8193359375 0.6181640625 0.77734375 0.5947265625 0.775390625 0.546875 0.8056640625
0 0.396484375 0.9814453125 0.408203125 0.9638671875 0.3779296875 0.95703125 0.375 0.9814453125 0.396484375 0.9814453125
0 0.955078125 0.4208984375 0.9697265625 0.345703125 0.9462890625 0.373046875 0.91796875 0.3798828125 0.955078125 0.4208984375
0 0.9169921875 0.4921875 0.935546875 0.4912109375 0.955078125 0.4326171875 0.9150390625 0.4296875 0.90625 0.4736328125 0.9169921875 0.4921875