0 0.5380859375 0.359375 0.4931640625 0.375 0.4794921875 0.400390625 0.4501953125 0.380859375 0.4287109375 0.384765625 0.41015625 0.4072265625 0.421875 0.4501953125 0.4921875 0.4677734375 0.5048828125 0.44140625 0.5634765625 0.435546875 0.58984375 0.3916015625 0.5380859375 0.359375
0 0.314453125 0.5517578125 0.3212890625 0.58984375 0.404296875 0.6162109375 0.423828125 0.5791015625 0.3974609375 0.5390625 0.3544921875 0.51953125 0.314453125 0.5517578125
0 0.482421875 0.5498046875 0.4833984375 0.5625 0.5224609375 0.576171875 0.572265625 0.5791015625 0.607421875 0.5576171875 0.5927734375 0.53125 0.5048828125 0.517578125 0.482421875 0.5498046875
0 0.30859375 0.4697265625 0.314453125 0.4384765625 0.2705078125 0.421875 0.265625 0.4443359375 0.30859375 0.4697265625
0 0.544921875 0.6787109375 0.564453125 0.6884765625 0.591796875 0.6689453125 0.5888671875 0.640625 0.544921875 0.6494140625 0.544921875 0.6787109375
0 0.5234375 0.7333984375 0.5390625 0.7119140625 0.5068359375 0.703125 0.498046875 0.7314453125 0.5234375 0.7333984375
0 0.333984375 0.7509765625 0.380859375 0.7646484375 0.40625 0.7548828125 0.40625 0.7373046875 0.3544921875 0.70703125 0.333984375 0.7509765625
0 0.6875 0.8251953125 0.68359375 0.7900390625 0.6181640625 0.73828125 0.6328125 0.8056640625 0.6875 0.8251953125
0 0.546875 0.9130859375 0.55859375 0.8916015625 0.5322265625 0.873046875 0.5234375 0.8974609375 0.546875 0.9130859375
0 0.857421875 0.4208984375 0.869140625 0.3955078125 0.8310546875 0.390625 0.828125 0.4130859375 0.857421875 0.4208984375
0 0.7275390625 0.169921875 0.75390625 0.1748046875 0.78515625 0.1318359375 0.7626953125 0.099609375 0.712890625 0.1416015625 0.7275390625 0.169921875
0 0.87890625 0.2353515625 0.8466796875 0.232421875 0.84765625 0.2587890625 0.87890625 0.2353515625