0 0.25 0.6259765625 0.25390625 0.5537109375 0.2138671875 0.50390625 0.1650390625 0.51953125 0.150390625 0.5810546875 0.08203125 0.6259765625 0.0849609375 0.642578125 0.1552734375 0.685546875 0.2822265625 0.689453125 0.3671875 0.7158203125 0.37890625 0.6962890625 0.3642578125 0.677734375 0.3076171875 0.6640625 0.25 0.6259765625
0 0.228515625 0.4814453125 0.25 0.4619140625 0.2138671875 0.4296875 0.1796875 0.4755859375 0.228515625 0.4814453125
0 0.310546875 0.3662109375 0.337890625 0.3740234375 0.345703125 0.3349609375 0.3330078125 0.314453125 0.31640625 0.3232421875 0.310546875 0.3662109375
0 0.4111328125 0.478515625 0.421875 0.5380859375 0.453125 0.5478515625 0.4765625 0.5400390625 0.474609375 0.5087890625 0.4345703125 0.4765625 0.4111328125 0.478515625
0 0.595703125 0.3525390625 0.6162109375 0.36328125 0.689453125 0.3623046875 0.759765625 0.3232421875 0.7158203125 0.275390625 0.595703125 0.3291015625 0.595703125 0.3525390625
0 0.6875 0.5654296875 0.734375 0.6162109375 0.798828125 0.5654296875 0.7919921875 0.544921875 0.7333984375 0.53125 0.6875 0.5654296875
0 0.6259765625 0.77734375 0.67578125 0.7919921875 0.6865234375 0.765625 0.6142578125 0.703125 0.587890625 0.7099609375 0.6259765625 0.77734375
0 0.4814453125 0.83203125 0.515625 0.8330078125 0.53125 0.8193359375 0.5224609375 0.796875 0.466796875 0.7958984375 0.4814453125 0.83203125
0 0.515625 0.5908203125 0.53125 0.5947265625 0.560546875 0.5654296875 0.5380859375 0.533203125 0.509765625 0.5615234375 0.515625 0.5908203125
0 0.373046875 0.9130859375 0.4375 0.9521484375 0.412109375 0.9033203125 0.43359375 0.8798828125 0.3896484375 0.8828125 0.373046875 0.9130859375
0 0.232421875 0.7861328125 0.279296875 0.8115234375 0.2890625 0.7939453125 0.275390625 0.7685546875 0.2255859375 0.751953125 0.232421875 0.7861328125
0 0.357421875 0.2060546875 0.369140625 0.1904296875 0.3525390625 0.17578125 0.3203125 0.1904296875 0.357421875 0.2060546875
0 0.576171875 0.2255859375 0.5693359375 0.154296875 0.54296875 0.2021484375 0.5517578125 0.22265625 0.576171875 0.2255859375
0 0.826171875 0.1064453125 0.7431640625 0.09765625 0.755859375 0.0830078125 0.7333984375 0.064453125 0.6806640625 0.05859375 0.6689453125 0.0859375 0.7216796875 0.09765625 0.724609375 0.1240234375 0.7490234375 0.1484375 0.7998046875 0.150390625 0.828125 0.1787109375 0.77734375 0.2216796875 0.7734375 0.2412109375 0.8525390625 0.234375 0.8564453125 0.25390625 0.892578125 0.2705078125 0.892578125 0.2998046875 0.908203125 0.3095703125 0.8828125 0.2138671875 0.8359375 0.1806640625 0.8515625 0.1591796875 0.826171875 0.1064453125
0 0.916015625 0.5693359375 0.912109375 0.4873046875 0.9267578125 0.421875 0.873046875 0.4677734375 0.916015625 0.5693359375
0 0.544921875 0.3857421875 0.560546875 0.3603515625 0.5224609375 0.330078125 0.517578125 0.3720703125 0.544921875 0.3857421875
0 0.830078125 0.3212890625 0.8427734375 0.287109375 0.810546875 0.2919921875 0.810546875 0.3115234375 0.830078125 0.3212890625
0 0.5546875 0.9677734375 0.560546875 0.9345703125 0.5400390625 0.923828125 0.529296875 0.9580078125 0.5546875 0.9677734375
0 0.4306640625 0.8828125 0.3828125 0.8916015625 0.3740234375 0.9140625 0.482421875 0.9755859375 0.453125 0.9189453125 0.4296875 0.9052734375 0.44140625 0.9013671875 0.4306640625 0.8828125
0 0.5986328125 0.94921875 0.59375 0.9677734375 0.611328125 0.9755859375 0.5986328125 0.94921875