0 0.69921875 0.4208984375 0.720703125 0.3876953125 0.6806640625 0.375 0.673828125 0.3876953125 0.69921875 0.4208984375
0 0.626953125 0.4794921875 0.626953125 0.4951171875 0.64453125 0.4990234375 0.689453125 0.4794921875 0.6591796875 0.431640625 0.638671875 0.4384765625 0.626953125 0.4794921875
0 0.6025390625 0.470703125 0.5693359375 0.478515625 0.583984375 0.5302734375 0.619140625 0.5458984375 0.640625 0.5302734375 0.63671875 0.5107421875 0.611328125 0.4990234375 0.6025390625 0.470703125
0 0.6328125 0.6728515625 0.66796875 0.7021484375 0.685546875 0.6962890625 0.685546875 0.6787109375 0.6455078125 0.640625 0.6328125 0.6728515625
0 0.72265625 0.7470703125 0.765625 0.7041015625 0.7509765625 0.689453125 0.693359375 0.7236328125 0.72265625 0.7470703125
0 0.5224609375 0.703125 0.576171875 0.7392578125 0.57421875 0.7919921875 0.609375 0.8134765625 0.611328125 0.7294921875 0.5615234375 0.677734375 0.5205078125 0.6875 0.5224609375 0.703125
0 0.384765625 0.8662109375 0.4150390625 0.8046875 0.35546875 0.8173828125 0.361328125 0.8486328125 0.384765625 0.8662109375
0 0.482421875 0.8720703125 0.517578125 0.8818359375 0.54296875 0.8740234375 0.5341796875 0.849609375 0.5048828125 0.8515625 0.482421875 0.8720703125
0 0.275390625 0.8603515625 0.283203125 0.8134765625 0.2548828125 0.802734375 0.24609375 0.8427734375 0.275390625 0.8603515625
0 0.2841796875 0.87890625 0.279296875 0.9150390625 0.2607421875 0.9296875 0.220703125 0.8916015625 0.21875 0.9306640625 0.25390625 0.9658203125 0.2470703125 0.974609375 0.3134765625 0.94921875 0.349609375 0.9794921875 0.373046875 0.9208984375 0.3447265625 0.912109375 0.3232421875 0.8828125 0.2841796875 0.87890625
0 0.259765625 0.7158203125 0.2578125 0.7314453125 0.28125 0.7470703125 0.333984375 0.6904296875 0.3251953125 0.671875 0.3037109375 0.673828125 0.259765625 0.7158203125
0 0.248046875 0.6201171875 0.271484375 0.5927734375 0.2685546875 0.564453125 0.23046875 0.5869140625 0.248046875 0.6201171875
0 0.3046875 0.6591796875 0.322265625 0.6298828125 0.2998046875 0.61328125 0.27734375 0.6474609375 0.3046875 0.6591796875
0 0.3193359375 0.59765625 0.3779296875 0.5859375 0.400390625 0.5986328125 0.408203125 0.5693359375 0.3564453125 0.552734375 0.30078125 0.5771484375 0.3193359375 0.59765625
0 0.3046875 0.5224609375 0.3125 0.4658203125 0.2900390625 0.455078125 0.271484375 0.4833984375 0.3046875 0.5224609375
0 0.36328125 0.2939453125 0.412109375 0.2685546875 0.392578125 0.2607421875 0.40234375 0.2470703125 0.3427734375 0.23046875 0.2470703125 0.283203125 0.23046875 0.3134765625 0.2431640625 0.302734375 0.2626953125 0.3125 0.26953125 0.3486328125 0.224609375 0.3583984375 0.2265625 0.3896484375 0.24609375 0.3955078125 0.2685546875 0.388671875 0.2841796875 0.359375 0.3583984375 0.330078125 0.36328125 0.2939453125
0 0.5673828125 0.146484375 0.5458984375 0.1484375 0.5 0.2001953125 0.580078125 0.2490234375 0.587890625 0.2294921875 0.564453125 0.1923828125 0.5859375 0.1650390625 0.5673828125 0.146484375
0 0.7041015625 0.15625 0.689453125 0.2158203125 0.7099609375 0.248046875 0.7265625 0.2470703125 0.712890625 0.2119140625 0.73046875 0.1923828125 0.728515625 0.1650390625 0.7041015625 0.15625
0 0.5224609375 0.271484375 0.51171875 0.2958984375 0.53125 0.3017578125 0.5224609375 0.271484375
0 0.4482421875 0.35546875 0.42578125 0.3681640625 0.4453125 0.3779296875 0.4482421875 0.35546875
0 0.623046875 0.3271484375 0.642578125 0.3427734375 0.658203125 0.3310546875 0.654296875 0.2763671875 0.6279296875 0.259765625 0.623046875 0.3271484375
0 0.8134765625 0.177734375 0.779296875 0.2021484375 0.806640625 0.2099609375 0.8134765625 0.177734375
0 0.734375 0.1572265625 0.75390625 0.1611328125 0.771484375 0.1357421875 0.7685546875 0.10546875 0.734375 0.1357421875 0.734375 0.1572265625
0 0.8671875 0.1123046875 0.900390625 0.0908203125 0.8681640625 0.052734375 0.845703125 0.0751953125 0.8671875 0.1123046875
0 0.884765625 0.1396484375 0.896484375 0.1279296875 0.8759765625 0.119140625 0.873046875 0.1376953125 0.884765625 0.1396484375
0 0.8330078125 0.078125 0.822265625 0.0849609375 0.83203125 0.1103515625 0.8330078125 0.078125