0 0.4404296875 0.486328125 0.490234375 0.4814453125 0.4580078125 0.4375 0.3876953125 0.43359375 0.37890625 0.4501953125 0.3974609375 0.478515625 0.3408203125 0.4765625 0.27734375 0.5009765625 0.3388671875 0.5625 0.490234375 0.6533203125 0.515625 0.6416015625 0.53125 0.5732421875 0.4375 0.5107421875 0.4404296875 0.486328125
0 0.6982421875 0.416015625 0.6640625 0.4404296875 0.7177734375 0.5078125 0.767578125 0.5107421875 0.8134765625 0.509765625 0.841796875 0.4794921875 0.7568359375 0.416015625 0.6982421875 0.416015625
0 0.5966796875 0.619140625 0.6328125 0.6201171875 0.736328125 0.5810546875 0.6494140625 0.560546875 0.58984375 0.5888671875 0.5966796875 0.619140625
0 0.810546875 0.4365234375 0.828125 0.4365234375 0.876953125 0.4033203125 0.8759765625 0.361328125 0.802734375 0.3720703125 0.810546875 0.4365234375
0 0.240234375 0.4619140625 0.232421875 0.4150390625 0.2041015625 0.41015625 0.205078125 0.4501953125 0.240234375 0.4619140625
0 0.197265625 0.5322265625 0.23046875 0.5478515625 0.291015625 0.5302734375 0.2666015625 0.494140625 0.205078125 0.5146484375 0.197265625 0.5322265625
0 0.16796875 0.3291015625 0.212890625 0.3017578125 0.1923828125 0.2421875 0.1328125 0.3056640625 0.16796875 0.3291015625
0 0.392578125 0.2958984375 0.4013671875 0.310546875 0.48046875 0.3232421875 0.484375 0.2998046875 0.4658203125 0.283203125 0.4052734375 0.279296875 0.392578125 0.2958984375
0 0.4169921875 0.314453125 0.404296875 0.3603515625 0.41796875 0.3955078125 0.44921875 0.4169921875 0.470703125 0.4033203125 0.486328125 0.3466796875 0.4736328125 0.326171875 0.4169921875 0.314453125
0 0.44921875 0.1552734375 0.5234375 0.1708984375 0.53125 0.1357421875 0.4931640625 0.095703125 0.4599609375 0.09765625 0.44921875 0.1552734375
0 0.6298828125 0.021484375 0.5634765625 0.01171875 0.521484375 0.0439453125 0.52734375 0.0986328125 0.544921875 0.1220703125 0.5830078125 0.04296875 0.6005859375 0.037109375 0.626953125 0.0751953125 0.6298828125 0.021484375
0 0.6728515625 0.166015625 0.640625 0.1806640625 0.6796875 0.1865234375 0.6728515625 0.166015625
0 0.6767578125 0.248046875 0.5859375 0.2587890625 0.6640625 0.2763671875 0.6767578125 0.248046875
0 0.7919921875 0.314453125 0.6953125 0.3154296875 0.80078125 0.3447265625 0.7919921875 0.314453125
0 0.654296875 0.7919921875 0.701171875 0.7509765625 0.6943359375 0.72265625 0.64453125 0.7763671875 0.654296875 0.7919921875
0 0.716796875 0.8017578125 0.744140625 0.7822265625 0.7060546875 0.7734375 0.697265625 0.7998046875 0.716796875 0.8017578125