0 0.4609375 0.4775390625 0.439453125 0.5029296875 0.45703125 0.5283203125 0.5166015625 0.560546875 0.548828125 0.5615234375 0.541015625 0.5107421875 0.5078125 0.4521484375 0.4501953125 0.4375 0.4609375 0.4775390625
0 0.3408203125 0.703125 0.4296875 0.7177734375 0.4375 0.7041015625 0.4052734375 0.673828125 0.318359375 0.6826171875 0.3408203125 0.703125
0 0.5595703125 0.775390625 0.5380859375 0.771484375 0.5 0.8193359375 0.5302734375 0.853515625 0.5546875 0.8564453125 0.5849609375 0.849609375 0.599609375 0.8291015625 0.56640625 0.8076171875 0.5595703125 0.775390625
0 0.3212890625 0.79296875 0.359375 0.7919921875 0.388671875 0.7763671875 0.3720703125 0.75 0.310546875 0.7705078125 0.3212890625 0.79296875
0 0.3232421875 0.873046875 0.375 0.8740234375 0.384765625 0.8623046875 0.3681640625 0.845703125 0.314453125 0.8525390625 0.3232421875 0.873046875
0 0.201171875 0.3759765625 0.1357421875 0.357421875 0.1796875 0.4208984375 0.201171875 0.3759765625
0 0.5341796875 0.416015625 0.5625 0.4267578125 0.6015625 0.3935546875 0.5869140625 0.375 0.525390625 0.3955078125 0.5341796875 0.416015625
0 0.388671875 0.3994140625 0.453125 0.4248046875 0.466796875 0.3955078125 0.4208984375 0.359375 0.3935546875 0.361328125 0.388671875 0.3994140625
0 0.625 0.3310546875 0.63671875 0.3154296875 0.6240234375 0.294921875 0.57421875 0.3056640625 0.625 0.3310546875
0 0.6328125 0.4306640625 0.67578125 0.4638671875 0.6875 0.4267578125 0.6591796875 0.41015625 0.6376953125 0.419921875 0.6328125 0.4306640625
0 0.7587890625 0.412109375 0.701171875 0.4267578125 0.7578125 0.4404296875 0.7587890625 0.412109375
0 0.59765625 0.4580078125 0.615234375 0.4521484375 0.6142578125 0.435546875 0.5654296875 0.458984375 0.59765625 0.4580078125
0 0.6015625 0.6396484375 0.619140625 0.6435546875 0.654296875 0.6220703125 0.6357421875 0.576171875 0.58984375 0.6005859375 0.6015625 0.6396484375
0 0.7744140625 0.828125 0.828125 0.8466796875 0.900390625 0.7841796875 0.8056640625 0.78125 0.767578125 0.8095703125 0.7744140625 0.828125
0 0.759765625 0.8623046875 0.794921875 0.8408203125 0.7587890625 0.83203125 0.7421875 0.8603515625 0.759765625 0.8623046875
0 0.3525390625 0.28515625 0.3203125 0.2939453125 0.3427734375 0.328125 0.365234375 0.3291015625 0.392578125 0.3173828125 0.3876953125 0.291015625 0.3818359375 0.306640625 0.3525390625 0.28515625
0 0.3115234375 0.6484375 0.337890625 0.6513671875 0.369140625 0.6396484375 0.3232421875 0.61328125 0.296875 0.6279296875 0.3115234375 0.6484375
0 0.63671875 0.2236328125 0.681640625 0.2431640625 0.69140625 0.1845703125 0.6279296875 0.150390625 0.640625 0.1708984375 0.63671875 0.2236328125
0 0.4453125 0.1474609375 0.44921875 0.1298828125 0.4326171875 0.11328125 0.4140625 0.1357421875 0.4453125 0.1474609375
0 0.4541015625 0.310546875 0.474609375 0.3134765625 0.50390625 0.2978515625 0.4892578125 0.271484375 0.44921875 0.2919921875 0.4541015625 0.310546875