0 0.3642578125 0.1875 0.375 0.1259765625 0.3916015625 0.109375 0.5244140625 0.095703125 0.560546875 0.0693359375 0.53515625 0.0419921875 0.56640625 0.0302734375 0.5361328125 0.017578125 0.4482421875 0.0625 0.3583984375 0.080078125 0.34765625 0.1142578125 0.072265625 0.3701171875 0.0625 0.3974609375 0.076171875 0.4130859375 0.0888671875 0.380859375 0.1611328125 0.3671875 0.2138671875 0.287109375 0.3642578125 0.1875
0 0.3955078125 0.109375 0.376953125 0.1376953125 0.3857421875 0.15234375 0.46875 0.1552734375 0.4912109375 0.15234375 0.494140625 0.1357421875 0.4404296875 0.11328125 0.3955078125 0.109375
0 0.3662109375 0.189453125 0.32421875 0.2138671875 0.3525390625 0.244140625 0.421875 0.2626953125 0.439453125 0.2431640625 0.4130859375 0.20703125 0.3779296875 0.205078125 0.3662109375 0.189453125
0 0.3369140625 0.396484375 0.3544921875 0.38671875 0.373046875 0.3369140625 0.1962890625 0.328125 0.158203125 0.3837890625 0.1640625 0.4423828125 0.185546875 0.4560546875 0.240234375 0.4248046875 0.2373046875 0.392578125 0.3037109375 0.37890625 0.3369140625 0.396484375
0 0.4228515625 0.625 0.3994140625 0.625 0.3837890625 0.65234375 0.3525390625 0.642578125 0.294921875 0.5888671875 0.3359375 0.5146484375 0.37890625 0.4736328125 0.3759765625 0.45703125 0.2666015625 0.45703125 0.2197265625 0.509765625 0.181640625 0.4580078125 0.234375 0.4189453125 0.1845703125 0.40234375 0.1953125 0.4091796875 0.162109375 0.4189453125 0.173828125 0.4560546875 0.1591796875 0.470703125 0.1142578125 0.486328125 0.0869140625 0.451171875 0.0830078125 0.484375 0.05078125 0.4814453125 0.07421875 0.5009765625 0.0546875 0.5361328125 0.10546875 0.5693359375 0.11328125 0.6181640625 0.16015625 0.6533203125 0.1748046875 0.68359375 0.2080078125 0.69140625 0.2548828125 0.732421875 0.3564453125 0.705078125 0.375 0.7216796875 0.37890625 0.7666015625 0.396484375 0.7685546875 0.4404296875 0.751953125 0.4609375 0.7236328125 0.4609375 0.6474609375 0.4228515625 0.625
0 0.7841796875 0.462890625 0.7138671875 0.484375 0.6611328125 0.439453125 0.6123046875 0.43359375 0.5087890625 0.45703125 0.48828125 0.4833984375 0.5302734375 0.56640625 0.6748046875 0.515625 0.7431640625 0.521484375 0.736328125 0.5595703125 0.755859375 0.5810546875 0.8125 0.5341796875 0.806640625 0.5126953125 0.77734375 0.4951171875 0.7841796875 0.462890625
0 0.6259765625 0.40234375 0.66796875 0.4033203125 0.66796875 0.3388671875 0.6376953125 0.318359375 0.529296875 0.3642578125 0.6259765625 0.40234375
0 0.4287109375 0.451171875 0.466796875 0.4521484375 0.49609375 0.4384765625 0.4912109375 0.421875 0.421875 0.4189453125 0.4287109375 0.451171875
0 0.3779296875 0.328125 0.373046875 0.4423828125 0.400390625 0.4560546875 0.41796875 0.4189453125 0.404296875 0.3837890625 0.419921875 0.3642578125 0.3779296875 0.328125
0 0.462890625 0.5830078125 0.4638671875 0.537109375 0.390625 0.5576171875 0.3994140625 0.57421875 0.462890625 0.5830078125
0 0.1884765625 0.75 0.20703125 0.7568359375 0.1845703125 0.76953125 0.1728515625 0.75 0.1328125 0.7412109375 0.126953125 0.7236328125 0.1552734375 0.71484375 0.1181640625 0.71875 0.046875 0.6650390625 0.072265625 0.7275390625 0.1708984375 0.828125 0.296875 0.8876953125 0.287109375 0.8466796875 0.20703125 0.7783203125 0.2177734375 0.75 0.1884765625 0.75
0 0.84765625 0.1572265625 0.7880859375 0.12890625 0.5849609375 0.09765625 0.580078125 0.1181640625 0.59765625 0.1455078125 0.55859375 0.1845703125 0.541015625 0.2509765625 0.5546875 0.2685546875 0.6357421875 0.2265625 0.6591796875 0.2421875 0.7412109375 0.228515625 0.84765625 0.1572265625
0 0.921875 0.3876953125 0.884765625 0.3037109375 0.873046875 0.2216796875 0.8427734375 0.166015625 0.70703125 0.2431640625 0.7451171875 0.2578125 0.77734375 0.3037109375 0.71484375 0.3857421875 0.7294921875 0.4140625 0.771484375 0.4306640625 0.72265625 0.4833984375 0.78125 0.4970703125 0.8837890625 0.447265625 0.95703125 0.4580078125 0.953125 0.4189453125 0.921875 0.3876953125
0 0.830078125 0.6279296875 0.8232421875 0.66015625 0.7646484375 0.6640625 0.748046875 0.6826171875 0.7529296875 0.705078125 0.8349609375 0.6875 0.873046875 0.7099609375 0.923828125 0.6279296875 0.9169921875 0.603515625 0.8525390625 0.611328125 0.830078125 0.6279296875
0 0.59375 0.6259765625 0.5986328125 0.640625 0.638671875 0.6416015625 0.650390625 0.6240234375 0.6416015625 0.61328125 0.6083984375 0.611328125 0.59375 0.6259765625
0 0.59375 0.8525390625 0.62109375 0.8525390625 0.7255859375 0.8359375 0.740234375 0.8154296875 0.5966796875 0.81640625 0.59375 0.8525390625