0 0.2890625 0.3505859375 0.30078125 0.3583984375 0.337890625 0.3408203125 0.3427734375 0.310546875 0.302734375 0.3271484375 0.2890625 0.3505859375
0 0.2265625 0.3701171875 0.228515625 0.3955078125 0.25 0.3994140625 0.28125 0.3779296875 0.2841796875 0.357421875 0.2607421875 0.3515625 0.2265625 0.3701171875
0 0.0654296875 0.298828125 0.03515625 0.4013671875 0.0810546875 0.373046875 0.12890625 0.4072265625 0.162109375 0.3642578125 0.0888671875 0.349609375 0.08984375 0.2978515625 0.0654296875 0.298828125
0 0.07421875 0.4462890625 0.109375 0.4482421875 0.125 0.4384765625 0.119140625 0.4150390625 0.0771484375 0.40234375 0.07421875 0.4462890625
0 0.5380859375 0.12890625 0.5302734375 0.109375 0.4873046875 0.08984375 0.4052734375 0.06640625 0.3759765625 0.080078125 0.37109375 0.0673828125 0.3681640625 0.091796875 0.431640625 0.0986328125 0.400390625 0.1240234375 0.4052734375 0.169921875 0.4619140625 0.16015625 0.4931640625 0.220703125 0.537109375 0.2236328125 0.6142578125 0.20703125 0.650390625 0.1533203125 0.6025390625 0.1171875 0.5380859375 0.12890625
0 0.2548828125 0.1640625 0.28515625 0.1669921875 0.3125 0.1552734375 0.2958984375 0.126953125 0.248046875 0.1455078125 0.2548828125 0.1640625
0 0.6875 0.2236328125 0.69921875 0.2490234375 0.685546875 0.2666015625 0.693359375 0.2998046875 0.712890625 0.3115234375 0.6953125 0.3154296875 0.68359375 0.3642578125 0.7119140625 0.326171875 0.7451171875 0.326171875 0.806640625 0.3955078125 0.859375 0.3720703125 0.783203125 0.3134765625 0.7119140625 0.19921875 0.6875 0.2236328125
0 0.5390625 0.4150390625 0.5546875 0.3955078125 0.5546875 0.3251953125 0.4638671875 0.3125 0.439453125 0.3583984375 0.4453125 0.4267578125 0.4853515625 0.482421875 0.53125 0.5068359375 0.54296875 0.5029296875 0.5078125 0.4794921875 0.5546875 0.4423828125 0.5390625 0.4150390625
0 0.3955078125 0.439453125 0.390625 0.4970703125 0.4609375 0.5126953125 0.44921875 0.4873046875 0.470703125 0.4697265625 0.466796875 0.4443359375 0.3955078125 0.439453125
0 0.4814453125 0.623046875 0.431640625 0.6767578125 0.40234375 0.7587890625 0.4365234375 0.78515625 0.484375 0.7919921875 0.544921875 0.7724609375 0.58984375 0.6943359375 0.5810546875 0.6328125 0.4814453125 0.623046875
0 0.5048828125 0.751953125 0.48828125 0.7529296875 0.51171875 0.7646484375 0.5068359375 0.78125 0.447265625 0.7841796875 0.458984375 0.7861328125 0.4560546875 0.8046875 0.4892578125 0.8125 0.5244140625 0.798828125 0.6181640625 0.8125 0.6767578125 0.8671875 0.75 0.8720703125 0.736328125 0.8291015625 0.6923828125 0.79296875 0.6318359375 0.79296875 0.5048828125 0.751953125
0 0.806640625 0.8740234375 0.8125 0.8173828125 0.7958984375 0.798828125 0.7548828125 0.8125 0.806640625 0.8740234375
0 0.7744140625 0.70703125 0.7998046875 0.70703125 0.8349609375 0.681640625 0.84765625 0.6474609375 0.80859375 0.6064453125 0.884765625 0.5810546875 0.859375 0.5751953125 0.8701171875 0.5625 0.880859375 0.5712890625 0.8779296875 0.548828125 0.7763671875 0.541015625 0.74609375 0.5576171875 0.74609375 0.5751953125 0.779296875 0.6005859375 0.78125 0.6220703125 0.7529296875 0.630859375 0.734375 0.6201171875 0.716796875 0.5166015625 0.75 0.4970703125 0.759765625 0.4404296875 0.79296875 0.3935546875 0.7490234375 0.328125 0.7197265625 0.322265625 0.68359375 0.3564453125 0.703125 0.4091796875 0.67578125 0.4267578125 0.6611328125 0.4609375 0.623046875 0.4697265625 0.57421875 0.5693359375 0.5947265625 0.62109375 0.6533203125 0.626953125 0.6611328125 0.6640625 0.740234375 0.7080078125 0.765625 0.6982421875 0.7763671875 0.66015625 0.796875 0.6845703125 0.7744140625 0.70703125
0 0.78515625 0.4560546875 0.822265625 0.4873046875 0.8642578125 0.47265625 0.8671875 0.4501953125 0.8330078125 0.44140625 0.78515625 0.4560546875
0 0.9150390625 0.451171875 0.90625 0.4892578125 0.953125 0.5283203125 0.9150390625 0.451171875
0 0.935546875 0.7294921875 0.974609375 0.6630859375 0.9619140625 0.55859375 0.92578125 0.6435546875 0.935546875 0.7294921875
0 0.921875 0.8232421875 0.849609375 0.8837890625 0.896484375 0.9072265625 0.939453125 0.8740234375 0.970703125 0.7724609375 0.9580078125 0.755859375 0.921875 0.8232421875
0 0.841796875 0.7314453125 0.8486328125 0.75390625 0.908203125 0.7685546875 0.935546875 0.7392578125 0.9208984375 0.71484375 0.8798828125 0.73828125 0.841796875 0.7314453125
0 0.751953125 0.7158203125 0.8046875 0.7353515625 0.826171875 0.7119140625 0.8017578125 0.671875 0.7744140625 0.662109375 0.751953125 0.7158203125