0 0.2177734375 0.15625 0.130859375 0.2099609375 0.111328125 0.2919921875 0.1328125 0.3056640625 0.2373046875 0.255859375 0.263671875 0.2275390625 0.2470703125 0.154296875 0.2177734375 0.15625
0 0.25 0.1494140625 0.275390625 0.1552734375 0.3359375 0.1201171875 0.3388671875 0.0859375 0.263671875 0.0908203125 0.25 0.1494140625
0 0.087890625 0.3291015625 0.09375 0.3076171875 0.0498046875 0.283203125 0.037109375 0.3212890625 0.087890625 0.3291015625
0 0.0771484375 0.4609375 0.1171875 0.4677734375 0.1376953125 0.46484375 0.16796875 0.4287109375 0.064453125 0.4306640625 0.0771484375 0.4609375
0 0.212890625 0.3427734375 0.21875 0.3818359375 0.2578125 0.3876953125 0.29296875 0.3173828125 0.2841796875 0.294921875 0.2314453125 0.31640625 0.212890625 0.3427734375
0 0.36328125 0.2197265625 0.375 0.2236328125 0.4267578125 0.205078125 0.427734375 0.1787109375 0.3818359375 0.171875 0.36328125 0.2197265625
0 0.234375 0.6513671875 0.263671875 0.6396484375 0.2548828125 0.6015625 0.12109375 0.5927734375 0.1552734375 0.66796875 0.20703125 0.6748046875 0.2158203125 0.66015625 0.267578125 0.6689453125 0.2705078125 0.658203125 0.234375 0.6513671875
0 0.419921875 0.3349609375 0.45703125 0.2998046875 0.4619140625 0.271484375 0.396484375 0.3017578125 0.419921875 0.3349609375
0 0.376953125 0.4716796875 0.419921875 0.4951171875 0.427734375 0.5380859375 0.4140625 0.5732421875 0.4384765625 0.58203125 0.5146484375 0.5625 0.51953125 0.5888671875 0.59375 0.5595703125 0.498046875 0.4365234375 0.4384765625 0.390625 0.376953125 0.4716796875
0 0.267578125 0.5517578125 0.29296875 0.5576171875 0.3388671875 0.544921875 0.345703125 0.5244140625 0.2939453125 0.51953125 0.267578125 0.5517578125
0 0.6904296875 0.677734375 0.6650390625 0.701171875 0.6533203125 0.671875 0.615234375 0.6689453125 0.6181640625 0.65625 0.671875 0.6533203125 0.5966796875 0.560546875 0.5751953125 0.55859375 0.4892578125 0.619140625 0.423828125 0.6220703125 0.44140625 0.6728515625 0.548828125 0.7607421875 0.490234375 0.7685546875 0.5126953125 0.8046875 0.6064453125 0.83203125 0.6259765625 0.82421875 0.6689453125 0.85546875 0.73828125 0.8603515625 0.748046875 0.8369140625 0.724609375 0.8115234375 0.720703125 0.7294921875 0.6904296875 0.677734375
0 0.7744140625 0.212890625 0.775390625 0.2626953125 0.6923828125 0.30078125 0.669921875 0.3349609375 0.802734375 0.3818359375 0.8330078125 0.34765625 0.888671875 0.3310546875 0.818359375 0.2802734375 0.7744140625 0.212890625
0 0.615234375 0.3037109375 0.6328125 0.2822265625 0.6201171875 0.265625 0.60546875 0.2724609375 0.615234375 0.3037109375
0 0.6240234375 0.326171875 0.580078125 0.3681640625 0.60546875 0.3994140625 0.580078125 0.4365234375 0.6015625 0.4599609375 0.6484375 0.4365234375 0.630859375 0.3857421875 0.6474609375 0.330078125 0.6240234375 0.326171875
0 0.859375 0.4345703125 0.88671875 0.4892578125 0.91015625 0.4970703125 0.935546875 0.4755859375 0.9091796875 0.400390625 0.8720703125 0.412109375 0.859375 0.4345703125
0 0.748046875 0.4521484375 0.767578125 0.4404296875 0.7607421875 0.419921875 0.736328125 0.4345703125 0.748046875 0.4521484375
0 0.67578125 0.5576171875 0.681640625 0.5419921875 0.6650390625 0.53125 0.65625 0.5576171875 0.67578125 0.5576171875
0 0.7431640625 0.57421875 0.7060546875 0.583984375 0.669921875 0.6220703125 0.67578125 0.6533203125 0.716796875 0.6884765625 0.740234375 0.6787109375 0.75390625 0.6279296875 0.7578125 0.5966796875 0.7431640625 0.57421875
0 0.939453125 0.5048828125 0.8916015625 0.5 0.947265625 0.5654296875 0.939453125 0.5048828125
0 0.822265625 0.5205078125 0.849609375 0.5263671875 0.87109375 0.5205078125 0.8779296875 0.484375 0.822265625 0.4970703125 0.822265625 0.5205078125
0 0.8994140625 0.578125 0.87890625 0.6220703125 0.9033203125 0.65625 0.953125 0.6611328125 0.947265625 0.5810546875 0.9287109375 0.59375 0.9287109375 0.580078125 0.8994140625 0.578125
0 0.904296875 0.7666015625 0.8974609375 0.8046875 0.845703125 0.8310546875 0.8583984375 0.87109375 0.927734375 0.8720703125 0.966796875 0.7626953125 0.9619140625 0.720703125 0.9404296875 0.755859375 0.904296875 0.7666015625
0 0.5234375 0.2255859375 0.5126953125 0.189453125 0.484375 0.1904296875 0.4853515625 0.216796875 0.5234375 0.2255859375
0 0.794921875 0.6845703125 0.794921875 0.6513671875 0.7666015625 0.6328125 0.763671875 0.6572265625 0.794921875 0.6845703125
0 0.4130859375 0.689453125 0.388671875 0.7353515625 0.46875 0.7607421875 0.48046875 0.7294921875 0.443359375 0.7080078125 0.462890625 0.6943359375 0.4130859375 0.689453125
0 0.1123046875 0.0390625 0.068359375 0.0498046875 0.068359375 0.1357421875 0.048828125 0.1845703125 0.0927734375 0.125 0.115234375 0.1220703125 0.09765625 0.0927734375 0.1123046875 0.0390625