0 0.439453125 0.3662109375 0.4443359375 0.40234375 0.48828125 0.4033203125 0.525390625 0.3740234375 0.515625 0.3212890625 0.4931640625 0.302734375 0.439453125 0.3662109375
0 0.568359375 0.3583984375 0.5595703125 0.333984375 0.53515625 0.3349609375 0.5478515625 0.28125 0.5146484375 0.310546875 0.4892578125 0.302734375 0.470703125 0.3232421875 0.482421875 0.3408203125 0.4765625 0.3994140625 0.494140625 0.4013671875 0.525390625 0.3740234375 0.5205078125 0.330078125 0.5556640625 0.37890625 0.568359375 0.3583984375
0 0.6826171875 0.3671875 0.72265625 0.3759765625 0.734375 0.3701171875 0.7333984375 0.3125 0.671875 0.3486328125 0.6826171875 0.3671875
0 0.654296875 0.4619140625 0.6796875 0.4443359375 0.6806640625 0.42578125 0.609375 0.4423828125 0.654296875 0.4619140625
0 0.306640625 0.4677734375 0.302734375 0.4931640625 0.3642578125 0.541015625 0.435546875 0.5517578125 0.45703125 0.5341796875 0.4365234375 0.4921875 0.3876953125 0.470703125 0.306640625 0.4677734375
0 0.1796875 0.4775390625 0.15234375 0.5029296875 0.1748046875 0.521484375 0.220703125 0.5263671875 0.279296875 0.4912109375 0.2333984375 0.4921875 0.1845703125 0.44140625 0.1796875 0.4775390625
0 0.330078125 0.6552734375 0.3515625 0.6630859375 0.384765625 0.6474609375 0.3759765625 0.626953125 0.330078125 0.6376953125 0.330078125 0.6552734375
0 0.390625 0.6357421875 0.43359375 0.6572265625 0.4912109375 0.646484375 0.5 0.6064453125 0.4208984375 0.59375 0.390625 0.6357421875
0 0.23046875 0.6650390625 0.2421875 0.6318359375 0.2177734375 0.625 0.212890625 0.6552734375 0.23046875 0.6650390625
0 0.248046875 0.7783203125 0.205078125 0.7763671875 0.228515625 0.7880859375 0.248046875 0.7783203125
0 0.447265625 0.7705078125 0.4501953125 0.740234375 0.408203125 0.7490234375 0.4208984375 0.767578125 0.447265625 0.7705078125
0 0.501953125 0.7412109375 0.498046875 0.7919921875 0.439453125 0.8974609375 0.44140625 0.9365234375 0.62109375 0.7783203125 0.5771484375 0.705078125 0.5419921875 0.705078125 0.501953125 0.7412109375
0 0.6484375 0.6181640625 0.634765625 0.6513671875 0.64453125 0.6630859375 0.701171875 0.6123046875 0.7109375 0.5888671875 0.6943359375 0.568359375 0.6484375 0.6181640625
0 0.5927734375 0.57421875 0.548828125 0.6005859375 0.533203125 0.6533203125 0.568359375 0.6552734375 0.625 0.6318359375 0.640625 0.6103515625 0.6337890625 0.578125 0.5927734375 0.57421875
0 0.60546875 0.1904296875 0.62109375 0.1943359375 0.654296875 0.1787109375 0.6533203125 0.158203125 0.609375 0.1748046875 0.60546875 0.1904296875
0 0.6767578125 0.234375 0.640625 0.2373046875 0.669921875 0.2587890625 0.6767578125 0.234375
0 0.708984375 0.6611328125 0.73046875 0.6748046875 0.76171875 0.6279296875 0.7373046875 0.537109375 0.73828125 0.5986328125 0.708984375 0.6611328125
0 0.7607421875 0.1875 0.876953125 0.2138671875 0.89453125 0.1943359375 0.8310546875 0.123046875 0.74609375 0.1611328125 0.7607421875 0.1875
0 0.751953125 0.5634765625 0.765625 0.5341796875 0.7587890625 0.5 0.736328125 0.5322265625 0.751953125 0.5634765625
0 0.8349609375 0.017578125 0.7734375 0.0556640625 0.845703125 0.0654296875 0.8349609375 0.017578125