0 0.46484375 0.5341796875 0.51171875 0.5595703125 0.529296875 0.5537109375 0.5234375 0.5048828125 0.4638671875 0.5 0.46484375 0.5341796875
0 0.408203125 0.5732421875 0.3994140625 0.544921875 0.365234375 0.5556640625 0.3779296875 0.572265625 0.408203125 0.5732421875
0 0.31640625 0.6005859375 0.361328125 0.6240234375 0.38671875 0.6064453125 0.3818359375 0.595703125 0.3310546875 0.5859375 0.31640625 0.6005859375
0 0.296875 0.5537109375 0.2861328125 0.515625 0.251953125 0.5166015625 0.2607421875 0.537109375 0.296875 0.5537109375
0 0.1025390625 0.63671875 0.072265625 0.6396484375 0.1015625 0.6552734375 0.1025390625 0.63671875
0 0.1826171875 0.73046875 0.1396484375 0.7109375 0.115234375 0.7197265625 0.1376953125 0.755859375 0.19921875 0.7626953125 0.216796875 0.7568359375 0.2333984375 0.6953125 0.1904296875 0.6953125 0.1826171875 0.73046875
0 0.625 0.8798828125 0.556640625 0.8154296875 0.576171875 0.7880859375 0.560546875 0.7548828125 0.4990234375 0.724609375 0.517578125 0.8330078125 0.560546875 0.8935546875 0.552734375 0.9189453125 0.57421875 0.9423828125 0.595703125 0.9267578125 0.58203125 0.8994140625 0.6201171875 0.900390625 0.625 0.8798828125
0 0.4375 0.6689453125 0.4306640625 0.63671875 0.390625 0.6376953125 0.4091796875 0.662109375 0.4375 0.6689453125
0 0.68359375 0.6474609375 0.6220703125 0.62890625 0.642578125 0.6689453125 0.68359375 0.6474609375
0 0.5234375 0.5771484375 0.638671875 0.6201171875 0.669921875 0.5947265625 0.6455078125 0.5625 0.5908203125 0.552734375 0.5234375 0.5771484375
0 0.654296875 0.4267578125 0.669921875 0.3720703125 0.6474609375 0.36328125 0.60546875 0.4150390625 0.654296875 0.4267578125
0 0.4443359375 0.388671875 0.541015625 0.3935546875 0.5546875 0.3623046875 0.5087890625 0.333984375 0.4453125 0.3603515625 0.4443359375 0.388671875
0 0.560546875 0.6767578125 0.58984375 0.6533203125 0.5849609375 0.642578125 0.525390625 0.6494140625 0.560546875 0.6767578125
0 0.396484375 0.2451171875 0.3720703125 0.216796875 0.3369140625 0.212890625 0.33203125 0.2294921875 0.3828125 0.2705078125 0.373046875 0.2958984375 0.416015625 0.3427734375 0.43359375 0.3232421875 0.435546875 0.2861328125 0.390625 0.2705078125 0.396484375 0.2451171875
0 0.330078125 0.3154296875 0.349609375 0.3017578125 0.3095703125 0.2890625 0.306640625 0.3095703125 0.330078125 0.3154296875
0 0.53125 0.2529296875 0.5634765625 0.29296875 0.5947265625 0.294921875 0.658203125 0.3408203125 0.66796875 0.2880859375 0.6572265625 0.25390625 0.6083984375 0.265625 0.53125 0.2529296875
0 0.591796875 0.1806640625 0.6162109375 0.177734375 0.625 0.1572265625 0.6005859375 0.15625 0.591796875 0.1806640625
0 0.4404296875 0.123046875 0.478515625 0.1220703125 0.4833984375 0.09375 0.4560546875 0.08984375 0.435546875 0.1044921875 0.4404296875 0.123046875
0 0.1259765625 0.41015625 0.107421875 0.4658203125 0.166015625 0.4833984375 0.1259765625 0.41015625
0 0.212890625 0.2529296875 0.240234375 0.2451171875 0.2177734375 0.232421875 0.201171875 0.2509765625 0.212890625 0.2529296875
0 0.287109375 0.2236328125 0.2607421875 0.21875 0.2734375 0.2373046875 0.287109375 0.2236328125
0 0.6923828125 0.6875 0.71875 0.6884765625 0.720703125 0.6728515625 0.6923828125 0.650390625 0.669921875 0.6611328125 0.6923828125 0.6875
0 0.87109375 0.5224609375 0.9169921875 0.513671875 0.921875 0.5009765625 0.8125 0.5068359375 0.87109375 0.5224609375
0 0.8515625 0.4169921875 0.8525390625 0.392578125 0.82421875 0.3974609375 0.8291015625 0.41796875 0.8515625 0.4169921875
0 0.740234375 0.4111328125 0.75 0.3876953125 0.7314453125 0.3828125 0.71484375 0.4013671875 0.740234375 0.4111328125
0 0.267578125 0.5888671875 0.275390625 0.5791015625 0.2587890625 0.56640625 0.234375 0.5673828125 0.267578125 0.5888671875
0 0.1865234375 0.60546875 0.162109375 0.6103515625 0.185546875 0.6279296875 0.1865234375 0.60546875
0 0.36328125 0.0537109375 0.427734375 0.0341796875 0.3642578125 0.015625 0.341796875 0.0419921875 0.36328125 0.0537109375