0 0.1728515625 0.474609375 0.2138671875 0.4609375 0.24609375 0.4091796875 0.1875 0.3349609375 0.1484375 0.3095703125 0.1328125 0.2314453125 0.15625 0.1904296875 0.1259765625 0.18359375 0.06640625 0.2294921875 0.03515625 0.3017578125 0.05078125 0.3876953125 0.044921875 0.4873046875 0.083984375 0.6162109375 0.169921875 0.6962890625 0.220703125 0.6220703125 0.171875 0.5673828125 0.15234375 0.5009765625 0.1728515625 0.474609375
0 0.416015625 0.4736328125 0.47265625 0.4833984375 0.560546875 0.4619140625 0.5224609375 0.4140625 0.4462890625 0.396484375 0.416015625 0.4736328125
0 0.5126953125 0.580078125 0.4404296875 0.5859375 0.4423828125 0.56640625 0.3994140625 0.55078125 0.33984375 0.6826171875 0.3857421875 0.73046875 0.4736328125 0.728515625 0.53125 0.7646484375 0.53125 0.7158203125 0.58203125 0.6787109375 0.591796875 0.6142578125 0.5126953125 0.580078125
0 0.66796875 0.7255859375 0.6845703125 0.744140625 0.7421875 0.7529296875 0.7685546875 0.748046875 0.791015625 0.7080078125 0.7255859375 0.685546875 0.66796875 0.7255859375
0 0.541015625 0.7158203125 0.4794921875 0.724609375 0.4814453125 0.740234375 0.533203125 0.7763671875 0.5390625 0.8115234375 0.568359375 0.8232421875 0.578125 0.8154296875 0.55078125 0.7958984375 0.533203125 0.7470703125 0.541015625 0.7158203125
0 0.28515625 0.7724609375 0.3046875 0.8017578125 0.345703125 0.8115234375 0.357421875 0.8056640625 0.361328125 0.7490234375 0.2900390625 0.75390625 0.28515625 0.7724609375
0 0.5927734375 0.33203125 0.560546875 0.3759765625 0.705078125 0.4052734375 0.716796875 0.3955078125 0.7080078125 0.380859375 0.6220703125 0.330078125 0.5927734375 0.33203125
0 0.6328125 0.4677734375 0.6630859375 0.49609375 0.71484375 0.5048828125 0.720703125 0.4697265625 0.7021484375 0.455078125 0.6513671875 0.453125 0.6328125 0.4677734375
0 0.7822265625 0.390625 0.8515625 0.4013671875 0.865234375 0.3916015625 0.8583984375 0.359375 0.767578125 0.3720703125 0.7822265625 0.390625
0 0.8994140625 0.71484375 0.935546875 0.7255859375 0.962890625 0.7060546875 0.9560546875 0.640625 0.873046875 0.6689453125 0.8994140625 0.71484375
0 0.5517578125 0.87890625 0.5205078125 0.892578125 0.4736328125 0.869140625 0.2958984375 0.875 0.27734375 0.9208984375 0.3193359375 0.951171875 0.3671875 0.9560546875 0.5908203125 0.9296875 0.62890625 0.9072265625 0.5986328125 0.908203125 0.5517578125 0.87890625
0 0.8017578125 0.787109375 0.7607421875 0.826171875 0.732421875 0.8291015625 0.76953125 0.8623046875 0.876953125 0.8076171875 0.8447265625 0.796875 0.8232421875 0.806640625 0.8017578125 0.787109375
0 0.4599609375 0.005859375 0.36328125 0.0576171875 0.4287109375 0.099609375 0.568359375 0.1083984375 0.5927734375 0.05859375 0.4931640625 0.0546875 0.466796875 0.0400390625 0.4599609375 0.005859375
0 0.771484375 0.1982421875 0.787109375 0.1865234375 0.6669921875 0.09765625 0.623046875 0.1064453125 0.771484375 0.1982421875
0 0.6171875 0.2197265625 0.5947265625 0.189453125 0.580078125 0.1982421875 0.5810546875 0.21484375 0.6171875 0.2197265625
0 0.7529296875 0.580078125 0.7734375 0.5810546875 0.78515625 0.5732421875 0.7607421875 0.54296875 0.728515625 0.5400390625 0.7529296875 0.580078125
0 0.9150390625 0.470703125 0.859375 0.4775390625 0.9140625 0.5205078125 0.9150390625 0.470703125