0 0.1640625 0.8291015625 0.2080078125 0.923828125 0.328125 0.9326171875 0.2919921875 0.849609375 0.2392578125 0.837890625 0.2177734375 0.810546875 0.1640625 0.8291015625
0 0.126953125 0.5791015625 0.12890625 0.6240234375 0.1875 0.6396484375 0.166015625 0.5458984375 0.0888671875 0.533203125 0.091796875 0.5556640625 0.126953125 0.5791015625
0 0.12890625 0.7294921875 0.158203125 0.7431640625 0.1875 0.7138671875 0.1533203125 0.662109375 0.1259765625 0.6640625 0.12890625 0.7294921875
0 0.26953125 0.6572265625 0.294921875 0.6357421875 0.2568359375 0.609375 0.236328125 0.6337890625 0.26953125 0.6572265625
0 0.37890625 0.6708984375 0.4130859375 0.6875 0.4287109375 0.71484375 0.44921875 0.7158203125 0.458984375 0.6962890625 0.439453125 0.6513671875 0.3994140625 0.630859375 0.37890625 0.6708984375
0 0.4072265625 0.826171875 0.427734375 0.8271484375 0.4453125 0.7958984375 0.4345703125 0.767578125 0.392578125 0.7939453125 0.4072265625 0.826171875
0 0.5546875 0.4892578125 0.5341796875 0.470703125 0.5107421875 0.46875 0.453125 0.5087890625 0.4521484375 0.52734375 0.48828125 0.5380859375 0.4697265625 0.556640625 0.4287109375 0.54296875 0.3984375 0.5673828125 0.4248046875 0.6171875 0.4921875 0.6240234375 0.533203125 0.5771484375 0.5234375 0.5400390625 0.55859375 0.5205078125 0.5546875 0.4892578125
0 0.4931640625 0.37890625 0.4521484375 0.40625 0.43359375 0.4033203125 0.4287109375 0.380859375 0.419921875 0.3896484375 0.4375 0.4814453125 0.4462890625 0.458984375 0.4755859375 0.478515625 0.517578125 0.4423828125 0.4931640625 0.37890625
0 0.5703125 0.5712890625 0.60546875 0.5888671875 0.62890625 0.5771484375 0.62890625 0.5361328125 0.5693359375 0.537109375 0.5703125 0.5712890625
0 0.5712890625 0.6484375 0.587890625 0.6943359375 0.625 0.7216796875 0.64453125 0.7119140625 0.646484375 0.6923828125 0.6123046875 0.65625 0.5712890625 0.6484375
0 0.7392578125 0.591796875 0.767578125 0.5947265625 0.7705078125 0.546875 0.7431640625 0.5390625 0.71875 0.5556640625 0.7392578125 0.591796875
0 0.125 0.4169921875 0.16015625 0.4033203125 0.1181640625 0.388671875 0.107421875 0.4033203125 0.125 0.4169921875
0 0.58203125 0.2197265625 0.599609375 0.1923828125 0.5634765625 0.1640625 0.544921875 0.2041015625 0.58203125 0.2197265625
0 0.7177734375 0.208984375 0.673828125 0.2197265625 0.669921875 0.2490234375 0.720703125 0.2744140625 0.78515625 0.2138671875 0.7919921875 0.185546875 0.7373046875 0.1796875 0.7177734375 0.208984375
0 0.689453125 0.3701171875 0.720703125 0.3349609375 0.6962890625 0.31640625 0.646484375 0.3544921875 0.689453125 0.3701171875
0 0.79296875 0.3837890625 0.8056640625 0.40234375 0.830078125 0.4033203125 0.85546875 0.3701171875 0.8369140625 0.353515625 0.7998046875 0.3671875 0.79296875 0.3837890625
0 0.951171875 0.0654296875 0.8876953125 0.05859375 0.87890625 0.1064453125 0.849609375 0.1337890625 0.9306640625 0.177734375 0.955078125 0.2158203125 0.97265625 0.1923828125 0.935546875 0.1611328125 0.955078125 0.1025390625 0.951171875 0.0654296875
0 0.5908203125 0.3203125 0.53515625 0.3310546875 0.611328125 0.3447265625 0.5908203125 0.3203125
0 0.4140625 0.3564453125 0.41796875 0.3134765625 0.3896484375 0.3125 0.384765625 0.3251953125 0.4140625 0.3564453125
0 0.26171875 0.4267578125 0.275390625 0.4091796875 0.2490234375 0.39453125 0.24609375 0.4208984375 0.26171875 0.4267578125
0 0.1640625 0.3291015625 0.17578125 0.3662109375 0.22265625 0.3427734375 0.2177734375 0.302734375 0.1884765625 0.3046875 0.1640625 0.3291015625
0 0.7373046875 0.087890625 0.681640625 0.1005859375 0.712890625 0.1279296875 0.7373046875 0.087890625
0 0.6220703125 0.109375 0.591796875 0.1123046875 0.63671875 0.1474609375 0.6220703125 0.109375
0 0.62109375 0.1708984375 0.6708984375 0.158203125 0.671875 0.1435546875 0.6572265625 0.138671875 0.62109375 0.1708984375