0 0.25 0.4130859375 0.2568359375 0.431640625 0.279296875 0.4326171875 0.337890625 0.4189453125 0.3154296875 0.37890625 0.2841796875 0.380859375 0.25 0.4130859375
0 0.08984375 0.3544921875 0.138671875 0.3310546875 0.1171875 0.2587890625 0.0888671875 0.234375 0.08984375 0.3544921875
0 0.3525390625 0.32421875 0.384765625 0.3330078125 0.392578125 0.3251953125 0.3720703125 0.3046875 0.349609375 0.3056640625 0.3525390625 0.32421875
0 0.39453125 0.3916015625 0.41015625 0.3818359375 0.359375 0.3603515625 0.3623046875 0.390625 0.39453125 0.3916015625
0 0.435546875 0.5341796875 0.4462890625 0.5625 0.478515625 0.5673828125 0.5 0.5576171875 0.4951171875 0.525390625 0.4697265625 0.517578125 0.435546875 0.5341796875
0 0.091796875 0.5185546875 0.154296875 0.4931640625 0.0751953125 0.484375 0.072265625 0.5029296875 0.091796875 0.5185546875
0 0.1796875 0.5009765625 0.201171875 0.5166015625 0.23828125 0.4931640625 0.2392578125 0.474609375 0.185546875 0.4814453125 0.1796875 0.5009765625
0 0.251953125 0.8544921875 0.263671875 0.8408203125 0.2568359375 0.818359375 0.220703125 0.8251953125 0.251953125 0.8544921875
0 0.48828125 0.7490234375 0.501953125 0.7177734375 0.4677734375 0.71875 0.46484375 0.7392578125 0.48828125 0.7490234375
0 0.7158203125 0.537109375 0.74609375 0.5380859375 0.759765625 0.5283203125 0.7490234375 0.5078125 0.703125 0.5185546875 0.7158203125 0.537109375
0 0.6826171875 0.47265625 0.7109375 0.4736328125 0.724609375 0.4599609375 0.7080078125 0.44921875 0.642578125 0.4443359375 0.6826171875 0.47265625
0 0.673828125 0.4072265625 0.689453125 0.3974609375 0.6826171875 0.384765625 0.6484375 0.3837890625 0.673828125 0.4072265625
0 0.740234375 0.4248046875 0.7373046875 0.462890625 0.80078125 0.4775390625 0.740234375 0.4248046875
0 0.7763671875 0.587890625 0.794921875 0.5888671875 0.84765625 0.5517578125 0.7998046875 0.548828125 0.76953125 0.5673828125 0.7763671875 0.587890625
0 0.853515625 0.6337890625 0.87109375 0.6455078125 0.892578125 0.6025390625 0.8779296875 0.576171875 0.84765625 0.5947265625 0.853515625 0.6337890625
0 0.8623046875 0.708984375 0.818359375 0.7197265625 0.86328125 0.7412109375 0.8623046875 0.708984375
0 0.6484375 0.7978515625 0.66796875 0.7861328125 0.6806640625 0.736328125 0.625 0.7685546875 0.6484375 0.7978515625
0 0.5810546875 0.724609375 0.603515625 0.7255859375 0.6201171875 0.6875 0.5966796875 0.6875 0.578125 0.7080078125 0.5810546875 0.724609375
0 0.48828125 0.6220703125 0.517578125 0.6396484375 0.5390625 0.6123046875 0.5146484375 0.59375 0.4912109375 0.59765625 0.48828125 0.6220703125
0 0.5712890625 0.626953125 0.59765625 0.6259765625 0.609375 0.6162109375 0.5986328125 0.595703125 0.5625 0.6123046875 0.5712890625 0.626953125
0 0.6513671875 0.626953125 0.68359375 0.6298828125 0.697265625 0.6142578125 0.6884765625 0.59765625 0.64453125 0.6064453125 0.6513671875 0.626953125
0 0.78125 0.7275390625 0.80078125 0.7119140625 0.7626953125 0.705078125 0.759765625 0.7177734375 0.78125 0.7275390625
0 0.4697265625 0.908203125 0.51171875 0.9072265625 0.521484375 0.8955078125 0.4892578125 0.859375 0.453125 0.8896484375 0.4697265625 0.908203125
0 0.6474609375 0.826171875 0.6318359375 0.845703125 0.5673828125 0.8203125 0.5625 0.8408203125 0.619140625 0.8720703125 0.62890625 0.9091796875 0.6572265625 0.8828125 0.6923828125 0.880859375 0.681640625 0.8583984375 0.6474609375 0.826171875
0 0.60546875 0.9560546875 0.623046875 0.9755859375 0.658203125 0.9560546875 0.6455078125 0.89453125 0.625 0.9013671875 0.60546875 0.9560546875
0 0.208984375 0.3642578125 0.228515625 0.3740234375 0.2421875 0.3642578125 0.23828125 0.3427734375 0.2060546875 0.328125 0.208984375 0.3642578125
0 0.5546875 0.3349609375 0.5595703125 0.32421875 0.533203125 0.3193359375 0.5341796875 0.3359375 0.5546875 0.3349609375
0 0.595703125 0.3466796875 0.6064453125 0.3671875 0.6328125 0.3740234375 0.595703125 0.3466796875
0 0.291015625 0.7978515625 0.3125 0.7802734375 0.2841796875 0.771484375 0.265625 0.7880859375 0.291015625 0.7978515625
0 0.2353515625 0.193359375 0.234375 0.2294921875 0.255859375 0.2412109375 0.2353515625 0.193359375
0 0.119140625 0.1689453125 0.126953125 0.1455078125 0.1044921875 0.142578125 0.10546875 0.1650390625 0.119140625 0.1689453125
0 0.173828125 0.1923828125 0.1875 0.1787109375 0.1669921875 0.166015625 0.154296875 0.1884765625 0.173828125 0.1923828125