0 0.689453125 0.3681640625 0.6943359375 0.3828125 0.755859375 0.4033203125 0.7890625 0.3857421875 0.7724609375 0.353515625 0.7373046875 0.341796875 0.689453125 0.3681640625
0 0.208984375 0.5263671875 0.21875 0.6005859375 0.2578125 0.6181640625 0.2861328125 0.56640625 0.359375 0.5595703125 0.3212890625 0.5 0.208984375 0.5263671875
0 0.33984375 0.5029296875 0.388671875 0.4814453125 0.3857421875 0.455078125 0.322265625 0.4755859375 0.33984375 0.5029296875
0 0.4169921875 0.53515625 0.474609375 0.5478515625 0.45703125 0.5673828125 0.474609375 0.5751953125 0.541015625 0.4443359375 0.4970703125 0.41015625 0.412109375 0.5107421875 0.4169921875 0.53515625
0 0.5927734375 0.533203125 0.630859375 0.5322265625 0.6318359375 0.501953125 0.5947265625 0.498046875 0.578125 0.5166015625 0.5927734375 0.533203125
0 0.548828125 0.5810546875 0.576171875 0.5927734375 0.5986328125 0.58984375 0.6015625 0.5693359375 0.5380859375 0.548828125 0.548828125 0.5810546875
0 0.109375 0.5966796875 0.095703125 0.6396484375 0.1064453125 0.6640625 0.203125 0.6748046875 0.22265625 0.6708984375 0.23046875 0.6435546875 0.1884765625 0.595703125 0.109375 0.5966796875
0 0.125 0.6787109375 0.0888671875 0.640625 0.0478515625 0.638671875 0.0380859375 0.625 0.033203125 0.6630859375 0.0546875 0.7373046875 0.115234375 0.7568359375 0.1787109375 0.7265625 0.173828125 0.7060546875 0.1318359375 0.712890625 0.125 0.6787109375
0 0.2861328125 0.751953125 0.33203125 0.7900390625 0.369140625 0.7353515625 0.2763671875 0.673828125 0.251953125 0.7509765625 0.2861328125 0.751953125
0 0.2529296875 0.75 0.23046875 0.7783203125 0.236328125 0.7939453125 0.2177734375 0.80078125 0.1787109375 0.771484375 0.1474609375 0.767578125 0.140625 0.8017578125 0.166015625 0.8291015625 0.130859375 0.8447265625 0.1806640625 0.888671875 0.205078125 0.8896484375 0.2763671875 0.861328125 0.33203125 0.7861328125 0.2861328125 0.75 0.2529296875 0.75
0 0.38671875 0.8232421875 0.3984375 0.8154296875 0.3916015625 0.796875 0.359375 0.8056640625 0.38671875 0.8232421875
0 0.41015625 0.8955078125 0.412109375 0.8662109375 0.3759765625 0.85546875 0.3828125 0.8896484375 0.41015625 0.8955078125
0 0.5986328125 0.884765625 0.5693359375 0.857421875 0.4814453125 0.86328125 0.470703125 0.8759765625 0.5078125 0.9072265625 0.427734375 0.9345703125 0.447265625 0.9443359375 0.5732421875 0.927734375 0.720703125 0.8681640625 0.6962890625 0.861328125 0.5986328125 0.884765625
0 0.6591796875 0.6875 0.623046875 0.7060546875 0.65234375 0.7197265625 0.6591796875 0.6875
0 0.2080078125 0.353515625 0.19140625 0.3720703125 0.2109375 0.3974609375 0.2607421875 0.388671875 0.2734375 0.3681640625 0.2431640625 0.349609375 0.2080078125 0.353515625
0 0.5283203125 0.095703125 0.4765625 0.1201171875 0.513671875 0.1396484375 0.5283203125 0.095703125
0 0.798828125 0.1318359375 0.7607421875 0.091796875 0.7578125 0.1416015625 0.798828125 0.1318359375
0 0.44140625 0.2998046875 0.4765625 0.3095703125 0.5 0.2919921875 0.5126953125 0.251953125 0.439453125 0.2666015625 0.44140625 0.2998046875
0 0.3798828125 0.361328125 0.435546875 0.3720703125 0.4453125 0.3603515625 0.4326171875 0.3359375 0.376953125 0.3427734375 0.3798828125 0.361328125
0 0.5 0.3291015625 0.5146484375 0.35546875 0.572265625 0.3603515625 0.583984375 0.3330078125 0.5537109375 0.31640625 0.5146484375 0.314453125 0.5 0.3291015625
0 0.6435546875 0.3671875 0.619140625 0.3681640625 0.642578125 0.3876953125 0.6435546875 0.3671875
0 0.865234375 0.3134765625 0.86328125 0.3505859375 0.919921875 0.3408203125 0.8525390625 0.220703125 0.833984375 0.2490234375 0.865234375 0.3134765625
0 0.87890625 0.6533203125 0.8779296875 0.623046875 0.83984375 0.6259765625 0.8408203125 0.646484375 0.87890625 0.6533203125
0 0.744140625 0.6787109375 0.755859375 0.6650390625 0.7275390625 0.65625 0.728515625 0.6748046875 0.744140625 0.6787109375
0 0.8505859375 0.693359375 0.8359375 0.7001953125 0.859375 0.7138671875 0.8505859375 0.693359375
0 0.775390625 0.7509765625 0.78515625 0.7314453125 0.7666015625 0.720703125 0.7578125 0.7451171875 0.775390625 0.7509765625
0 0.072265625 0.4482421875 0.056640625 0.4951171875 0.06640625 0.5166015625 0.107421875 0.4990234375 0.1142578125 0.435546875 0.0947265625 0.4296875 0.072265625 0.4482421875