0 0.1923828125 0.330078125 0.3203125 0.3740234375 0.337890625 0.3505859375 0.2490234375 0.28125 0.1875 0.2958984375 0.1923828125 0.330078125
0 0.4130859375 0.349609375 0.470703125 0.3720703125 0.49609375 0.3427734375 0.4814453125 0.318359375 0.41015625 0.3212890625 0.4130859375 0.349609375
0 0.69140625 0.3056640625 0.69140625 0.3232421875 0.72265625 0.3623046875 0.740234375 0.3330078125 0.732421875 0.2998046875 0.7138671875 0.29296875 0.69140625 0.3056640625
0 0.779296875 0.5302734375 0.7724609375 0.498046875 0.7470703125 0.501953125 0.734375 0.5244140625 0.779296875 0.5302734375
0 0.451171875 0.5576171875 0.4375 0.5947265625 0.509765625 0.6083984375 0.58984375 0.5947265625 0.5478515625 0.53515625 0.5048828125 0.517578125 0.451171875 0.5576171875
0 0.1689453125 0.78125 0.2294921875 0.830078125 0.248046875 0.8291015625 0.2158203125 0.76171875 0.1826171875 0.736328125 0.130859375 0.7333984375 0.1689453125 0.78125
0 0.5361328125 0.748046875 0.5361328125 0.763671875 0.3740234375 0.75 0.34765625 0.7783203125 0.3427734375 0.82421875 0.4248046875 0.822265625 0.4384765625 0.853515625 0.478515625 0.8642578125 0.4775390625 0.84375 0.5283203125 0.8359375 0.6015625 0.7685546875 0.5361328125 0.748046875
0 0.5439453125 0.76171875 0.6015625 0.7646484375 0.73828125 0.7353515625 0.6533203125 0.66015625 0.537109375 0.7392578125 0.5439453125 0.76171875
0 0.890625 0.5849609375 0.94140625 0.5693359375 0.9013671875 0.5234375 0.86328125 0.5498046875 0.890625 0.5849609375
0 0.76171875 0.6083984375 0.765625 0.5791015625 0.7373046875 0.576171875 0.728515625 0.6025390625 0.76171875 0.6083984375
0 0.392578125 0.2001953125 0.41796875 0.2080078125 0.4453125 0.1884765625 0.4267578125 0.154296875 0.388671875 0.1728515625 0.392578125 0.2001953125
0 0.4072265625 0.12109375 0.345703125 0.1064453125 0.390625 0.1396484375 0.4072265625 0.12109375
0 0.2880859375 0.09765625 0.19921875 0.0947265625 0.2734375 0.1220703125 0.2880859375 0.09765625
0 0.111328125 0.2373046875 0.126953125 0.2138671875 0.1025390625 0.189453125 0.0859375 0.2080078125 0.111328125 0.2373046875
0 0.12890625 0.4521484375 0.154296875 0.4345703125 0.1337890625 0.404296875 0.099609375 0.4345703125 0.12890625 0.4521484375
0 0.3017578125 0.142578125 0.28125 0.1630859375 0.30859375 0.1787109375 0.3017578125 0.142578125
0 0.353515625 0.2412109375 0.3564453125 0.205078125 0.3203125 0.2099609375 0.3330078125 0.2421875 0.353515625 0.2412109375