0 0.3974609375 0.482421875 0.427734375 0.4833984375 0.435546875 0.4619140625 0.4208984375 0.439453125 0.373046875 0.4404296875 0.3974609375 0.482421875
0 0.1796875 0.5576171875 0.2109375 0.5830078125 0.2265625 0.5751953125 0.2265625 0.5517578125 0.1943359375 0.537109375 0.1796875 0.5576171875
0 0.1875 0.6474609375 0.1875 0.6083984375 0.1474609375 0.6015625 0.140625 0.6279296875 0.1875 0.6474609375
0 0.091796875 0.6982421875 0.09375 0.6318359375 0.0693359375 0.62109375 0.056640625 0.6689453125 0.091796875 0.6982421875
0 0.2744140625 0.79296875 0.31640625 0.7958984375 0.3359375 0.7841796875 0.3193359375 0.71484375 0.267578125 0.7529296875 0.2744140625 0.79296875
0 0.376953125 0.6513671875 0.373046875 0.6689453125 0.3955078125 0.69140625 0.4453125 0.7060546875 0.4609375 0.6845703125 0.4521484375 0.6484375 0.3994140625 0.6328125 0.376953125 0.6513671875
0 0.4599609375 0.716796875 0.4453125 0.7373046875 0.462890625 0.7568359375 0.5126953125 0.75 0.515625 0.7353515625 0.4970703125 0.712890625 0.4599609375 0.716796875
0 0.37109375 0.7138671875 0.36328125 0.7802734375 0.388671875 0.7705078125 0.390625 0.8095703125 0.353515625 0.8193359375 0.3828125 0.8232421875 0.4140625 0.8056640625 0.44140625 0.7626953125 0.4384765625 0.716796875 0.37109375 0.7138671875
0 0.662109375 0.7158203125 0.685546875 0.7060546875 0.6806640625 0.69140625 0.611328125 0.6904296875 0.662109375 0.7158203125
0 0.7578125 0.4365234375 0.77734375 0.4248046875 0.7744140625 0.40625 0.73046875 0.4189453125 0.7578125 0.4365234375
0 0.640625 0.4267578125 0.6455078125 0.44140625 0.6640625 0.4404296875 0.71484375 0.4189453125 0.6962890625 0.40234375 0.6689453125 0.404296875 0.640625 0.4267578125
0 0.8046875 0.3681640625 0.828125 0.3564453125 0.833984375 0.3271484375 0.7451171875 0.306640625 0.8046875 0.3681640625
0 0.8828125 0.3564453125 0.912109375 0.3701171875 0.9453125 0.3447265625 0.9052734375 0.302734375 0.88671875 0.3173828125 0.8828125 0.3564453125
0 0.88671875 0.6259765625 0.9111328125 0.587890625 0.845703125 0.5869140625 0.8466796875 0.607421875 0.88671875 0.6259765625
0 0.8251953125 0.62109375 0.7890625 0.6240234375 0.83984375 0.6396484375 0.8251953125 0.62109375
0 0.78125 0.7060546875 0.794921875 0.6884765625 0.7587890625 0.669921875 0.7578125 0.6943359375 0.78125 0.7060546875
0 0.37109375 0.9404296875 0.3701171875 0.90234375 0.326171875 0.9130859375 0.3330078125 0.9375 0.37109375 0.9404296875
0 0.2841796875 0.935546875 0.251953125 0.9619140625 0.298828125 0.9697265625 0.2841796875 0.935546875
0 0.0908203125 0.7890625 0.0908203125 0.814453125 0.0849609375 0.7890625 0.0751953125 0.796875 0.0322265625 0.765625 0.05078125 0.8173828125 0.123046875 0.8740234375 0.1328125 0.8466796875 0.099609375 0.8193359375 0.115234375 0.7958984375 0.0908203125 0.7890625
0 0.197265625 0.7294921875 0.208984375 0.6943359375 0.1728515625 0.6875 0.181640625 0.7236328125 0.197265625 0.7294921875
0 0.248046875 0.6435546875 0.2548828125 0.615234375 0.22265625 0.6279296875 0.2236328125 0.640625 0.248046875 0.6435546875
0 0.36328125 0.6357421875 0.37890625 0.6220703125 0.3740234375 0.603515625 0.349609375 0.6240234375 0.36328125 0.6357421875
0 0.146484375 0.7529296875 0.162109375 0.7431640625 0.1552734375 0.734375 0.125 0.7412109375 0.146484375 0.7529296875
0 0.296875 0.3408203125 0.32421875 0.3564453125 0.333984375 0.3330078125 0.3076171875 0.30078125 0.2939453125 0.302734375 0.296875 0.3408203125
0 0.1923828125 0.45703125 0.185546875 0.4814453125 0.208984375 0.4873046875 0.1923828125 0.45703125
0 0.314453125 0.4345703125 0.3125 0.4580078125 0.34765625 0.4755859375 0.361328125 0.4736328125 0.373046875 0.4365234375 0.3369140625 0.421875 0.314453125 0.4345703125