0 0.1962890625 0.625 0.1513671875 0.619140625 0.12109375 0.6533203125 0.08203125 0.7314453125 0.123046875 0.7373046875 0.1220703125 0.689453125 0.1494140625 0.712890625 0.193359375 0.6943359375 0.1962890625 0.625
0 0.291015625 0.6103515625 0.30859375 0.6259765625 0.34375 0.5927734375 0.3154296875 0.52734375 0.296875 0.5400390625 0.291015625 0.6103515625
0 0.310546875 0.4287109375 0.3359375 0.4208984375 0.3251953125 0.38671875 0.2890625 0.4150390625 0.310546875 0.4287109375
0 0.314453125 0.4619140625 0.345703125 0.4892578125 0.3837890625 0.484375 0.38671875 0.4599609375 0.3271484375 0.4375 0.314453125 0.4619140625
0 0.451171875 0.4990234375 0.4560546875 0.517578125 0.4921875 0.5244140625 0.515625 0.5126953125 0.5126953125 0.5 0.4775390625 0.48828125 0.451171875 0.4990234375
0 0.5751953125 0.486328125 0.54296875 0.5048828125 0.5908203125 0.5390625 0.64453125 0.5458984375 0.693359375 0.5341796875 0.6787109375 0.515625 0.6240234375 0.517578125 0.5751953125 0.486328125
0 0.5712890625 0.4921875 0.546875 0.5068359375 0.5869140625 0.537109375 0.6279296875 0.53515625 0.640625 0.5478515625 0.693359375 0.5361328125 0.6767578125 0.517578125 0.6259765625 0.53125 0.5712890625 0.4921875
0 0.60546875 0.6103515625 0.625 0.6201171875 0.6962890625 0.607421875 0.705078125 0.5888671875 0.6298828125 0.5625 0.60546875 0.6103515625
0 0.564453125 0.6572265625 0.5458984375 0.640625 0.453125 0.6728515625 0.478515625 0.7412109375 0.5078125 0.7626953125 0.515625 0.7353515625 0.560546875 0.7001953125 0.54296875 0.6787109375 0.564453125 0.6572265625
0 0.3779296875 0.634765625 0.34765625 0.6591796875 0.373046875 0.6728515625 0.3779296875 0.634765625
0 0.296875 0.8232421875 0.322265625 0.8330078125 0.349609375 0.8076171875 0.3466796875 0.78515625 0.294921875 0.8056640625 0.296875 0.8232421875
0 0.2021484375 0.802734375 0.189453125 0.8115234375 0.20703125 0.8134765625 0.2021484375 0.802734375
0 0.134765625 0.8642578125 0.158203125 0.8759765625 0.1875 0.8486328125 0.1845703125 0.828125 0.130859375 0.8447265625 0.134765625 0.8642578125
0 0.4326171875 0.837890625 0.3525390625 0.84375 0.29296875 0.8798828125 0.271484375 0.9306640625 0.2890625 0.9306640625 0.4609375 0.8935546875 0.3828125 0.8876953125 0.4228515625 0.8671875 0.4326171875 0.837890625
0 0.7373046875 0.798828125 0.7021484375 0.796875 0.591796875 0.8291015625 0.6162109375 0.86328125 0.640625 0.8662109375 0.7216796875 0.86328125 0.7685546875 0.83984375 0.771484375 0.8212890625 0.7373046875 0.798828125
0 0.177734375 0.9521484375 0.193359375 0.9267578125 0.1611328125 0.8984375 0.126953125 0.9384765625 0.177734375 0.9521484375
0 0.8125 0.3564453125 0.869140625 0.2607421875 0.8544921875 0.24609375 0.787109375 0.3369140625 0.8125 0.3564453125
0 0.8046875 0.4541015625 0.79296875 0.4892578125 0.810546875 0.4912109375 0.85546875 0.4658203125 0.8212890625 0.40625 0.791015625 0.4287109375 0.8046875 0.4541015625
0 0.654296875 0.3818359375 0.66796875 0.3896484375 0.697265625 0.3642578125 0.6943359375 0.34375 0.658203125 0.3525390625 0.654296875 0.3818359375
0 0.751953125 0.3759765625 0.7734375 0.3525390625 0.7392578125 0.33984375 0.7265625 0.3662109375 0.751953125 0.3759765625
0 0.578125 0.4013671875 0.5712890625 0.375 0.54296875 0.3798828125 0.5595703125 0.40234375 0.578125 0.4013671875
0 0.466796875 0.3994140625 0.501953125 0.4248046875 0.521484375 0.4189453125 0.521484375 0.3896484375 0.4697265625 0.375 0.466796875 0.3994140625
0 0.705078125 0.2412109375 0.720703125 0.2294921875 0.7099609375 0.208984375 0.68359375 0.2236328125 0.705078125 0.2412109375
0 0.7734375 0.2119140625 0.80859375 0.1943359375 0.8154296875 0.154296875 0.75390625 0.1962890625 0.7734375 0.2119140625
0 0.771484375 0.6767578125 0.791015625 0.6826171875 0.80859375 0.6669921875 0.802734375 0.6435546875 0.7529296875 0.626953125 0.771484375 0.6767578125
0 0.6484375 0.6904296875 0.6796875 0.7080078125 0.701171875 0.6982421875 0.703125 0.6806640625 0.6513671875 0.662109375 0.6484375 0.6904296875
0 0.751953125 0.7568359375 0.759765625 0.7294921875 0.7275390625 0.7265625 0.72265625 0.7451171875 0.751953125 0.7568359375
0 0.396484375 0.5615234375 0.416015625 0.5654296875 0.4375 0.5556640625 0.4482421875 0.515625 0.39453125 0.5263671875 0.396484375 0.5615234375
0 0.3544921875 0.67578125 0.37890625 0.6748046875 0.396484375 0.6689453125 0.3955078125 0.6484375 0.353515625 0.6591796875 0.3544921875 0.67578125
0 0.24609375 0.6904296875 0.26953125 0.6982421875 0.3173828125 0.68359375 0.326171875 0.6611328125 0.2490234375 0.666015625 0.24609375 0.6904296875
0 0.703125 0.4599609375 0.71484375 0.4521484375 0.7060546875 0.435546875 0.685546875 0.4501953125 0.703125 0.4599609375
0 0.8466796875 0.576171875 0.81640625 0.5986328125 0.861328125 0.6044921875 0.8466796875 0.576171875
0 0.875 0.5244140625 0.8828125 0.4990234375 0.8681640625 0.48828125 0.849609375 0.5146484375 0.875 0.5244140625
0 0.87109375 0.1259765625 0.8427734375 0.095703125 0.84375 0.1416015625 0.87109375 0.1259765625