0 0.7568359375 0.0859375 0.5830078125 0.025390625 0.44140625 0.0263671875 0.4677734375 0.046875 0.482421875 0.0419921875 0.466796875 0.0615234375 0.4814453125 0.0546875 0.515625 0.0888671875 0.5498046875 0.154296875 0.6240234375 0.14453125 0.6552734375 0.158203125 0.638671875 0.1767578125 0.662109375 0.1826171875 0.671875 0.1669921875 0.658203125 0.1611328125 0.7021484375 0.15625 0.7568359375 0.0859375
0 0.4521484375 0.037109375 0.4375 0.0361328125 0.4326171875 0.07421875 0.4013671875 0.07421875 0.3974609375 0.060546875 0.337890625 0.0947265625 0.44140625 0.1376953125 0.458984375 0.1181640625 0.455078125 0.0908203125 0.4765625 0.0712890625 0.4521484375 0.037109375
0 0.44921875 0.2392578125 0.46484375 0.2158203125 0.453125 0.1806640625 0.4208984375 0.169921875 0.41015625 0.1806640625 0.419921875 0.1396484375 0.3486328125 0.10546875 0.3076171875 0.13671875 0.2802734375 0.134765625 0.26171875 0.1708984375 0.30859375 0.2255859375 0.263671875 0.2373046875 0.3046875 0.2509765625 0.30859375 0.3037109375 0.3212890625 0.28515625 0.31640625 0.2998046875 0.34375 0.3115234375 0.314453125 0.2724609375 0.3388671875 0.265625 0.3408203125 0.28125 0.36328125 0.2841796875 0.3583984375 0.314453125 0.4091796875 0.302734375 0.4453125 0.3134765625 0.490234375 0.2841796875 0.46875 0.2353515625 0.4580078125 0.25 0.44921875 0.2392578125
0 0.3330078125 0.322265625 0.283203125 0.3076171875 0.306640625 0.2705078125 0.2998046875 0.251953125 0.2685546875 0.25390625 0.201171875 0.3291015625 0.2265625 0.3681640625 0.1953125 0.4013671875 0.212890625 0.5087890625 0.271484375 0.5146484375 0.3203125 0.4580078125 0.28515625 0.3818359375 0.337890625 0.3408203125 0.3330078125 0.322265625
0 0.1962890625 0.453125 0.1767578125 0.46875 0.15625 0.4404296875 0.189453125 0.4365234375 0.1953125 0.3818359375 0.173828125 0.3818359375 0.1796875 0.3544921875 0.1611328125 0.3515625 0.1552734375 0.330078125 0.0830078125 0.330078125 0.056640625 0.3759765625 0.064453125 0.4931640625 0.087890625 0.5146484375 0.13671875 0.6376953125 0.1953125 0.6396484375 0.171875 0.5244140625 0.203125 0.5048828125 0.20703125 0.4794921875 0.1962890625 0.453125
0 0.671875 0.4931640625 0.6201171875 0.474609375 0.6044921875 0.435546875 0.5244140625 0.423828125 0.498046875 0.4345703125 0.498046875 0.4736328125 0.5263671875 0.470703125 0.5283203125 0.486328125 0.5322265625 0.470703125 0.5556640625 0.470703125 0.556640625 0.4892578125 0.576171875 0.4970703125 0.4755859375 0.513671875 0.4287109375 0.423828125 0.3779296875 0.40234375 0.3701171875 0.423828125 0.3173828125 0.41796875 0.46875 0.5634765625 0.470703125 0.6181640625 0.4921875 0.6240234375 0.5537109375 0.595703125 0.6083984375 0.54296875 0.6474609375 0.537109375 0.671875 0.4931640625
0 0.865234375 0.4033203125 0.767578125 0.3486328125 0.796875 0.3056640625 0.7958984375 0.251953125 0.7431640625 0.251953125 0.701171875 0.2939453125 0.701171875 0.3271484375 0.7451171875 0.34375 0.7412109375 0.35546875 0.6533203125 0.369140625 0.591796875 0.4345703125 0.59765625 0.5224609375 0.63671875 0.5419921875 0.7158203125 0.462890625 0.7763671875 0.431640625 0.8388671875 0.42578125 0.865234375 0.4033203125
0 0.8740234375 0.203125 0.7861328125 0.251953125 0.7373046875 0.255859375 0.703125 0.3115234375 0.763671875 0.3310546875 0.8076171875 0.27734375 0.8896484375 0.2734375 0.90625 0.2001953125 0.8740234375 0.203125
0 0.7822265625 0.169921875 0.751953125 0.2060546875 0.779296875 0.2529296875 0.9033203125 0.203125 0.884765625 0.1552734375 0.8447265625 0.150390625 0.7822265625 0.169921875
0 0.9521484375 0.349609375 0.9208984375 0.34765625 0.8828125 0.4111328125 0.8515625 0.4208984375 0.8798828125 0.41796875 0.888671875 0.4326171875 0.8349609375 0.4921875 0.8046875 0.4990234375 0.806640625 0.5537109375 0.76953125 0.5712890625 0.779296875 0.6298828125 0.828125 0.6455078125 0.8984375 0.6123046875 0.97265625 0.4873046875 0.970703125 0.3974609375 0.9521484375 0.349609375
0 0.7958984375 0.6875 0.7685546875 0.701171875 0.7568359375 0.689453125 0.6650390625 0.6875 0.587890625 0.7216796875 0.572265625 0.7470703125 0.58984375 0.7431640625 0.591796875 0.7841796875 0.57421875 0.8134765625 0.6396484375 0.818359375 0.669921875 0.8408203125 0.81640625 0.7197265625 0.8154296875 0.708984375 0.79296875 0.7119140625 0.7958984375 0.6875
0 0.326171875 0.7978515625 0.40234375 0.8740234375 0.421875 0.7626953125 0.3837890625 0.751953125 0.3408203125 0.767578125 0.326171875 0.7978515625
0 0.302734375 0.6298828125 0.353515625 0.6591796875 0.384765625 0.6455078125 0.3642578125 0.595703125 0.3427734375 0.595703125 0.302734375 0.6298828125
0 0.1767578125 0.232421875 0.2001953125 0.2265625 0.25 0.2529296875 0.26171875 0.2333984375 0.2470703125 0.216796875 0.18359375 0.2041015625 0.1767578125 0.232421875
0 0.26953125 0.7080078125 0.2978515625 0.673828125 0.2568359375 0.66796875 0.234375 0.6904296875 0.26953125 0.7080078125
0 0.2646484375 0.7734375 0.232421875 0.8134765625 0.294921875 0.8662109375 0.291015625 0.8291015625 0.302734375 0.8251953125 0.287109375 0.7841796875 0.2646484375 0.7734375