0 0.5517578125 0.255859375 0.517578125 0.2783203125 0.521484375 0.3173828125 0.583984375 0.3583984375 0.6298828125 0.35546875 0.640625 0.3291015625 0.6142578125 0.28125 0.5517578125 0.255859375
0 0.1171875 0.3759765625 0.1220703125 0.40625 0.185546875 0.4306640625 0.2265625 0.4169921875 0.2041015625 0.38671875 0.1728515625 0.369140625 0.1171875 0.3759765625
0 0.3505859375 0.451171875 0.2607421875 0.455078125 0.251953125 0.4677734375 0.26953125 0.5126953125 0.294921875 0.5244140625 0.3720703125 0.509765625 0.388671875 0.4931640625 0.376953125 0.4638671875 0.3505859375 0.451171875
0 0.130859375 0.6142578125 0.1640625 0.5986328125 0.1181640625 0.576171875 0.109375 0.6083984375 0.130859375 0.6142578125
0 0.189453125 0.6240234375 0.1875 0.6533203125 0.2119140625 0.6875 0.26953125 0.7021484375 0.28515625 0.6728515625 0.267578125 0.6474609375 0.2841796875 0.625 0.189453125 0.6240234375
0 0.4560546875 0.611328125 0.51953125 0.6142578125 0.541015625 0.5966796875 0.4794921875 0.5703125 0.44140625 0.5966796875 0.4560546875 0.611328125
0 0.443359375 0.7255859375 0.505859375 0.7802734375 0.55859375 0.6943359375 0.5146484375 0.66796875 0.4375 0.6982421875 0.443359375 0.7255859375
0 0.2529296875 0.794921875 0.296875 0.7998046875 0.3046875 0.7783203125 0.2763671875 0.751953125 0.2421875 0.7685546875 0.2529296875 0.794921875
0 0.171875 0.8291015625 0.1875 0.7998046875 0.1396484375 0.7734375 0.1484375 0.8212890625 0.171875 0.8291015625
0 0.3125 0.9091796875 0.388671875 0.9208984375 0.396484375 0.8876953125 0.3857421875 0.875 0.3271484375 0.890625 0.3125 0.9091796875
0 0.458984375 0.9267578125 0.482421875 0.9443359375 0.5625 0.9052734375 0.5419921875 0.8671875 0.490234375 0.8701171875 0.458984375 0.9267578125
0 0.5556640625 0.798828125 0.5 0.8525390625 0.5234375 0.8681640625 0.6416015625 0.826171875 0.65625 0.8056640625 0.6181640625 0.78515625 0.5556640625 0.798828125
0 0.6484375 0.7041015625 0.6552734375 0.72265625 0.701171875 0.7373046875 0.7421875 0.7119140625 0.7431640625 0.681640625 0.6982421875 0.677734375 0.6484375 0.7041015625
0 0.75390625 0.8798828125 0.666015625 0.8916015625 0.712890625 0.9033203125 0.75390625 0.8798828125
0 0.845703125 0.4326171875 0.84375 0.4716796875 0.87109375 0.4873046875 0.90625 0.4580078125 0.90234375 0.4326171875 0.8798828125 0.421875 0.845703125 0.4326171875
0 0.6396484375 0.505859375 0.625 0.5556640625 0.646484375 0.5634765625 0.7119140625 0.55078125 0.720703125 0.5126953125 0.6650390625 0.498046875 0.6396484375 0.505859375
0 0.720703125 0.3779296875 0.72265625 0.4423828125 0.7734375 0.4033203125 0.7724609375 0.380859375 0.7509765625 0.390625 0.720703125 0.3779296875
0 0.580078125 0.0849609375 0.650390625 0.1025390625 0.6875 0.0869140625 0.6298828125 0.052734375 0.6044921875 0.048828125 0.580078125 0.0849609375
0 0.7353515625 0.185546875 0.751953125 0.1845703125 0.78125 0.1650390625 0.7392578125 0.125 0.712890625 0.1513671875 0.7353515625 0.185546875
0 0.8125 0.2353515625 0.7861328125 0.1875 0.720703125 0.2138671875 0.7412109375 0.23046875 0.8125 0.2353515625
0 0.78125 0.3056640625 0.845703125 0.3251953125 0.857421875 0.2998046875 0.8251953125 0.251953125 0.7998046875 0.25 0.78125 0.3056640625