0 0.4580078125 0.625 0.5009765625 0.6484375 0.5146484375 0.626953125 0.5830078125 0.630859375 0.6123046875 0.6171875 0.623046875 0.5849609375 0.5986328125 0.546875 0.5703125 0.5341796875 0.560546875 0.4794921875 0.572265625 0.4169921875 0.541015625 0.3857421875 0.513671875 0.3232421875 0.552734375 0.2685546875 0.5361328125 0.2265625 0.5205078125 0.2734375 0.4970703125 0.267578125 0.4931640625 0.28125 0.4736328125 0.265625 0.4189453125 0.265625 0.4091796875 0.28125 0.3740234375 0.2734375 0.3466796875 0.296875 0.3095703125 0.283203125 0.2998046875 0.3125 0.2587890625 0.3046875 0.25 0.2744140625 0.20703125 0.2451171875 0.20703125 0.1669921875 0.2373046875 0.134765625 0.287109375 0.1259765625 0.2958984375 0.0234375 0.2333984375 0.05078125 0.1162109375 0.19921875 0.0439453125 0.220703125 0.00390625 0.2568359375 0.025390625 0.2666015625 0.01953125 0.2880859375 0.0693359375 0.35546875 0.1181640625 0.380859375 0.2041015625 0.48046875 0.248046875 0.4892578125 0.236328125 0.5361328125 0.25390625 0.5693359375 0.30859375 0.6123046875 0.279296875 0.6357421875 0.32421875 0.6318359375 0.2998046875 0.64453125 0.2080078125 0.640625 0.199439265625 0.65625 0.2158203125 0.65625 0.21484375 0.6865234375 0.2373046875 0.703125 0.318359375 0.7216796875 0.3359375 0.7080078125 0.349609375 0.6513671875 0.3857421875 0.6328125 0.4384765625 0.625 0.4560546875 0.64453125 0.4580078125 0.625
0 0.8115234375 0.890625 0.7509765625 0.890625 0.7490234375 0.90625 0.7392578125 0.890625 0.7236328125 0.90625 0.7236328125 0.892578125 0.7119140625 0.912109375 0.6474609375 0.892578125 0.611328125 0.8583984375 0.56640625 0.7568359375 0.5556640625 0.763671875 0.556640625 0.7470703125 0.5029296875 0.703125 0.4921875 0.7275390625 0.4853515625 0.685546875 0.4775390625 0.748046875 0.4736328125 0.720703125 0.4482421875 0.7265625 0.4130859375 0.689453125 0.4013671875 0.7109375 0.392578125 0.6904296875 0.3876953125 0.71875 0.3564453125 0.716796875 0.34765625 0.6552734375 0.3330078125 0.64453125 0.2099609375 0.638671875 0.193359375 0.6494140625 0.1962890625 0.68359375 0.3466796875 0.751953125 0.4755859375 0.859375 0.6025390625 0.92578125 0.806640625 0.9736328125 0.83203125 0.9716796875 0.798828125 0.9404296875 0.8193359375 0.873046875 0.8115234375 0.890625
0 0.515625 0.6435546875 0.51171875 0.6630859375 0.5654296875 0.724609375 0.677734375 0.7685546875 0.72265625 0.7294921875 0.6923828125 0.6875 0.6044921875 0.65234375 0.515625 0.6435546875
0 0.58203125 0.4658203125 0.658203125 0.4091796875 0.6552734375 0.376953125 0.57421875 0.4130859375 0.58203125 0.4658203125
0 0.7880859375 0.38671875 0.7177734375 0.400390625 0.685546875 0.4287109375 0.673828125 0.4951171875 0.611328125 0.5126953125 0.6171875 0.5595703125 0.6640625 0.5869140625 0.6787109375 0.556640625 0.8125 0.5498046875 0.8232421875 0.396484375 0.7880859375 0.38671875
0 0.521484375 0.1962890625 0.5546875 0.1728515625 0.5439453125 0.1484375 0.5 0.1611328125 0.521484375 0.1962890625
0 0.4580078125 0.1953125 0.38671875 0.1904296875 0.4013671875 0.275390625 0.494140625 0.2861328125 0.5390625 0.2587890625 0.5126953125 0.19140625 0.4951171875 0.1796875 0.4580078125 0.1953125
0 0.2314453125 0.208984375 0.2216796875 0.234375 0.2158203125 0.212890625 0.216796875 0.2509765625 0.2626953125 0.3046875 0.28515625 0.3056640625 0.33984375 0.2978515625 0.330078125 0.2353515625 0.2998046875 0.208984375 0.2314453125 0.208984375
0 0.9296875 0.6611328125 0.953125 0.6220703125 0.9345703125 0.517578125 0.9140625 0.6240234375 0.9296875 0.6611328125
0 0.78125 0.3779296875 0.8212890625 0.396484375 0.8271484375 0.421875 0.8466796875 0.41015625 0.8662109375 0.421875 0.904296875 0.4970703125 0.919921875 0.5029296875 0.916015625 0.4521484375 0.828125 0.3154296875 0.8095703125 0.314453125 0.78125 0.3779296875
0 0.7265625 0.2431640625 0.7353515625 0.234375 0.744140625 0.2470703125 0.744140625 0.2744140625 0.796875 0.3349609375 0.826171875 0.3115234375 0.8125 0.2763671875 0.7021484375 0.169921875 0.7265625 0.2431640625
0 0.716796875 0.1806640625 0.6220703125 0.107421875 0.6015625 0.1064453125 0.6181640625 0.15234375 0.716796875 0.1806640625
0 0.830078125 0.7802734375 0.89453125 0.8662109375 0.90625 0.8466796875 0.90234375 0.7529296875 0.8798828125 0.73046875 0.830078125 0.7802734375
0 0.8505859375 0.83984375 0.814453125 0.8994140625 0.8525390625 0.921875 0.8779296875 0.90234375 0.88671875 0.9287109375 0.8681640625 0.9453125 0.8525390625 0.9296875 0.8525390625 0.947265625 0.8369140625 0.931640625 0.83984375 0.9443359375 0.8193359375 0.953125 0.806640625 0.9345703125 0.8251953125 0.970703125 0.84765625 0.9716796875 0.90234375 0.9326171875 0.89453125 0.9248046875 0.91796875 0.8896484375 0.8505859375 0.83984375
0 0.7587890625 0.6875 0.77734375 0.6865234375 0.716796875 0.5791015625 0.6806640625 0.578125 0.689453125 0.6162109375 0.7587890625 0.6875
0 0.8203125 0.6630859375 0.830078125 0.6318359375 0.8076171875 0.6171875 0.796875 0.6357421875 0.8203125 0.6630859375
0 0.69140625 0.4189453125 0.763671875 0.3779296875 0.6962890625 0.3671875 0.673828125 0.3974609375 0.69140625 0.4189453125