0 0.2216796875 0.482421875 0.2431640625 0.45703125 0.2958984375 0.455078125 0.3134765625 0.4375 0.3330078125 0.458984375 0.35546875 0.4560546875 0.3515625 0.4345703125 0.328125 0.4228515625 0.359375 0.4189453125 0.357421875 0.3818359375 0.380859375 0.3330078125 0.373046875 0.2529296875 0.345703125 0.2041015625 0.345703125 0.1669921875 0.2890625 0.1123046875 0.2783203125 0.080078125 0.2333984375 0.072265625 0.265625 0.1357421875 0.1669921875 0.171875 0.1171875 0.2412109375 0.1171875 0.2705078125 0.080078125 0.3193359375 0.041015625 0.4228515625 0.046875 0.4912109375 0.0556640625 0.46875 0.1181640625 0.478515625 0.1650390625 0.458984375 0.2216796875 0.482421875
0 0.443359375 0.2529296875 0.4169921875 0.234375 0.390625 0.2607421875 0.384765625 0.3076171875 0.3974609375 0.33984375 0.4296875 0.3408203125 0.4541015625 0.333984375 0.46484375 0.3056640625 0.439453125 0.2802734375 0.443359375 0.2529296875
0 0.109375 0.6181640625 0.11328125 0.6357421875 0.18359375 0.6806640625 0.21875 0.6552734375 0.1630859375 0.595703125 0.1318359375 0.59765625 0.109375 0.6181640625
0 0.1240234375 0.529296875 0.1103515625 0.541015625 0.0732421875 0.517578125 0.0546875 0.5556640625 0.12109375 0.6064453125 0.1630859375 0.59375 0.1953125 0.5634765625 0.1650390625 0.537109375 0.1240234375 0.529296875
0 0.298828125 0.5595703125 0.3125 0.5322265625 0.2646484375 0.517578125 0.2578125 0.5556640625 0.298828125 0.5595703125
0 0.435546875 0.5087890625 0.4384765625 0.48046875 0.400390625 0.4853515625 0.4013671875 0.501953125 0.435546875 0.5087890625
0 0.34375 0.5146484375 0.361328125 0.5068359375 0.3525390625 0.484375 0.318359375 0.5029296875 0.34375 0.5146484375
0 0.70703125 0.5849609375 0.705078125 0.5517578125 0.6767578125 0.529296875 0.6181640625 0.515625 0.580078125 0.5400390625 0.544921875 0.5947265625 0.5390625 0.6181640625 0.5546875 0.6220703125 0.5888671875 0.59765625 0.6435546875 0.619140625 0.6767578125 0.61328125 0.70703125 0.5849609375
0 0.4267578125 0.7890625 0.3623046875 0.8125 0.349609375 0.8427734375 0.3828125 0.8583984375 0.4130859375 0.83203125 0.4658203125 0.826171875 0.474609375 0.8017578125 0.4267578125 0.7890625
0 0.7529296875 0.673828125 0.78515625 0.6728515625 0.8203125 0.6611328125 0.8095703125 0.63671875 0.75 0.6474609375 0.7529296875 0.673828125
0 0.74609375 0.7294921875 0.716796875 0.6748046875 0.6904296875 0.66015625 0.697265625 0.7177734375 0.74609375 0.7294921875
0 0.9150390625 0.654296875 0.875 0.6611328125 0.8818359375 0.6796875 0.9140625 0.6865234375 0.94921875 0.6435546875 0.9404296875 0.62890625 0.9228515625 0.62890625 0.9150390625 0.654296875
0 0.798828125 0.4541015625 0.8271484375 0.484375 0.8896484375 0.478515625 0.90234375 0.5146484375 0.931640625 0.5244140625 0.953125 0.5087890625 0.9267578125 0.44140625 0.8896484375 0.427734375 0.798828125 0.4541015625
0 0.5791015625 0.896484375 0.603515625 0.8994140625 0.634765625 0.8779296875 0.6220703125 0.861328125 0.57421875 0.8720703125 0.5791015625 0.896484375
0 0.81640625 0.8173828125 0.833984375 0.8056640625 0.8251953125 0.791015625 0.80078125 0.7998046875 0.81640625 0.8173828125
0 0.57421875 0.2001953125 0.6015625 0.1845703125 0.5888671875 0.16796875 0.5625 0.1884765625 0.57421875 0.2001953125
0 0.6826171875 0.248046875 0.68359375 0.2685546875 0.697265625 0.2705078125 0.716796875 0.2548828125 0.7021484375 0.232421875 0.658203125 0.2451171875 0.6826171875 0.248046875
0 0.6630859375 0.341796875 0.623046875 0.3505859375 0.6279296875 0.36328125 0.71875 0.3759765625 0.736328125 0.3720703125 0.7216796875 0.34765625 0.6943359375 0.359375 0.6630859375 0.341796875
0 0.427734375 0.7080078125 0.439453125 0.7021484375 0.4345703125 0.6796875 0.400390625 0.6904296875 0.427734375 0.7080078125
0 0.453125 0.5068359375 0.4482421875 0.482421875 0.3984375 0.4873046875 0.4072265625 0.50390625 0.453125 0.5068359375
0 0.330078125 0.1396484375 0.3408203125 0.15625 0.380859375 0.1630859375 0.4287109375 0.16015625 0.439453125 0.1435546875 0.3486328125 0.12890625 0.330078125 0.1396484375