0 0.4560546875 0.177734375 0.3564453125 0.171875 0.2900390625 0.19921875 0.18359375 0.3154296875 0.2412109375 0.330078125 0.3271484375 0.310546875 0.3828125 0.3603515625 0.3916015625 0.38671875 0.443359375 0.3857421875 0.435546875 0.3056640625 0.40625 0.2451171875 0.427734375 0.1962890625 0.4560546875 0.177734375
0 0.46875 0.1767578125 0.51953125 0.1572265625 0.4912109375 0.1171875 0.390625 0.1650390625 0.46875 0.1767578125
0 0.4326171875 0.26171875 0.421875 0.2861328125 0.4375 0.3115234375 0.5224609375 0.296875 0.51953125 0.2646484375 0.4892578125 0.2734375 0.4326171875 0.26171875
0 0.7265625 0.4365234375 0.75 0.3994140625 0.7607421875 0.392578125 0.7685546875 0.412109375 0.8505859375 0.330078125 0.8955078125 0.341796875 0.8984375 0.3154296875 0.8720703125 0.287109375 0.8330078125 0.28125 0.7900390625 0.294921875 0.7333984375 0.33984375 0.6982421875 0.34375 0.6884765625 0.330078125 0.6865234375 0.341796875 0.6572265625 0.34375 0.673828125 0.3017578125 0.7109375 0.2705078125 0.7099609375 0.24609375 0.5673828125 0.25 0.5283203125 0.3046875 0.4697265625 0.296875 0.4697265625 0.3125 0.5302734375 0.3125 0.548828125 0.3330078125 0.5400390625 0.3515625 0.49609375 0.3623046875 0.49609375 0.3876953125 0.43359375 0.4658203125 0.5322265625 0.49609375 0.6337890625 0.474609375 0.677734375 0.5185546875 0.658203125 0.5595703125 0.6875 0.5615234375 0.7490234375 0.5390625 0.76171875 0.5205078125 0.75390625 0.4638671875 0.7265625 0.4365234375
0 0.0693359375 0.443359375 0.0625 0.5068359375 0.03515625 0.5654296875 0.1044921875 0.548828125 0.1552734375 0.591796875 0.19921875 0.6005859375 0.21484375 0.5888671875 0.201171875 0.5419921875 0.1201171875 0.49609375 0.0693359375 0.443359375
0 0.380859375 0.6630859375 0.416015625 0.6533203125 0.3984375 0.6220703125 0.4228515625 0.64453125 0.4267578125 0.61328125 0.4326171875 0.62890625 0.453125 0.6259765625 0.453125 0.5810546875 0.466796875 0.5791015625 0.455078125 0.5654296875 0.46875 0.5615234375 0.4541015625 0.498046875 0.4384765625 0.498046875 0.4326171875 0.515625 0.4208984375 0.501953125 0.4072265625 0.513671875 0.4052734375 0.5 0.3740234375 0.5 0.337890625 0.5166015625 0.392578125 0.6162109375 0.3798828125 0.60546875 0.3115234375 0.626953125 0.294921875 0.6748046875 0.3134765625 0.697265625 0.3828125 0.7060546875 0.42578125 0.6689453125 0.4189453125 0.650390625 0.4150390625 0.6640625 0.380859375 0.6630859375
0 0.1923828125 0.73046875 0.1875 0.7607421875 0.2353515625 0.814453125 0.25390625 0.8173828125 0.3125 0.8017578125 0.294921875 0.7529296875 0.2705078125 0.732421875 0.1923828125 0.73046875
0 0.41796875 0.9208984375 0.4248046875 0.951171875 0.478515625 0.9521484375 0.552734375 0.9345703125 0.5283203125 0.91015625 0.4462890625 0.908203125 0.41796875 0.9208984375
0 0.8876953125 0.662109375 0.91796875 0.6611328125 0.935546875 0.6279296875 0.9072265625 0.6171875 0.818359375 0.6298828125 0.8876953125 0.662109375
0 0.69140625 0.7783203125 0.6904296875 0.814453125 0.755859375 0.8154296875 0.794921875 0.7861328125 0.7919921875 0.767578125 0.7333984375 0.755859375 0.69140625 0.7783203125
0 0.501953125 0.8720703125 0.5068359375 0.888671875 0.537109375 0.8955078125 0.5625 0.8837890625 0.5595703125 0.869140625 0.5283203125 0.857421875 0.501953125 0.8720703125
0 0.0234375 0.6123046875 0.025390625 0.6494140625 0.044921875 0.6611328125 0.0625 0.6298828125 0.0517578125 0.564453125 0.03125 0.5712890625 0.0234375 0.6123046875
0 0.171875 0.8544921875 0.146484375 0.8310546875 0.154296875 0.7783203125 0.0810546875 0.75 0.09375 0.7841796875 0.087890625 0.8466796875 0.14453125 0.8662109375 0.1455078125 0.849609375 0.1494140625 0.865234375 0.1572265625 0.849609375 0.171875 0.8544921875