0 0.4453125 0.4541015625 0.5283203125 0.458984375 0.55859375 0.4443359375 0.501953125 0.3583984375 0.515625 0.2158203125 0.4228515625 0.19140625 0.3916015625 0.16796875 0.416015625 0.1982421875 0.40234375 0.2197265625 0.453125 0.3212890625 0.44140625 0.3876953125 0.4306640625 0.400390625 0.416015625 0.3857421875 0.380859375 0.3388671875 0.3828125 0.3154296875 0.3505859375 0.29296875 0.296875 0.3544921875 0.29296875 0.3779296875 0.3212890625 0.423828125 0.4296875 0.4560546875 0.392578125 0.4873046875 0.46875 0.6005859375 0.5126953125 0.5859375 0.548828125 0.5341796875 0.4619140625 0.48046875 0.4453125 0.4541015625
0 0.5830078125 0.494140625 0.6640625 0.5009765625 0.6552734375 0.45703125 0.6044921875 0.431640625 0.578125 0.4365234375 0.5830078125 0.494140625
0 0.0625 0.3154296875 0.078125 0.3916015625 0.08984375 0.3935546875 0.146484375 0.3369140625 0.1201171875 0.3125 0.0732421875 0.30078125 0.0625 0.3154296875
0 0.234375 0.2255859375 0.251953125 0.2119140625 0.2333984375 0.1953125 0.193359375 0.2080078125 0.234375 0.2255859375
0 0.498046875 0.5107421875 0.5087890625 0.556640625 0.439453125 0.5498046875 0.439453125 0.5771484375 0.46875 0.6025390625 0.5126953125 0.5859375 0.546875 0.5517578125 0.5322265625 0.521484375 0.498046875 0.5107421875
0 0.3427734375 0.53515625 0.345703125 0.5166015625 0.2939453125 0.486328125 0.1884765625 0.513671875 0.0986328125 0.46875 0.10546875 0.4990234375 0.15234375 0.5341796875 0.201171875 0.6181640625 0.234375 0.5810546875 0.2353515625 0.53515625 0.3173828125 0.54296875 0.3427734375 0.53515625
0 0.25 0.4599609375 0.271484375 0.4658203125 0.310546875 0.4521484375 0.3115234375 0.423828125 0.25 0.4404296875 0.25 0.4599609375
0 0.4462890625 0.7421875 0.31640625 0.7490234375 0.4140625 0.8056640625 0.4287109375 0.7890625 0.4892578125 0.79296875 0.50390625 0.7626953125 0.4462890625 0.7421875
0 0.6103515625 0.70703125 0.5361328125 0.6328125 0.525390625 0.6591796875 0.603515625 0.7119140625 0.599609375 0.7607421875 0.66015625 0.7841796875 0.69921875 0.7568359375 0.69140625 0.7314453125 0.6669921875 0.712890625 0.6103515625 0.70703125
0 0.63671875 0.8447265625 0.6591796875 0.865234375 0.7265625 0.8681640625 0.75 0.8349609375 0.7177734375 0.818359375 0.6689453125 0.814453125 0.63671875 0.8447265625
0 0.8134765625 0.5 0.873046875 0.5107421875 0.892578125 0.4892578125 0.8642578125 0.451171875 0.81640625 0.4677734375 0.8134765625 0.5
0 0.890625 0.8408203125 0.91015625 0.8623046875 0.951171875 0.8310546875 0.9658203125 0.798828125 0.91796875 0.8037109375 0.890625 0.8408203125
0 0.6015625 0.5830078125 0.6298828125 0.6171875 0.646484375 0.6162109375 0.666015625 0.5986328125 0.673828125 0.5498046875 0.6318359375 0.54296875 0.6015625 0.5830078125
0 0.90234375 0.6611328125 0.921875 0.6884765625 0.953125 0.6533203125 0.9541015625 0.626953125 0.90625 0.6259765625 0.90234375 0.6611328125
0 0.33203125 0.5439453125 0.37109375 0.5947265625 0.388671875 0.5908203125 0.40625 0.5400390625 0.3525390625 0.517578125 0.33203125 0.5439453125