0 0.1953125 0.4755859375 0.2421875 0.4365234375 0.2568359375 0.353515625 0.125 0.4697265625 0.1953125 0.4755859375
0 0.3525390625 0.34375 0.380859375 0.3564453125 0.416015625 0.3408203125 0.4306640625 0.224609375 0.328125 0.3076171875 0.3525390625 0.34375
0 0.4765625 0.3857421875 0.501953125 0.4013671875 0.529296875 0.3623046875 0.5068359375 0.33984375 0.4697265625 0.34765625 0.4765625 0.3857421875
0 0.21875 0.7001953125 0.259765625 0.7138671875 0.265625 0.6728515625 0.2080078125 0.65625 0.201171875 0.6708984375 0.21875 0.7001953125
0 0.0927734375 0.505859375 0.05859375 0.5439453125 0.04296875 0.5791015625 0.072265625 0.5791015625 0.0869140625 0.5546875 0.123046875 0.5517578125 0.1220703125 0.501953125 0.0927734375 0.505859375
0 0.087890625 0.6630859375 0.10546875 0.6416015625 0.0849609375 0.626953125 0.068359375 0.6455078125 0.087890625 0.6630859375
0 0.6240234375 0.1328125 0.572265625 0.1572265625 0.533203125 0.2275390625 0.5400390625 0.25 0.572265625 0.2548828125 0.6279296875 0.18359375 0.654296875 0.1787109375 0.6513671875 0.140625 0.6240234375 0.1328125
0 0.8759765625 0.146484375 0.951171875 0.1591796875 0.9453125 0.0693359375 0.970703125 0.0361328125 0.9619140625 0.021484375 0.68359375 0.1142578125 0.6796875 0.2041015625 0.703125 0.2548828125 0.6953125 0.2861328125 0.7998046875 0.27734375 0.849609375 0.2958984375 0.884765625 0.2568359375 0.8134765625 0.22265625 0.814453125 0.1943359375 0.8759765625 0.146484375
0 0.63671875 0.3642578125 0.6533203125 0.384765625 0.75 0.3916015625 0.779296875 0.3681640625 0.7744140625 0.333984375 0.642578125 0.3173828125 0.63671875 0.3642578125
0 0.794921875 0.4580078125 0.830078125 0.4638671875 0.849609375 0.4501953125 0.833984375 0.4091796875 0.7822265625 0.3984375 0.794921875 0.4580078125
0 0.62109375 0.5048828125 0.658203125 0.5126953125 0.681640625 0.4970703125 0.6943359375 0.45703125 0.6552734375 0.462890625 0.62109375 0.5048828125
0 0.77734375 0.5869140625 0.791015625 0.5654296875 0.7490234375 0.552734375 0.75 0.5771484375 0.77734375 0.5869140625
0 0.5 0.7802734375 0.521484375 0.7841796875 0.546875 0.7744140625 0.5400390625 0.75390625 0.501953125 0.7626953125 0.5 0.7802734375
0 0.1630859375 0.849609375 0.05859375 0.8447265625 0.0888671875 0.884765625 0.1591796875 0.8828125 0.166015625 0.8955078125 0.193359375 0.8583984375 0.1884765625 0.833984375 0.14453125 0.8388671875 0.1630859375 0.849609375
0 0.3515625 0.9794921875 0.3662109375 1 0.451171875 0.9990234375 0.482421875 0.9560546875 0.4482421875 0.9375 0.4072265625 0.939453125 0.3515625 0.9794921875
0 0.75 0.7724609375 0.76953125 0.7451171875 0.7216796875 0.70703125 0.708984375 0.7568359375 0.75 0.7724609375
0 0.9599609375 0.388671875 0.93359375 0.4248046875 0.94921875 0.4482421875 0.9599609375 0.388671875
0 0.74609375 0.4580078125 0.75 0.4267578125 0.7236328125 0.42578125 0.720703125 0.4443359375 0.74609375 0.4580078125