0 0.12890625 0.4013671875 0.1337890625 0.416015625 0.169921875 0.4169921875 0.208984375 0.3857421875 0.1865234375 0.35546875 0.1572265625 0.36328125 0.12890625 0.4013671875
0 0.3701171875 0.44140625 0.359375 0.4541015625 0.3671875 0.4912109375 0.3798828125 0.513671875 0.40234375 0.5126953125 0.4365234375 0.498046875 0.453125 0.4697265625 0.4208984375 0.439453125 0.3701171875 0.44140625
0 0.30859375 0.5166015625 0.326171875 0.5029296875 0.2998046875 0.4765625 0.28515625 0.5048828125 0.30859375 0.5166015625
0 0.25 0.5927734375 0.2548828125 0.609375 0.29296875 0.6142578125 0.326171875 0.5966796875 0.3291015625 0.55078125 0.2978515625 0.546875 0.25 0.5927734375
0 0.3603515625 0.779296875 0.3974609375 0.78125 0.455078125 0.8173828125 0.46875 0.7978515625 0.4619140625 0.767578125 0.35546875 0.7509765625 0.3603515625 0.779296875
0 0.6796875 0.5771484375 0.701171875 0.5458984375 0.6630859375 0.513671875 0.646484375 0.5615234375 0.6796875 0.5771484375
0 0.451171875 0.2626953125 0.482421875 0.2431640625 0.4892578125 0.2109375 0.439453125 0.2216796875 0.451171875 0.2626953125
0 0.53515625 0.3056640625 0.56640625 0.3154296875 0.580078125 0.3095703125 0.578125 0.2900390625 0.5458984375 0.275390625 0.53515625 0.3056640625
0 0.1015625 0.1708984375 0.107421875 0.1533203125 0.0830078125 0.146484375 0.078125 0.1630859375 0.1015625 0.1708984375
0 0.84375 0.4287109375 0.873046875 0.4150390625 0.8623046875 0.38671875 0.828125 0.4130859375 0.84375 0.4287109375
0 0.890625 0.6083984375 0.90625 0.6220703125 0.9375 0.6064453125 0.9345703125 0.56640625 0.89453125 0.5771484375 0.890625 0.6083984375
0 0.751953125 0.7802734375 0.76953125 0.7548828125 0.7353515625 0.736328125 0.724609375 0.7646484375 0.751953125 0.7802734375
0 0.5673828125 0.91796875 0.63671875 0.9267578125 0.6318359375 0.8828125 0.5625 0.8798828125 0.5546875 0.9072265625 0.5673828125 0.91796875
0 0.822265625 0.8564453125 0.8359375 0.8408203125 0.8173828125 0.828125 0.796875 0.8486328125 0.822265625 0.8564453125
0 0.5673828125 0.75 0.5302734375 0.748046875 0.521484375 0.7607421875 0.55078125 0.7841796875 0.548828125 0.8251953125 0.5859375 0.8388671875 0.65234375 0.7998046875 0.5947265625 0.7109375 0.57421875 0.7197265625 0.5673828125 0.75