0 0.1640625 0.5634765625 0.1904296875 0.52734375 0.2392578125 0.513671875 0.25390625 0.4814453125 0.1669921875 0.478515625 0.1064453125 0.423828125 0.0595703125 0.40625 0.052734375 0.5166015625 0.09765625 0.6533203125 0.11328125 0.6611328125 0.1474609375 0.65625 0.189453125 0.6220703125 0.1953125 0.6103515625 0.1640625 0.5634765625
0 0.30078125 0.4228515625 0.341796875 0.4072265625 0.3388671875 0.380859375 0.28515625 0.4033203125 0.30078125 0.4228515625
0 0.439453125 0.2197265625 0.43359375 0.2431640625 0.4931640625 0.265625 0.5048828125 0.291015625 0.5859375 0.3134765625 0.5751953125 0.279296875 0.5068359375 0.259765625 0.4736328125 0.21875 0.439453125 0.2197265625
0 0.599609375 0.2451171875 0.6142578125 0.267578125 0.716796875 0.2841796875 0.728515625 0.2666015625 0.6787109375 0.2421875 0.6181640625 0.232421875 0.599609375 0.2451171875
0 0.7783203125 0.294921875 0.7412109375 0.296875 0.75390625 0.4306640625 0.7216796875 0.474609375 0.6640625 0.5029296875 0.70703125 0.5576171875 0.69921875 0.5751953125 0.720703125 0.5849609375 0.71484375 0.6005859375 0.73046875 0.5966796875 0.724609375 0.6533203125 0.69140625 0.6669921875 0.728515625 0.6748046875 0.72265625 0.7177734375 0.7529296875 0.75 0.7841796875 0.7421875 0.8369140625 0.685546875 0.85546875 0.6923828125 0.884765625 0.7490234375 0.94140625 0.6552734375 0.921875 0.4990234375 0.833984375 0.3505859375 0.7783203125 0.294921875
0 0.62890625 0.4150390625 0.619140625 0.4755859375 0.6640625 0.4912109375 0.744140625 0.4521484375 0.751953125 0.4169921875 0.7158203125 0.373046875 0.62890625 0.4150390625
0 0.4814453125 0.50390625 0.455078125 0.5322265625 0.4697265625 0.552734375 0.599609375 0.6181640625 0.619140625 0.5869140625 0.6044921875 0.501953125 0.5537109375 0.482421875 0.4814453125 0.50390625
0 0.419921875 0.6611328125 0.41796875 0.6826171875 0.4482421875 0.697265625 0.640625 0.7490234375 0.6298828125 0.671875 0.5927734375 0.685546875 0.4912109375 0.65234375 0.419921875 0.6611328125
0 0.3994140625 0.607421875 0.310546875 0.6298828125 0.4140625 0.6748046875 0.3994140625 0.607421875
0 0.2763671875 0.716796875 0.2197265625 0.697265625 0.1875 0.7041015625 0.2216796875 0.732421875 0.34375 0.7822265625 0.326171875 0.7275390625 0.306640625 0.7158203125 0.3173828125 0.703125 0.2763671875 0.716796875
0 0.7841796875 0.859375 0.759765625 0.8974609375 0.7958984375 0.89453125 0.80859375 0.9072265625 0.8974609375 0.876953125 0.91796875 0.8291015625 0.8076171875 0.892578125 0.7841796875 0.859375
0 0.8173828125 0.849609375 0.7744140625 0.859375 0.712890625 0.8974609375 0.71875 0.9228515625 0.732421875 0.9248046875 0.7783203125 0.87890625 0.8095703125 0.90625 0.84375 0.8740234375 0.8173828125 0.849609375
0 0.39453125 0.8173828125 0.421875 0.8076171875 0.34375 0.7880859375 0.3505859375 0.814453125 0.39453125 0.8173828125
0 0.5625 0.1787109375 0.625 0.1689453125 0.5732421875 0.126953125 0.548828125 0.1572265625 0.5625 0.1787109375
0 0.40625 0.9638671875 0.4111328125 0.9375 0.365234375 0.9326171875 0.3603515625 0.958984375 0.40625 0.9638671875