0 0.4990234375 0.462890625 0.541015625 0.4404296875 0.607421875 0.3271484375 0.638671875 0.2412109375 0.646484375 0.1630859375 0.6806640625 0.11328125 0.73828125 0.0751953125 0.7509765625 0.041015625 0.7060546875 0.017578125 0.5576171875 0.025390625 0.5302734375 0.08203125 0.3232421875 0.21875 0.2109375 0.3251953125 0.201171875 0.3505859375 0.232421875 0.3720703125 0.205078125 0.3896484375 0.1943359375 0.4375 0.25 0.4111328125 0.2294921875 0.400390625 0.2568359375 0.400390625 0.255859375 0.4580078125 0.2685546875 0.46875 0.3212890625 0.4609375 0.365234375 0.4736328125 0.4072265625 0.4609375 0.4580078125 0.47265625 0.447265625 0.4658203125 0.4990234375 0.462890625
0 0.279296875 0.4052734375 0.2099609375 0.392578125 0.1884765625 0.435546875 0.1083984375 0.474609375 0.0615234375 0.51953125 0.068359375 0.6103515625 0.076171875 0.5849609375 0.1201171875 0.548828125 0.2470703125 0.5 0.279296875 0.4052734375
0 0.39453125 0.5341796875 0.3828125 0.5400390625 0.3671875 0.4619140625 0.306640625 0.4423828125 0.3125 0.4150390625 0.296875 0.3896484375 0.310546875 0.3837890625 0.2998046875 0.37890625 0.263671875 0.4287109375 0.255859375 0.4912109375 0.201171875 0.5341796875 0.2626953125 0.5859375 0.349609375 0.6044921875 0.4033203125 0.58984375 0.4140625 0.5693359375 0.384765625 0.5517578125 0.39453125 0.5341796875
0 0.3046875 0.8408203125 0.30078125 0.8095703125 0.3515625 0.7666015625 0.3515625 0.6513671875 0.333984375 0.6357421875 0.36328125 0.6103515625 0.3671875 0.5927734375 0.3525390625 0.603515625 0.349609375 0.5888671875 0.3671875 0.5830078125 0.3330078125 0.578125 0.345703125 0.5888671875 0.3271484375 0.59765625 0.3046875 0.5869140625 0.3193359375 0.58203125 0.2607421875 0.57421875 0.2265625 0.5341796875 0.2451171875 0.509765625 0.1357421875 0.5390625 0.0732421875 0.58203125 0.06640625 0.6083984375 0.08984375 0.6630859375 0.087890625 0.7958984375 0.201171875 0.8974609375 0.2724609375 0.857421875 0.2841796875 0.875 0.28515625 0.8486328125 0.3046875 0.8408203125
0 0.5185546875 0.666015625 0.40234375 0.7158203125 0.4189453125 0.755859375 0.4892578125 0.74609375 0.5087890625 0.72265625 0.5673828125 0.748046875 0.6142578125 0.74609375 0.6640625 0.7744140625 0.7666015625 0.72265625 0.771484375 0.6943359375 0.6201171875 0.705078125 0.5185546875 0.666015625
0 0.552734375 0.6689453125 0.59375 0.6435546875 0.5380859375 0.640625 0.529296875 0.6630859375 0.552734375 0.6689453125
0 0.3046875 0.8271484375 0.3408203125 0.83984375 0.4111328125 0.822265625 0.4326171875 0.84375 0.462890625 0.8427734375 0.474609375 0.8251953125 0.4462890625 0.796875 0.3427734375 0.794921875 0.3046875 0.8271484375
0 0.2333984375 0.90234375 0.259765625 0.9052734375 0.28515625 0.8876953125 0.2685546875 0.861328125 0.228515625 0.8837890625 0.2333984375 0.90234375
0 0.4873046875 0.93359375 0.5390625 0.9365234375 0.560546875 0.9208984375 0.5439453125 0.890625 0.478515625 0.8974609375 0.4873046875 0.93359375
0 0.6982421875 0.8125 0.7060546875 0.78125 0.716796875 0.8056640625 0.7236328125 0.765625 0.73046875 0.8115234375 0.736328125 0.7509765625 0.7216796875 0.75 0.685546875 0.7724609375 0.6982421875 0.8125
0 0.87890625 0.7548828125 0.7822265625 0.76171875 0.7578125 0.7822265625 0.771484375 0.7958984375 0.7529296875 0.8203125 0.6240234375 0.875 0.65234375 0.9189453125 0.7392578125 0.89453125 0.7568359375 0.8671875 0.8251953125 0.83203125 0.87890625 0.7548828125
0 0.34375 0.9716796875 0.3740234375 0.984375 0.33203125 0.9873046875 0.4140625 0.9873046875 0.4658203125 0.9765625 0.478515625 0.9501953125 0.3681640625 0.9609375 0.34375 0.9716796875
0 0.642578125 0.5732421875 0.6708984375 0.6171875 0.7109375 0.6201171875 0.732421875 0.6083984375 0.7255859375 0.59375 0.6708984375 0.568359375 0.642578125 0.5732421875
0 0.724609375 0.4580078125 0.73828125 0.4384765625 0.7041015625 0.431640625 0.69921875 0.4501953125 0.724609375 0.4580078125
0 0.716796875 0.4990234375 0.73828125 0.5107421875 0.810546875 0.4775390625 0.7841796875 0.458984375 0.7607421875 0.462890625 0.716796875 0.4990234375
0 0.9794921875 0.576171875 0.9375 0.5771484375 0.9248046875 0.646484375 0.91796875 0.6044921875 0.904296875 0.7392578125 0.939453125 0.7158203125 0.951171875 0.6591796875 0.98046875 0.6201171875 0.9794921875 0.576171875