0 0.14453125 0.3408203125 0.185546875 0.3330078125 0.1787109375 0.2265625 0.123046875 0.3095703125 0.14453125 0.3408203125
0 0.203125 0.4228515625 0.208984375 0.3798828125 0.1669921875 0.36328125 0.15625 0.3994140625 0.203125 0.4228515625
0 0.1337890625 0.5078125 0.162109375 0.5107421875 0.173828125 0.4755859375 0.1357421875 0.439453125 0.123046875 0.4853515625 0.1337890625 0.5078125
0 0.296875 0.4736328125 0.302734375 0.4267578125 0.2509765625 0.40234375 0.234375 0.4423828125 0.296875 0.4736328125
0 0.25 0.3251953125 0.2646484375 0.34375 0.296875 0.3427734375 0.3046875 0.2509765625 0.2744140625 0.232421875 0.25 0.2607421875 0.25 0.3251953125
0 0.5048828125 0.447265625 0.537109375 0.4501953125 0.560546875 0.4365234375 0.5380859375 0.3828125 0.48828125 0.4287109375 0.5048828125 0.447265625
0 0.3837890625 0.375 0.3828125 0.3974609375 0.4296875 0.4423828125 0.423828125 0.4560546875 0.443359375 0.4580078125 0.478515625 0.4287109375 0.474609375 0.3798828125 0.4501953125 0.357421875 0.3837890625 0.375
0 0.314453125 0.5205078125 0.3134765625 0.55078125 0.25 0.5615234375 0.25390625 0.5830078125 0.296875 0.6123046875 0.35546875 0.5595703125 0.361328125 0.5205078125 0.3466796875 0.505859375 0.314453125 0.5205078125
0 0.58203125 0.6533203125 0.564453125 0.6943359375 0.5712890625 0.71875 0.59765625 0.7177734375 0.642578125 0.6884765625 0.63671875 0.6572265625 0.6044921875 0.640625 0.58203125 0.6533203125
0 0.8359375 0.4736328125 0.8671875 0.4248046875 0.8212890625 0.408203125 0.818359375 0.4482421875 0.8359375 0.4736328125
0 0.703125 0.4306640625 0.703125 0.4541015625 0.7197265625 0.5 0.75 0.4990234375 0.77734375 0.4658203125 0.77734375 0.4267578125 0.7236328125 0.4140625 0.703125 0.4306640625
0 0.330078125 0.7509765625 0.33203125 0.6904296875 0.2783203125 0.69140625 0.29296875 0.7373046875 0.330078125 0.7509765625
0 0.494140625 0.5908203125 0.525390625 0.6025390625 0.55859375 0.5947265625 0.55078125 0.5537109375 0.5029296875 0.546875 0.494140625 0.5908203125
0 0.439453125 0.6943359375 0.4658203125 0.7265625 0.498046875 0.7294921875 0.515625 0.7236328125 0.5087890625 0.67578125 0.4716796875 0.671875 0.439453125 0.6943359375
0 0.525390625 0.9091796875 0.5576171875 0.904296875 0.576171875 0.8837890625 0.5380859375 0.873046875 0.525390625 0.9091796875
0 0.3134765625 0.890625 0.306640625 0.9267578125 0.28515625 0.9228515625 0.3173828125 0.955078125 0.365234375 0.9599609375 0.45703125 0.9384765625 0.4091796875 0.896484375 0.3818359375 0.90625 0.3134765625 0.890625
0 0.234375 0.9150390625 0.271484375 0.9033203125 0.1767578125 0.82421875 0.189453125 0.8955078125 0.234375 0.9150390625
0 0.662109375 0.6728515625 0.681640625 0.6865234375 0.708984375 0.6728515625 0.7060546875 0.642578125 0.6845703125 0.642578125 0.662109375 0.6728515625
0 0.734375 0.6669921875 0.75 0.6728515625 0.7783203125 0.6640625 0.78125 0.6494140625 0.7548828125 0.64453125 0.734375 0.6669921875
0 0.72265625 0.7724609375 0.744140625 0.7529296875 0.7353515625 0.744140625 0.705078125 0.7548828125 0.72265625 0.7724609375
0 0.5234375 0.4990234375 0.556640625 0.5224609375 0.568359375 0.5048828125 0.55859375 0.4716796875 0.5146484375 0.45703125 0.5234375 0.4990234375