0 0.4287109375 0.3984375 0.4638671875 0.404296875 0.455078125 0.3779296875 0.3955078125 0.361328125 0.2392578125 0.189453125 0.1455078125 0.203125 0.1171875 0.1376953125 0.1171875 0.0986328125 0.09375 0.0888671875 0.10546875 0.0849609375 0.091796875 0.0771484375 0.103515625 0.0478515625 0.09375 0.0439453125 0.107421875 0.0361328125 0.0693359375 0.029296875 0.056640625 0.1123046875 0.08203125 0.2216796875 0.1083984375 0.240234375 0.1572265625 0.244140625 0.1767578125 0.27734375 0.1962890625 0.267578125 0.203125 0.2783203125 0.193359375 0.3251953125 0.169921875 0.3291015625 0.1640625 0.3779296875 0.2236328125 0.3984375 0.236328125 0.3916015625 0.2333984375 0.365234375 0.2841796875 0.361328125 0.3115234375 0.375 0.357421875 0.4384765625 0.361328125 0.5166015625 0.451171875 0.5537109375 0.4921875 0.5322265625 0.48046875 0.4833984375 0.419921875 0.4130859375 0.4287109375 0.3984375
0 0.265625 0.0771484375 0.1259765625 0.09375 0.123046875 0.1474609375 0.1484375 0.1748046875 0.1787109375 0.162109375 0.2763671875 0.1640625 0.251953125 0.1103515625 0.265625 0.0771484375
0 0.30078125 0.1826171875 0.3212890625 0.15234375 0.28125 0.1572265625 0.28125 0.1787109375 0.30078125 0.1826171875
0 0.359375 0.2626953125 0.3837890625 0.259765625 0.40234375 0.2373046875 0.3701171875 0.201171875 0.359375 0.2626953125
0 0.490234375 0.1533203125 0.494140625 0.1142578125 0.4521484375 0.099609375 0.451171875 0.1318359375 0.490234375 0.1533203125
0 0.5126953125 0.228515625 0.490234375 0.2392578125 0.505859375 0.2509765625 0.5126953125 0.228515625
0 0.599609375 0.2607421875 0.603515625 0.2373046875 0.5830078125 0.216796875 0.578125 0.2568359375 0.599609375 0.2607421875
0 0.6826171875 0.548828125 0.66796875 0.5673828125 0.7080078125 0.595703125 0.7578125 0.6025390625 0.7890625 0.5947265625 0.787109375 0.5634765625 0.7314453125 0.53515625 0.6826171875 0.548828125
0 0.599609375 0.5654296875 0.62109375 0.5361328125 0.5849609375 0.525390625 0.564453125 0.5517578125 0.599609375 0.5654296875
0 0.599609375 0.7724609375 0.625 0.7177734375 0.5498046875 0.7109375 0.560546875 0.7490234375 0.599609375 0.7724609375
0 0.6025390625 0.822265625 0.640625 0.8271484375 0.6640625 0.8193359375 0.6455078125 0.771484375 0.59765625 0.8056640625 0.6025390625 0.822265625
0 0.373046875 0.7451171875 0.38671875 0.7333984375 0.3583984375 0.71875 0.357421875 0.7412109375 0.373046875 0.7451171875
0 0.435546875 0.7861328125 0.439453125 0.7626953125 0.4267578125 0.75390625 0.40625 0.7841796875 0.435546875 0.7861328125
0 0.482421875 0.9287109375 0.498046875 0.9150390625 0.4892578125 0.873046875 0.4609375 0.9033203125 0.482421875 0.9287109375
0 0.876953125 0.7451171875 0.8916015625 0.703125 0.8662109375 0.705078125 0.8515625 0.7236328125 0.876953125 0.7451171875
0 0.919921875 0.7666015625 0.93359375 0.7705078125 0.9765625 0.7470703125 0.9736328125 0.71484375 0.923828125 0.7392578125 0.919921875 0.7666015625
0 0.91796875 0.6103515625 0.94140625 0.5966796875 0.9365234375 0.578125 0.896484375 0.6044921875 0.91796875 0.6103515625
0 0.7939453125 0.353515625 0.78515625 0.3779296875 0.810546875 0.3837890625 0.7939453125 0.353515625
0 0.701171875 0.4912109375 0.7109375 0.4814453125 0.6826171875 0.447265625 0.6796875 0.4892578125 0.701171875 0.4912109375
0 0.9794921875 0.814453125 0.962890625 0.8427734375 0.982421875 0.8525390625 0.9794921875 0.814453125