0 0.3037109375 0.25 0.333984375 0.3037109375 0.2890625 0.3232421875 0.30859375 0.4033203125 0.41015625 0.4345703125 0.41796875 0.4189453125 0.3828125 0.3525390625 0.40234375 0.2607421875 0.3037109375 0.25
0 0.0771484375 0.4296875 0.146484375 0.4462890625 0.173828125 0.4306640625 0.1162109375 0.41796875 0.078125 0.3916015625 0.0771484375 0.4296875
0 0.171875 0.4970703125 0.216796875 0.4833984375 0.1904296875 0.455078125 0.158203125 0.4873046875 0.171875 0.4970703125
0 0.08203125 0.5341796875 0.1025390625 0.529296875 0.109375 0.5068359375 0.0771484375 0.486328125 0.08203125 0.5341796875
0 0.126953125 0.6357421875 0.13671875 0.6005859375 0.0986328125 0.6015625 0.10546875 0.6357421875 0.126953125 0.6357421875
0 0.1767578125 0.658203125 0.228515625 0.6591796875 0.263671875 0.6396484375 0.2021484375 0.60546875 0.16015625 0.6435546875 0.1767578125 0.658203125
0 0.185546875 0.7666015625 0.21875 0.7470703125 0.2099609375 0.71875 0.154296875 0.7373046875 0.185546875 0.7666015625
0 0.3232421875 0.560546875 0.3671875 0.5634765625 0.3828125 0.5458984375 0.3662109375 0.515625 0.310546875 0.5419921875 0.3232421875 0.560546875
0 0.353515625 0.5947265625 0.3564453125 0.62109375 0.43359375 0.6357421875 0.46875 0.6064453125 0.4560546875 0.5859375 0.3701171875 0.576171875 0.353515625 0.5947265625
0 0.5283203125 0.48828125 0.47265625 0.4794921875 0.515625 0.5126953125 0.5283203125 0.48828125
0 0.4736328125 0.4765625 0.529296875 0.4873046875 0.552734375 0.3955078125 0.5029296875 0.388671875 0.4609375 0.4560546875 0.4736328125 0.4765625
0 0.2236328125 0.080078125 0.19140625 0.0771484375 0.224609375 0.1005859375 0.2236328125 0.080078125
0 0.23828125 0.1162109375 0.28515625 0.1513671875 0.3232421875 0.14453125 0.32421875 0.1298828125 0.2939453125 0.111328125 0.23828125 0.1162109375
0 0.1201171875 0.166015625 0.1171875 0.1982421875 0.150390625 0.2138671875 0.1201171875 0.166015625
0 0.591796875 0.3115234375 0.62109375 0.3310546875 0.65625 0.2958984375 0.5771484375 0.224609375 0.58984375 0.2392578125 0.591796875 0.3115234375
0 0.5791015625 0.44921875 0.662109375 0.4814453125 0.6591796875 0.439453125 0.6259765625 0.42578125 0.576171875 0.4345703125 0.5791015625 0.44921875
0 0.6552734375 0.3125 0.642578125 0.3310546875 0.6640625 0.3759765625 0.7265625 0.3974609375 0.7255859375 0.3828125 0.7578125 0.3740234375 0.6943359375 0.318359375 0.6552734375 0.3125
0 0.71875 0.4560546875 0.671875 0.4677734375 0.693359375 0.4755859375 0.71875 0.4560546875
0 0.77734375 0.6435546875 0.7802734375 0.6015625 0.728515625 0.6123046875 0.7431640625 0.63671875 0.77734375 0.6435546875
0 0.828125 0.7900390625 0.841796875 0.7470703125 0.8095703125 0.71875 0.771484375 0.7568359375 0.828125 0.7900390625
0 0.7265625 0.7041015625 0.7294921875 0.685546875 0.703125 0.6884765625 0.7041015625 0.703125 0.7265625 0.7041015625
0 0.5830078125 0.76953125 0.6015625 0.7724609375 0.6220703125 0.73046875 0.5927734375 0.7265625 0.5703125 0.7451171875 0.5830078125 0.76953125
0 0.498046875 0.7138671875 0.552734375 0.7216796875 0.5625 0.7041015625 0.548828125 0.6728515625 0.5146484375 0.671875 0.498046875 0.7138671875
0 0.7109375 0.9443359375 0.7802734375 0.912109375 0.814453125 0.8759765625 0.7431640625 0.896484375 0.7109375 0.9443359375
0 0.5546875 0.9267578125 0.634765625 0.9072265625 0.521484375 0.9013671875 0.5302734375 0.921875 0.5546875 0.9267578125
0 0.8828125 0.6005859375 0.888671875 0.5849609375 0.8095703125 0.53125 0.787109375 0.5517578125 0.78515625 0.5908203125 0.818359375 0.6103515625 0.875 0.6728515625 0.875 0.6962890625 0.890625 0.6982421875 0.9150390625 0.6953125 0.921875 0.6767578125 0.904296875 0.6181640625 0.8828125 0.6005859375
0 0.8193359375 0.6640625 0.849609375 0.6728515625 0.859375 0.6611328125 0.8447265625 0.642578125 0.81640625 0.6435546875 0.8193359375 0.6640625