0 0.3818359375 0.3046875 0.361328125 0.3388671875 0.412109375 0.3701171875 0.4619140625 0.35546875 0.505859375 0.3193359375 0.4306640625 0.2890625 0.3818359375 0.3046875
0 0.1162109375 0.208984375 0.11328125 0.2431640625 0.1474609375 0.25390625 0.15625 0.2880859375 0.1796875 0.2919921875 0.2177734375 0.28515625 0.220703125 0.2685546875 0.1826171875 0.224609375 0.1162109375 0.208984375
0 0.3125 0.1708984375 0.328125 0.1513671875 0.3017578125 0.125 0.271484375 0.1552734375 0.3125 0.1708984375
0 0.34375 0.2353515625 0.337890625 0.2041015625 0.3017578125 0.189453125 0.3125 0.2255859375 0.34375 0.2353515625
0 0.251953125 0.3955078125 0.294921875 0.3681640625 0.2236328125 0.35546875 0.2109375 0.3916015625 0.251953125 0.3955078125
0 0.3671875 0.4736328125 0.3916015625 0.50390625 0.412109375 0.5029296875 0.443359375 0.4853515625 0.4443359375 0.466796875 0.3935546875 0.45703125 0.3671875 0.4736328125
0 0.2841796875 0.669921875 0.3046875 0.6728515625 0.361328125 0.6494140625 0.3251953125 0.6328125 0.279296875 0.6494140625 0.2841796875 0.669921875
0 0.119140625 0.6611328125 0.134765625 0.6689453125 0.1787109375 0.658203125 0.185546875 0.6416015625 0.1259765625 0.638671875 0.119140625 0.6611328125
0 0.48046875 0.6455078125 0.5 0.6533203125 0.611328125 0.6435546875 0.5634765625 0.609375 0.4931640625 0.626953125 0.48046875 0.6455078125
0 0.5869140625 0.802734375 0.69921875 0.8134765625 0.70703125 0.7978515625 0.6630859375 0.720703125 0.544921875 0.7666015625 0.5869140625 0.802734375
0 0.6357421875 0.75390625 0.6455078125 0.740234375 0.6455078125 0.75390625 0.671875 0.7587890625 0.677734375 0.7373046875 0.6630859375 0.720703125 0.62890625 0.7373046875 0.6357421875 0.75390625
0 0.7451171875 0.794921875 0.7734375 0.8056640625 0.767578125 0.6904296875 0.7080078125 0.689453125 0.693359375 0.7314453125 0.7451171875 0.794921875
0 0.7783203125 0.40625 0.7275390625 0.41796875 0.7265625 0.4716796875 0.74609375 0.5146484375 0.87890625 0.6357421875 0.9033203125 0.634765625 0.912109375 0.6044921875 0.830078125 0.4521484375 0.7783203125 0.40625
0 0.7529296875 0.529296875 0.75 0.5537109375 0.76953125 0.5791015625 0.7265625 0.6611328125 0.7607421875 0.673828125 0.7734375 0.6982421875 0.7978515625 0.666015625 0.8525390625 0.654296875 0.86328125 0.6376953125 0.7529296875 0.529296875
0 0.3115234375 0.3359375 0.333984375 0.3349609375 0.345703125 0.3232421875 0.3330078125 0.310546875 0.294921875 0.3154296875 0.3115234375 0.3359375
0 0.5849609375 0.359375 0.564453125 0.3642578125 0.583984375 0.3759765625 0.5849609375 0.359375
0 0.583984375 0.3251953125 0.58984375 0.3037109375 0.5751953125 0.279296875 0.556640625 0.3154296875 0.583984375 0.3251953125
0 0.560546875 0.4384765625 0.5703125 0.4287109375 0.5576171875 0.4140625 0.525390625 0.4228515625 0.560546875 0.4384765625
0 0.65234375 0.8603515625 0.669921875 0.8466796875 0.6494140625 0.822265625 0.625 0.8525390625 0.65234375 0.8603515625
0 0.720703125 0.9013671875 0.7490234375 0.859375 0.6943359375 0.865234375 0.671875 0.8876953125 0.720703125 0.9013671875
0 0.439453125 0.9287109375 0.49609375 0.8876953125 0.4443359375 0.896484375 0.41796875 0.9208984375 0.439453125 0.9287109375
0 0.2470703125 0.603515625 0.21875 0.6103515625 0.259765625 0.6396484375 0.2470703125 0.603515625
0 0.1826171875 0.556640625 0.146484375 0.5654296875 0.18359375 0.5771484375 0.1826171875 0.556640625
0 0.1943359375 0.486328125 0.2421875 0.4853515625 0.259765625 0.4716796875 0.2470703125 0.462890625 0.189453125 0.4736328125 0.1943359375 0.486328125
0 0.1845703125 0.505859375 0.158203125 0.5166015625 0.181640625 0.5322265625 0.1845703125 0.505859375
0 0.904296875 0.7685546875 0.9375 0.6806640625 0.8681640625 0.638671875 0.783203125 0.6787109375 0.76953125 0.7724609375 0.80078125 0.8642578125 0.8525390625 0.9140625 0.9140625 0.9267578125 0.927734375 0.9169921875 0.916015625 0.8818359375 0.92578125 0.8056640625 0.904296875 0.7685546875