0 0.279296875 0.2509765625 0.2880859375 0.271484375 0.3359375 0.2880859375 0.3515625 0.2822265625 0.3408203125 0.251953125 0.2919921875 0.240234375 0.279296875 0.2509765625
0 0.1259765625 0.77734375 0.1640625 0.7939453125 0.201171875 0.7822265625 0.1689453125 0.76171875 0.125 0.7607421875 0.1259765625 0.77734375
0 0.1328125 0.4814453125 0.0888671875 0.421875 0.052734375 0.4248046875 0.041015625 0.5146484375 0.0625 0.5224609375 0.0634765625 0.501953125 0.091796875 0.4970703125 0.0595703125 0.490234375 0.1328125 0.4814453125
0 0.564453125 0.8447265625 0.587890625 0.8466796875 0.634765625 0.8232421875 0.6142578125 0.78125 0.55859375 0.8037109375 0.564453125 0.8447265625
0 0.625 0.6298828125 0.673828125 0.6494140625 0.6875 0.6318359375 0.6767578125 0.607421875 0.6533203125 0.60546875 0.625 0.6298828125
0 0.64453125 0.5400390625 0.62890625 0.5498046875 0.6484375 0.5576171875 0.6875 0.5263671875 0.6748046875 0.5 0.619140625 0.5185546875 0.64453125 0.5400390625
0 0.8232421875 0.3984375 0.794921875 0.4384765625 0.818359375 0.4443359375 0.8642578125 0.4375 0.900390625 0.4111328125 0.8779296875 0.390625 0.8232421875 0.3984375
0 0.1435546875 0.37109375 0.16796875 0.3740234375 0.1884765625 0.328125 0.1455078125 0.318359375 0.119140625 0.3291015625 0.1435546875 0.37109375
0 0.2216796875 0.5703125 0.18359375 0.5830078125 0.216796875 0.5947265625 0.2216796875 0.5703125
0 0.0625 0.6123046875 0.0625 0.5576171875 0.0361328125 0.53125 0.02734375 0.6083984375 0.0625 0.6123046875
0 0.494140625 0.1318359375 0.517578125 0.1123046875 0.4697265625 0.041015625 0.470703125 0.1025390625 0.494140625 0.1318359375
0 0.9375 0.4111328125 0.94140625 0.3701171875 0.9248046875 0.365234375 0.921875 0.4111328125 0.9375 0.4111328125