0 0.365234375 0.1201171875 0.427734375 0.0888671875 0.4111328125 0.05859375 0.357421875 0.0986328125 0.365234375 0.1201171875
0 0.44140625 0.1279296875 0.470703125 0.1123046875 0.4599609375 0.07421875 0.373046875 0.1201171875 0.44140625 0.1279296875
0 0.162109375 0.4111328125 0.1796875 0.4658203125 0.20703125 0.4677734375 0.224609375 0.4287109375 0.19921875 0.4111328125 0.1923828125 0.384765625 0.162109375 0.4111328125
0 0.0634765625 0.423828125 0.12109375 0.4306640625 0.1328125 0.4150390625 0.1201171875 0.38671875 0.06640625 0.3857421875 0.0634765625 0.423828125
0 0.333984375 0.4150390625 0.3525390625 0.4453125 0.37890625 0.4560546875 0.408203125 0.4033203125 0.3916015625 0.38671875 0.3623046875 0.388671875 0.333984375 0.4150390625
0 0.478515625 0.3779296875 0.4814453125 0.39453125 0.505859375 0.3955078125 0.5361328125 0.388671875 0.541015625 0.3681640625 0.5146484375 0.357421875 0.478515625 0.3779296875
0 0.330078125 0.2919921875 0.3525390625 0.240234375 0.296875 0.2626953125 0.3115234375 0.29296875 0.330078125 0.2919921875
0 0.3984375 0.2490234375 0.4248046875 0.201171875 0.3974609375 0.20703125 0.37890625 0.2333984375 0.3984375 0.2490234375
0 0.36328125 0.2841796875 0.3662109375 0.30859375 0.41796875 0.3115234375 0.439453125 0.3076171875 0.4345703125 0.2890625 0.3896484375 0.271484375 0.36328125 0.2841796875
0 0.796875 0.4443359375 0.876953125 0.3857421875 0.7666015625 0.375 0.751953125 0.4072265625 0.796875 0.4443359375
0 0.669921875 0.4560546875 0.7109375 0.4248046875 0.6513671875 0.416015625 0.634765625 0.4404296875 0.669921875 0.4560546875
0 0.73828125 0.4814453125 0.751953125 0.4599609375 0.7216796875 0.4453125 0.71484375 0.4755859375 0.73828125 0.4814453125
0 0.6630859375 0.525390625 0.6328125 0.6083984375 0.6875 0.6181640625 0.70703125 0.5927734375 0.681640625 0.5693359375 0.69921875 0.5302734375 0.6630859375 0.525390625
0 0.76953125 0.6201171875 0.7783203125 0.59765625 0.732421875 0.5927734375 0.7314453125 0.619140625 0.76953125 0.6201171875
0 0.326171875 0.6572265625 0.359375 0.6806640625 0.384765625 0.6455078125 0.3681640625 0.6328125 0.3330078125 0.638671875 0.326171875 0.6572265625
0 0.11328125 0.6728515625 0.15234375 0.6552734375 0.1142578125 0.64453125 0.099609375 0.6552734375 0.11328125 0.6728515625
0 0.1826171875 0.466796875 0.208984375 0.4677734375 0.2265625 0.4462890625 0.2197265625 0.4140625 0.17578125 0.4404296875 0.1826171875 0.466796875
0 0.1826171875 0.2578125 0.150390625 0.2646484375 0.181640625 0.2802734375 0.1826171875 0.2578125
0 0.5234375 0.1630859375 0.560546875 0.1494140625 0.5380859375 0.134765625 0.498046875 0.1474609375 0.5234375 0.1630859375
0 0.685546875 0.1474609375 0.701171875 0.0869140625 0.6376953125 0.08984375 0.66796875 0.1435546875 0.685546875 0.1474609375
0 0.791015625 0.1748046875 0.802734375 0.1552734375 0.7900390625 0.140625 0.763671875 0.1630859375 0.791015625 0.1748046875
0 0.7275390625 0.15625 0.689453125 0.1611328125 0.720703125 0.1767578125 0.7275390625 0.15625
0 0.9345703125 0.2890625 0.9140625 0.2998046875 0.935546875 0.3134765625 0.9345703125 0.2890625
0 0.83984375 0.2333984375 0.861328125 0.2216796875 0.8544921875 0.201171875 0.833984375 0.2119140625 0.83984375 0.2333984375