0 0.2138671875 0.4375 0.255859375 0.4541015625 0.28125 0.4326171875 0.2724609375 0.4140625 0.201171875 0.4130859375 0.2138671875 0.4375
0 0.5947265625 0.294921875 0.5859375 0.3251953125 0.529296875 0.3623046875 0.55859375 0.3896484375 0.5888671875 0.341796875 0.623046875 0.3291015625 0.6240234375 0.294921875 0.5947265625 0.294921875
0 0.91015625 0.5244140625 0.7783203125 0.591796875 0.771484375 0.6376953125 0.7890625 0.6396484375 0.8388671875 0.623046875 0.8740234375 0.56640625 0.9091796875 0.564453125 0.91015625 0.5244140625
0 0.85546875 0.7216796875 0.8984375 0.7373046875 0.916015625 0.7236328125 0.91015625 0.6923828125 0.8779296875 0.65625 0.85546875 0.7216796875
0 0.775390625 0.7451171875 0.82421875 0.7158203125 0.8271484375 0.6875 0.767578125 0.6904296875 0.775390625 0.7451171875
0 0.3046875 0.6220703125 0.326171875 0.6318359375 0.390625 0.5771484375 0.3857421875 0.546875 0.296875 0.5947265625 0.3046875 0.6220703125
0 0.2294921875 0.654296875 0.2666015625 0.646484375 0.318359375 0.6748046875 0.34765625 0.6513671875 0.3212890625 0.630859375 0.20703125 0.6142578125 0.2294921875 0.654296875
0 0.640625 0.6083984375 0.66015625 0.5830078125 0.6318359375 0.5546875 0.599609375 0.5849609375 0.640625 0.6083984375
0 0.447265625 0.3974609375 0.455078125 0.3701171875 0.4306640625 0.359375 0.419921875 0.3818359375 0.447265625 0.3974609375
0 0.36328125 0.4541015625 0.376953125 0.4248046875 0.3291015625 0.4140625 0.330078125 0.4423828125 0.36328125 0.4541015625
0 0.2890625 0.2587890625 0.294921875 0.2060546875 0.2568359375 0.205078125 0.2578125 0.2294921875 0.2890625 0.2587890625
0 0.16015625 0.2822265625 0.17578125 0.2529296875 0.1357421875 0.236328125 0.12890625 0.2783203125 0.16015625 0.2822265625
0 0.5361328125 0.724609375 0.5126953125 0.72265625 0.5 0.7939453125 0.5283203125 0.796875 0.5322265625 0.826171875 0.57421875 0.8369140625 0.5859375 0.8232421875 0.5625 0.8056640625 0.560546875 0.7509765625 0.5361328125 0.724609375
0 0.6904296875 0.763671875 0.662109375 0.7822265625 0.6689453125 0.80859375 0.6171875 0.8271484375 0.625 0.8564453125 0.6640625 0.8740234375 0.685546875 0.8623046875 0.689453125 0.8212890625 0.72265625 0.8076171875 0.6904296875 0.763671875
0 0.82421875 0.8154296875 0.833984375 0.7841796875 0.8115234375 0.767578125 0.80078125 0.7841796875 0.82421875 0.8154296875
0 0.810546875 0.8916015625 0.837890625 0.9248046875 0.91015625 0.8779296875 0.8583984375 0.892578125 0.8251953125 0.87109375 0.810546875 0.8916015625
0 0.5859375 0.6708984375 0.607421875 0.6552734375 0.5908203125 0.63671875 0.55078125 0.6494140625 0.5859375 0.6708984375
0 0.689453125 0.6962890625 0.732421875 0.6494140625 0.6689453125 0.625 0.658203125 0.6767578125 0.689453125 0.6962890625