1 0.3828125 0.2685546875 0.4306640625 0.240234375 0.4296875 0.2724609375 0.4609375 0.3037109375 0.4443359375 0.47265625 0.5361328125 0.4453125 0.6025390625 0.3984375 0.626953125 0.3525390625 0.66015625 0.3271484375 0.65234375 0.2431640625 0.59765625 0.2060546875 0.609375 0.1806640625 0.56640625 0.1455078125 0.53515625 0.0634765625 0.5048828125 0.0390625 0.4560546875 0.0390625 0.3779296875 0.078125 0.302734375 0.1494140625 0.30078125 0.2001953125 0.1728515625 0.3125 0.1142578125 0.34375 0.044921875 0.4443359375 0.0830078125 0.474609375 0.1103515625 0.45703125 0.1669921875 0.462890625 0.2265625 0.5244140625 0.28515625 0.4951171875 0.2890625 0.3583984375 0.3349609375 0.34375 0.3828125 0.2685546875
0 0.033203125 0.5322265625 0.078125 0.4794921875 0.0478515625 0.4453125 0.017578125 0.5107421875 0.033203125 0.5322265625
0 0.30859375 0.4072265625 0.306640625 0.4287109375 0.337890625 0.4443359375 0.373046875 0.4130859375 0.3720703125 0.392578125 0.3408203125 0.38671875 0.30859375 0.4072265625
0 0.3125 0.5341796875 0.349609375 0.5224609375 0.3154296875 0.501953125 0.283203125 0.5087890625 0.3125 0.5341796875
0 0.1923828125 0.533203125 0.158203125 0.6025390625 0.1650390625 0.62109375 0.1875 0.6240234375 0.2998046875 0.599609375 0.310546875 0.5517578125 0.2568359375 0.5234375 0.1923828125 0.533203125
0 0.0478515625 0.611328125 0.041015625 0.6279296875 0.083984375 0.6533203125 0.0986328125 0.6875 0.11328125 0.6865234375 0.169921875 0.6728515625 0.1201171875 0.64453125 0.0888671875 0.60546875 0.0478515625 0.611328125
0 0.24609375 0.6728515625 0.25390625 0.7138671875 0.310546875 0.7451171875 0.3515625 0.7216796875 0.3525390625 0.650390625 0.2705078125 0.650390625 0.24609375 0.6728515625
0 0.92578125 0.4052734375 0.9150390625 0.412109375 0.86328125 0.4189453125 0.857421875 0.4541015625 0.89453125 0.4619140625 0.955078125 0.4580078125 0.9326171875 0.396484375 0.9169921875 0.390625 0.92578125 0.4052734375
0 0.56640625 0.5751953125 0.591796875 0.5419921875 0.5595703125 0.517578125 0.52734375 0.5556640625 0.56640625 0.5751953125
0 0.63671875 0.4345703125 0.63671875 0.4501953125 0.66015625 0.4599609375 0.693359375 0.4365234375 0.6865234375 0.41796875 0.6611328125 0.416015625 0.63671875 0.4345703125
0 0.7099609375 0.583984375 0.728515625 0.5849609375 0.771484375 0.5576171875 0.7412109375 0.51953125 0.708984375 0.5673828125 0.7099609375 0.583984375
0 0.736328125 0.6552734375 0.751953125 0.6416015625 0.7412109375 0.6171875 0.712890625 0.6279296875 0.736328125 0.6552734375
0 0.583984375 0.6708984375 0.5771484375 0.638671875 0.54296875 0.6376953125 0.5458984375 0.666015625 0.583984375 0.6708984375
0 0.47265625 0.7451171875 0.49609375 0.7236328125 0.4443359375 0.697265625 0.439453125 0.7333984375 0.47265625 0.7451171875
0 0.3671875 0.6533203125 0.392578125 0.6005859375 0.3544921875 0.58984375 0.3359375 0.6162109375 0.3671875 0.6533203125
0 0.18359375 0.7958984375 0.1884765625 0.71875 0.15625 0.7666015625 0.1640625 0.7939453125 0.18359375 0.7958984375
0 0.8671875 0.6865234375 0.935546875 0.6142578125 0.9287109375 0.560546875 0.791015625 0.6943359375 0.81640625 0.7119140625 0.798828125 0.7373046875 0.8125 0.7373046875 0.8564453125 0.697265625 0.87109375 0.7177734375 0.880859375 0.6962890625 0.8671875 0.6865234375
0 0.7646484375 0.71875 0.6455078125 0.71875 0.5400390625 0.751953125 0.52734375 0.7646484375 0.55859375 0.7744140625 0.533203125 0.7939453125 0.529296875 0.8369140625 0.5546875 0.8369140625 0.6904296875 0.80078125 0.80859375 0.7353515625 0.7705078125 0.736328125 0.7646484375 0.71875
0 0.78515625 0.7529296875 0.81640625 0.7294921875 0.8037109375 0.68359375 0.767578125 0.7158203125 0.78515625 0.7529296875
0 0.408203125 0.8388671875 0.412109375 0.7978515625 0.4013671875 0.79296875 0.373046875 0.8330078125 0.408203125 0.8388671875
0 0.3212890625 0.60546875 0.3046875 0.5947265625 0.306640625 0.5556640625 0.2529296875 0.5234375 0.1923828125 0.533203125 0.16015625 0.6181640625 0.1962890625 0.62890625 0.25390625 0.7158203125 0.30859375 0.7451171875 0.349609375 0.7236328125 0.388671875 0.6005859375 0.3525390625 0.591796875 0.3212890625 0.60546875