0 0.6259765625 0.328125 0.6728515625 0.306640625 0.6953125 0.3388671875 0.671875 0.3720703125 0.6767578125 0.392578125 0.6923828125 0.40234375 0.7646484375 0.38671875 0.7734375 0.3212890625 0.8095703125 0.30078125 0.814453125 0.2822265625 0.7197265625 0.2265625 0.708984375 0.1787109375 0.6669921875 0.15234375 0.5966796875 0.14453125 0.6015625 0.1669921875 0.5634765625 0.19140625 0.4990234375 0.142578125 0.4267578125 0.1484375 0.41015625 0.1630859375 0.412109375 0.1943359375 0.4345703125 0.216796875 0.4794921875 0.203125 0.4765625 0.2294921875 0.4482421875 0.248046875 0.4345703125 0.23046875 0.3896484375 0.234375 0.38671875 0.2509765625 0.4306640625 0.255859375 0.4501953125 0.275390625 0.4970703125 0.265625 0.515625 0.3056640625 0.4599609375 0.310546875 0.4326171875 0.357421875 0.4189453125 0.341796875 0.404296875 0.3642578125 0.45703125 0.3935546875 0.45703125 0.4521484375 0.4921875 0.4658203125 0.5537109375 0.4609375 0.564453125 0.3935546875 0.609375 0.3662109375 0.6259765625 0.328125
0 0.765625 0.4306640625 0.7568359375 0.458984375 0.7373046875 0.443359375 0.6484375 0.4775390625 0.646484375 0.5146484375 0.66796875 0.5244140625 0.671875 0.5830078125 0.7109375 0.5986328125 0.7412109375 0.591796875 0.814453125 0.4970703125 0.7822265625 0.42578125 0.765625 0.4306640625
0 0.2939453125 0.3203125 0.2568359375 0.31640625 0.2412109375 0.283203125 0.1787109375 0.26953125 0.16015625 0.2861328125 0.1640625 0.3056640625 0.2197265625 0.3359375 0.22265625 0.3544921875 0.15234375 0.4208984375 0.1884765625 0.421875 0.259765625 0.4619140625 0.27734375 0.4423828125 0.267578125 0.3994140625 0.328125 0.3837890625 0.2939453125 0.3203125
0 0.3603515625 0.53515625 0.3154296875 0.51953125 0.3212890625 0.5390625 0.35546875 0.5380859375 0.376953125 0.6025390625 0.4140625 0.6220703125 0.466796875 0.6044921875 0.4375 0.5576171875 0.3916015625 0.52734375 0.3603515625 0.53515625
0 0.6015625 0.7529296875 0.548828125 0.7294921875 0.587890625 0.7119140625 0.5849609375 0.6796875 0.4912109375 0.67578125 0.4775390625 0.662109375 0.45703125 0.9248046875 0.4873046875 0.94921875 0.509765625 0.9482421875 0.6025390625 0.91015625 0.640625 0.8232421875 0.591796875 0.8017578125 0.6015625 0.7529296875
0 0.34765625 0.7861328125 0.390625 0.7939453125 0.427734375 0.7744140625 0.42578125 0.7490234375 0.3505859375 0.7421875 0.34765625 0.7861328125
0 0.2939453125 0.703125 0.330078125 0.7060546875 0.345703125 0.6923828125 0.3251953125 0.67578125 0.28515625 0.6787109375 0.2939453125 0.703125
0 0.177734375 0.6513671875 0.1826171875 0.615234375 0.11328125 0.6044921875 0.1337890625 0.638671875 0.177734375 0.6513671875
0 0.66796875 0.7197265625 0.6923828125 0.751953125 0.70703125 0.7509765625 0.7421875 0.7314453125 0.7431640625 0.69921875 0.6904296875 0.701171875 0.66796875 0.7197265625
0 0.72265625 0.8134765625 0.748046875 0.8017578125 0.7451171875 0.78515625 0.703125 0.7939453125 0.72265625 0.8134765625
0 0.8017578125 0.439453125 0.818359375 0.4873046875 0.853515625 0.5244140625 0.908203125 0.5146484375 0.892578125 0.4462890625 0.8271484375 0.462890625 0.8017578125 0.439453125
0 0.8955078125 0.595703125 0.953125 0.6083984375 0.9609375 0.5849609375 0.9326171875 0.5546875 0.8671875 0.5634765625 0.8955078125 0.595703125
0 0.201171875 0.5205078125 0.216796875 0.5029296875 0.1826171875 0.5 0.185546875 0.5185546875 0.201171875 0.5205078125
0 0.185546875 0.5947265625 0.1904296875 0.609375 0.224609375 0.6083984375 0.24609375 0.6044921875 0.2392578125 0.5859375 0.1962890625 0.580078125 0.185546875 0.5947265625
0 0.4365234375 0.01953125 0.3896484375 0.0078125 0.3681640625 0.033203125 0.25 0.0927734375 0.28515625 0.0947265625 0.3076171875 0.08203125 0.3779296875 0.08984375 0.46875 0.0615234375 0.4365234375 0.01953125