0 0.7724609375 0.302734375 0.7001953125 0.326171875 0.6748046875 0.31640625 0.640625 0.3544921875 0.6474609375 0.373046875 0.6904296875 0.37890625 0.7333984375 0.412109375 0.7734375 0.4130859375 0.7958984375 0.408203125 0.806640625 0.3818359375 0.798828125 0.3310546875 0.7724609375 0.302734375
0 0.708984375 0.1455078125 0.7578125 0.1865234375 0.7890625 0.1435546875 0.79296875 0.1083984375 0.7275390625 0.078125 0.708984375 0.1455078125
0 0.455078125 0.5732421875 0.5390625 0.6103515625 0.578125 0.5615234375 0.4716796875 0.525390625 0.455078125 0.5419921875 0.455078125 0.5732421875
0 0.505859375 0.6611328125 0.4794921875 0.6328125 0.44140625 0.6708984375 0.421875 0.7392578125 0.4638671875 0.75 0.4951171875 0.779296875 0.529296875 0.7802734375 0.576171875 0.7412109375 0.5400390625 0.708984375 0.5078125 0.7060546875 0.505859375 0.6611328125
0 0.3515625 0.8310546875 0.34375 0.7763671875 0.2412109375 0.751953125 0.224609375 0.7861328125 0.232421875 0.8232421875 0.21484375 0.8466796875 0.21875 0.8935546875 0.2685546875 0.904296875 0.2861328125 0.890625 0.345703125 0.9404296875 0.36328125 0.9345703125 0.365234375 0.9150390625 0.326171875 0.8681640625 0.3515625 0.8310546875
0 0.498046875 0.9306640625 0.517578125 0.8701171875 0.4794921875 0.8359375 0.462890625 0.8935546875 0.498046875 0.9306640625
0 0.671875 0.6962890625 0.708984375 0.7294921875 0.736328125 0.6865234375 0.7177734375 0.658203125 0.6943359375 0.654296875 0.671875 0.6962890625
0 0.873046875 0.3369140625 0.892578125 0.3779296875 0.91796875 0.3857421875 0.939453125 0.3740234375 0.939453125 0.3310546875 0.8876953125 0.29296875 0.873046875 0.3369140625
0 0.1796875 0.5419921875 0.158203125 0.5205078125 0.162109375 0.4970703125 0.1884765625 0.474609375 0.2451171875 0.46875 0.26953125 0.4345703125 0.3046875 0.3349609375 0.3095703125 0.275390625 0.1865234375 0.33203125 0.158203125 0.3935546875 0.1015625 0.4521484375 0.072265625 0.6083984375 0.09765625 0.6318359375 0.111328125 0.5966796875 0.1298828125 0.609375 0.13671875 0.5830078125 0.1796875 0.5419921875
0 0.2041015625 0.755859375 0.232421875 0.7333984375 0.224609375 0.6669921875 0.1962890625 0.65625 0.1650390625 0.673828125 0.123046875 0.5966796875 0.0849609375 0.57421875 0.048828125 0.7138671875 0.064453125 0.7822265625 0.0810546875 0.73828125 0.1162109375 0.775390625 0.1396484375 0.73828125 0.2041015625 0.755859375
0 0.125 0.7685546875 0.1171875 0.7998046875 0.134765625 0.8173828125 0.18359375 0.7783203125 0.169921875 0.7685546875 0.1806640625 0.76171875 0.125 0.7685546875
0 0.36328125 0.5576171875 0.375 0.5966796875 0.390625 0.6025390625 0.4140625 0.5849609375 0.42578125 0.5478515625 0.3837890625 0.521484375 0.36328125 0.5576171875
0 0.2861328125 0.455078125 0.26171875 0.4892578125 0.2890625 0.5439453125 0.279296875 0.6162109375 0.34375 0.6259765625 0.357421875 0.6005859375 0.326171875 0.5087890625 0.291015625 0.4833984375 0.2861328125 0.455078125
0 0.517578125 0.2294921875 0.537109375 0.1923828125 0.515625 0.1669921875 0.58203125 0.1103515625 0.5595703125 0.068359375 0.4833984375 0.1015625 0.419921875 0.1552734375 0.423828125 0.1943359375 0.478515625 0.2587890625 0.4404296875 0.2734375 0.431640625 0.2919921875 0.44921875 0.3232421875 0.4296875 0.3623046875 0.455078125 0.3681640625 0.48046875 0.3330078125 0.46875 0.3056640625 0.521484375 0.2626953125 0.517578125 0.2294921875
0 0.5908203125 0.15234375 0.560546875 0.2392578125 0.619140625 0.2783203125 0.640625 0.2587890625 0.6015625 0.2138671875 0.609375 0.1591796875 0.5908203125 0.15234375
0 0.642578125 0.1416015625 0.654296875 0.1123046875 0.6298828125 0.087890625 0.60546875 0.1220703125 0.642578125 0.1416015625
0 0.6328125 0.0419921875 0.6953125 0.0517578125 0.818359375 0.0322265625 0.7548828125 0.021484375 0.6865234375 0.046875 0.6328125 0.0419921875
0 0.31640625 0.2470703125 0.3544921875 0.287109375 0.384765625 0.2939453125 0.388671875 0.2705078125 0.361328125 0.2431640625 0.3857421875 0.169921875 0.31640625 0.2470703125
0 0.611328125 0.4248046875 0.609375 0.4482421875 0.6328125 0.4599609375 0.66796875 0.4462890625 0.6630859375 0.412109375 0.6318359375 0.40625 0.611328125 0.4248046875