0 0.8837890625 0.123046875 0.81640625 0.1669921875 0.81640625 0.2431640625 0.794921875 0.2587890625 0.845703125 0.3408203125 0.8828125 0.2939453125 0.830078125 0.2431640625 0.884765625 0.1474609375 0.8837890625 0.123046875
0 0.845703125 0.0400390625 0.88671875 0.0810546875 0.923828125 0.0498046875 0.9208984375 0.009765625 0.9091796875 0.0390625 0.845703125 0.0400390625
0 0.796875 0.0439453125 0.7587890625 0.044921875 0.78125 0.0751953125 0.796875 0.0439453125
0 0.62890625 0.1669921875 0.626953125 0.2119140625 0.6640625 0.2275390625 0.6923828125 0.22265625 0.724609375 0.1806640625 0.7197265625 0.142578125 0.62890625 0.1669921875
0 0.537109375 0.3759765625 0.556640625 0.4013671875 0.5859375 0.3876953125 0.57421875 0.3212890625 0.5576171875 0.310546875 0.537109375 0.3759765625
0 0.435546875 0.3701171875 0.453125 0.3798828125 0.53125 0.3447265625 0.4775390625 0.29296875 0.4375 0.3310546875 0.435546875 0.3701171875
0 0.30859375 0.3994140625 0.310546875 0.3388671875 0.2880859375 0.314453125 0.279296875 0.3701171875 0.30859375 0.3994140625
0 0.150390625 0.6494140625 0.1875 0.5927734375 0.1767578125 0.533203125 0.140625 0.5693359375 0.150390625 0.6494140625
0 0.3486328125 0.705078125 0.376953125 0.7158203125 0.390625 0.6806640625 0.3701171875 0.66015625 0.33984375 0.6826171875 0.3486328125 0.705078125
0 0.291015625 0.6552734375 0.3095703125 0.685546875 0.328125 0.6845703125 0.345703125 0.6591796875 0.34375 0.6279296875 0.3037109375 0.623046875 0.291015625 0.6552734375
0 0.486328125 0.6337890625 0.53515625 0.6748046875 0.546875 0.6669921875 0.54296875 0.6318359375 0.4873046875 0.609375 0.486328125 0.6337890625
0 0.6181640625 0.470703125 0.5283203125 0.50390625 0.501953125 0.5380859375 0.5 0.5673828125 0.541015625 0.5810546875 0.5966796875 0.533203125 0.6474609375 0.521484375 0.654296875 0.4873046875 0.6181640625 0.470703125
0 0.787109375 0.4521484375 0.7724609375 0.43359375 0.77734375 0.4892578125 0.787109375 0.4521484375
0 0.662109375 0.6025390625 0.67578125 0.6064453125 0.703125 0.5908203125 0.6982421875 0.556640625 0.666015625 0.5810546875 0.662109375 0.6025390625
0 0.736328125 0.5810546875 0.751953125 0.5673828125 0.7490234375 0.5390625 0.720703125 0.5673828125 0.736328125 0.5810546875
0 0.4638671875 0.09375 0.439453125 0.1298828125 0.4677734375 0.142578125 0.46875 0.1708984375 0.49609375 0.1865234375 0.505859375 0.1669921875 0.484375 0.1416015625 0.484375 0.1044921875 0.4638671875 0.09375
0 0.291015625 0.8134765625 0.30078125 0.7998046875 0.2802734375 0.787109375 0.267578125 0.8095703125 0.291015625 0.8134765625
0 0.5166015625 0.876953125 0.546875 0.8779296875 0.5546875 0.8681640625 0.5380859375 0.8515625 0.51171875 0.8642578125 0.5166015625 0.876953125
0 0.48046875 0.9228515625 0.494140625 0.9228515625 0.5078125 0.9169921875 0.5029296875 0.890625 0.48046875 0.8955078125 0.48046875 0.9228515625
0 0.091796875 0.7783203125 0.107421875 0.7587890625 0.0966796875 0.74609375 0.080078125 0.7548828125 0.091796875 0.7783203125