0 0.693359375 0.4619140625 0.716796875 0.4638671875 0.7548828125 0.458984375 0.759765625 0.4345703125 0.7021484375 0.435546875 0.693359375 0.4619140625
0 0.595703125 0.4384765625 0.60546875 0.4150390625 0.5771484375 0.396484375 0.5625 0.4306640625 0.595703125 0.4384765625
0 0.412109375 0.3583984375 0.44140625 0.3974609375 0.5224609375 0.3515625 0.53515625 0.3154296875 0.4521484375 0.314453125 0.412109375 0.3583984375
0 0.451171875 0.4423828125 0.4326171875 0.447265625 0.3486328125 0.3828125 0.298828125 0.4052734375 0.3095703125 0.419921875 0.3916015625 0.439453125 0.3994140625 0.470703125 0.439453125 0.4736328125 0.4921875 0.4404296875 0.4873046875 0.421875 0.4501953125 0.419921875 0.451171875 0.4423828125
0 0.1640625 0.5771484375 0.1953125 0.6005859375 0.22265625 0.5849609375 0.220703125 0.5693359375 0.1669921875 0.564453125 0.1640625 0.5771484375
0 0.318359375 0.5654296875 0.31640625 0.5888671875 0.345703125 0.5927734375 0.37109375 0.5849609375 0.3720703125 0.5546875 0.3447265625 0.548828125 0.318359375 0.5654296875
0 0.4453125 0.6474609375 0.453125 0.6064453125 0.4150390625 0.59765625 0.3544921875 0.654296875 0.2158203125 0.63671875 0.19921875 0.7060546875 0.244140625 0.7373046875 0.2685546875 0.689453125 0.2783203125 0.705078125 0.3857421875 0.701171875 0.4453125 0.6474609375
0 0.6923828125 0.67578125 0.732421875 0.6748046875 0.751953125 0.6572265625 0.7255859375 0.634765625 0.673828125 0.6513671875 0.6923828125 0.67578125
0 0.2724609375 0.216796875 0.3046875 0.2236328125 0.322265625 0.2080078125 0.3173828125 0.189453125 0.25390625 0.1904296875 0.2724609375 0.216796875
0 0.177734375 0.2744140625 0.212890625 0.2919921875 0.236328125 0.2802734375 0.2421875 0.2529296875 0.1787109375 0.25 0.177734375 0.2744140625
0 0.5625 0.6865234375 0.5673828125 0.705078125 0.59375 0.7119140625 0.6376953125 0.697265625 0.6328125 0.6748046875 0.5849609375 0.669921875 0.5625 0.6865234375
0 0.5693359375 0.765625 0.60546875 0.7685546875 0.6181640625 0.810546875 0.64453125 0.8095703125 0.666015625 0.7666015625 0.6435546875 0.736328125 0.564453125 0.7392578125 0.5693359375 0.765625
0 0.486328125 0.8115234375 0.5078125 0.8271484375 0.544921875 0.7998046875 0.5380859375 0.783203125 0.498046875 0.7841796875 0.486328125 0.8115234375
0 0.7578125 0.7470703125 0.791015625 0.7646484375 0.806640625 0.7490234375 0.80078125 0.7197265625 0.7529296875 0.712890625 0.7578125 0.7470703125
0 0.625 0.9326171875 0.666015625 0.9091796875 0.6591796875 0.880859375 0.603515625 0.9091796875 0.625 0.9326171875
0 0.615234375 0.5244140625 0.630859375 0.5146484375 0.6181640625 0.49609375 0.578125 0.5126953125 0.615234375 0.5244140625