0 0.5537109375 0.32421875 0.5146484375 0.296875 0.4794921875 0.294921875 0.40234375 0.3173828125 0.4130859375 0.349609375 0.5126953125 0.333984375 0.58203125 0.3876953125 0.6767578125 0.345703125 0.708984375 0.3076171875 0.6123046875 0.3046875 0.5537109375 0.32421875
0 0.58984375 0.2822265625 0.607421875 0.2705078125 0.6025390625 0.236328125 0.544921875 0.2666015625 0.58984375 0.2822265625
0 0.609375 0.2158203125 0.619140625 0.2255859375 0.6669921875 0.216796875 0.669921875 0.1923828125 0.6279296875 0.185546875 0.609375 0.2158203125
0 0.6240234375 0.0703125 0.68359375 0.0888671875 0.7080078125 0.0390625 0.6171875 0.0263671875 0.607421875 0.0458984375 0.6240234375 0.0703125
0 0.8515625 0.2275390625 0.837890625 0.2275390625 0.830078125 0.2548828125 0.85546875 0.2978515625 0.837890625 0.3330078125 0.87109375 0.3505859375 0.8720703125 0.375 0.8779296875 0.34375 0.87890625 0.3740234375 0.896484375 0.3837890625 0.923828125 0.3037109375 0.919921875 0.2548828125 0.8544921875 0.158203125 0.8515625 0.2275390625
0 0.796875 0.2822265625 0.8203125 0.2490234375 0.7802734375 0.234375 0.765625 0.2744140625 0.796875 0.2822265625
0 0.78515625 0.3369140625 0.796875 0.3134765625 0.7685546875 0.30859375 0.7578125 0.3310546875 0.78515625 0.3369140625
0 0.783203125 0.3916015625 0.7177734375 0.35546875 0.689453125 0.3681640625 0.693359375 0.4111328125 0.6552734375 0.423828125 0.64453125 0.4541015625 0.6904296875 0.490234375 0.7265625 0.4951171875 0.76953125 0.4873046875 0.7666015625 0.458984375 0.7265625 0.4482421875 0.783203125 0.3916015625
0 0.5185546875 0.5 0.564453125 0.5419921875 0.640625 0.5107421875 0.5908203125 0.44140625 0.482421875 0.4912109375 0.5185546875 0.5
0 0.439453125 0.5244140625 0.431640625 0.5693359375 0.47265625 0.5751953125 0.513671875 0.5185546875 0.5244140625 0.470703125 0.4931640625 0.46875 0.439453125 0.5244140625
0 0.6484375 0.6044921875 0.5693359375 0.564453125 0.5126953125 0.564453125 0.458984375 0.6494140625 0.478515625 0.6552734375 0.5068359375 0.6484375 0.5283203125 0.611328125 0.6259765625 0.625 0.6484375 0.6044921875
0 0.7626953125 0.646484375 0.798828125 0.6494140625 0.814453125 0.6396484375 0.8154296875 0.61328125 0.759765625 0.6181640625 0.7626953125 0.646484375
0 0.7138671875 0.494140625 0.755859375 0.5029296875 0.751953125 0.5322265625 0.7734375 0.5439453125 0.8125 0.4951171875 0.8095703125 0.43359375 0.708984375 0.4775390625 0.7138671875 0.494140625
0 0.6669921875 0.671875 0.623046875 0.6865234375 0.6318359375 0.732421875 0.7197265625 0.705078125 0.802734375 0.7451171875 0.818359375 0.7353515625 0.814453125 0.7138671875 0.7802734375 0.689453125 0.6669921875 0.671875
0 0.7578125 0.8134765625 0.7822265625 0.748046875 0.7265625 0.7763671875 0.732421875 0.7998046875 0.7578125 0.8134765625
0 0.4267578125 0.71875 0.421875 0.7431640625 0.4375 0.7646484375 0.4755859375 0.794921875 0.49609375 0.7939453125 0.5732421875 0.763671875 0.576171875 0.7294921875 0.5107421875 0.70703125 0.4267578125 0.71875
0 0.32421875 0.8330078125 0.328125 0.8115234375 0.3056640625 0.796875 0.216796875 0.8154296875 0.32421875 0.8330078125
0 0.4609375 0.8779296875 0.474609375 0.8134765625 0.4208984375 0.8203125 0.419921875 0.8466796875 0.4609375 0.8779296875