0 0.2314453125 0.240234375 0.15234375 0.2822265625 0.154296875 0.2998046875 0.1767578125 0.310546875 0.2216796875 0.28515625 0.2548828125 0.29296875 0.248046875 0.3349609375 0.271484375 0.3466796875 0.296875 0.3115234375 0.265625 0.2958984375 0.2685546875 0.251953125 0.2314453125 0.240234375
0 0.337890625 0.1513671875 0.37109375 0.1533203125 0.384765625 0.1279296875 0.3642578125 0.09765625 0.3447265625 0.09765625 0.337890625 0.1513671875
0 0.423828125 0.1923828125 0.46875 0.2041015625 0.498046875 0.1923828125 0.5 0.1650390625 0.4658203125 0.146484375 0.423828125 0.1923828125
0 0.373046875 0.2548828125 0.37109375 0.2763671875 0.384765625 0.2822265625 0.4560546875 0.267578125 0.46484375 0.2490234375 0.4267578125 0.2109375 0.373046875 0.2548828125
0 0.1650390625 0.05078125 0.17578125 0.0869140625 0.205078125 0.0966796875 0.21484375 0.0830078125 0.201171875 0.0595703125 0.1826171875 0.044921875 0.1650390625 0.05078125
0 0.255859375 0.1494140625 0.30859375 0.1181640625 0.2392578125 0.12109375 0.234375 0.1376953125 0.255859375 0.1494140625
0 0.564453125 0.3095703125 0.6142578125 0.28515625 0.619140625 0.2685546875 0.5673828125 0.28125 0.564453125 0.3095703125
0 0.509765625 0.4091796875 0.54296875 0.3857421875 0.5595703125 0.31640625 0.505859375 0.3466796875 0.509765625 0.4091796875
0 0.48046875 0.4970703125 0.478515625 0.4482421875 0.4560546875 0.4375 0.4453125 0.4697265625 0.48046875 0.4970703125
0 0.12890625 0.4658203125 0.15234375 0.4677734375 0.171875 0.4580078125 0.171875 0.4267578125 0.1416015625 0.40625 0.12890625 0.4658203125
0 0.146484375 0.4150390625 0.16015625 0.4501953125 0.2216796875 0.498046875 0.265625 0.5029296875 0.265625 0.4736328125 0.240234375 0.4619140625 0.2451171875 0.4375 0.146484375 0.4150390625
0 0.205078125 0.6181640625 0.22265625 0.6220703125 0.25 0.6064453125 0.2353515625 0.583984375 0.205078125 0.5986328125 0.205078125 0.6181640625
0 0.3623046875 0.623046875 0.388671875 0.6259765625 0.404296875 0.6220703125 0.3994140625 0.595703125 0.349609375 0.6005859375 0.3623046875 0.623046875
0 0.671875 0.3857421875 0.6298828125 0.384765625 0.658203125 0.4150390625 0.671875 0.3857421875
0 0.595703125 0.4833984375 0.61328125 0.4619140625 0.5908203125 0.44921875 0.5703125 0.4716796875 0.595703125 0.4833984375
0 0.578125 0.5693359375 0.599609375 0.5869140625 0.62109375 0.5771484375 0.6259765625 0.53125 0.5859375 0.5380859375 0.578125 0.5693359375
0 0.703125 0.5048828125 0.744140625 0.5146484375 0.765625 0.5087890625 0.76953125 0.4873046875 0.7275390625 0.45703125 0.703125 0.5048828125
0 0.72265625 0.5771484375 0.748046875 0.5634765625 0.7529296875 0.537109375 0.6953125 0.5517578125 0.72265625 0.5771484375
0 0.552734375 0.7431640625 0.5771484375 0.68359375 0.5341796875 0.69140625 0.5078125 0.7275390625 0.552734375 0.7431640625
0 0.662109375 0.7958984375 0.6796875 0.7841796875 0.6669921875 0.759765625 0.640625 0.7763671875 0.662109375 0.7958984375
0 0.6259765625 0.703125 0.59375 0.7158203125 0.62890625 0.7373046875 0.6259765625 0.703125
0 0.875 0.6533203125 0.9013671875 0.619140625 0.849609375 0.6279296875 0.84765625 0.6474609375 0.875 0.6533203125
0 0.875 0.7158203125 0.8759765625 0.736328125 0.91796875 0.7451171875 0.939453125 0.7373046875 0.9345703125 0.720703125 0.8974609375 0.705078125 0.875 0.7158203125
0 0.791015625 0.8642578125 0.8125 0.8564453125 0.8193359375 0.818359375 0.771484375 0.8603515625 0.791015625 0.8642578125
0 0.57421875 0.8896484375 0.6015625 0.8408203125 0.5322265625 0.84375 0.529296875 0.8642578125 0.57421875 0.8896484375
0 0.685546875 0.3056640625 0.681640625 0.2783203125 0.6279296875 0.2421875 0.625 0.2841796875 0.685546875 0.3056640625
0 0.748046875 0.3798828125 0.791015625 0.3935546875 0.802734375 0.3876953125 0.775390625 0.3564453125 0.7373046875 0.3359375 0.748046875 0.3798828125