0 0.359375 0.5205078125 0.359375 0.6142578125 0.3984375 0.6318359375 0.47265625 0.5517578125 0.4580078125 0.509765625 0.3955078125 0.49609375 0.359375 0.5205078125
0 0.41796875 0.2021484375 0.4130859375 0.177734375 0.373046875 0.1767578125 0.3818359375 0.1953125 0.41796875 0.2021484375
0 0.43359375 0.2177734375 0.4619140625 0.259765625 0.4072265625 0.259765625 0.37890625 0.2822265625 0.376953125 0.3134765625 0.3955078125 0.3359375 0.4638671875 0.296875 0.5029296875 0.33203125 0.5390625 0.3408203125 0.521484375 0.2978515625 0.548828125 0.2587890625 0.4716796875 0.201171875 0.43359375 0.2177734375
0 0.2685546875 0.263671875 0.341796875 0.2744140625 0.369140625 0.2529296875 0.2998046875 0.201171875 0.248046875 0.2353515625 0.2685546875 0.263671875
0 0.2734375 0.3310546875 0.2666015625 0.31640625 0.2451171875 0.34375 0.2001953125 0.306640625 0.169921875 0.3447265625 0.166015625 0.3955078125 0.197265625 0.5048828125 0.189453125 0.5498046875 0.2578125 0.5595703125 0.287109375 0.5400390625 0.25 0.4423828125 0.275390625 0.4072265625 0.2734375 0.3310546875
0 0.1982421875 0.6328125 0.1298828125 0.62890625 0.126953125 0.6494140625 0.162109375 0.7138671875 0.2568359375 0.80859375 0.283203125 0.8134765625 0.306640625 0.7998046875 0.314453125 0.7705078125 0.22265625 0.6494140625 0.1982421875 0.6328125
0 0.193359375 0.8173828125 0.201171875 0.7861328125 0.1611328125 0.771484375 0.15625 0.8095703125 0.193359375 0.8173828125
0 0.291015625 0.8876953125 0.3134765625 0.921875 0.353515625 0.9267578125 0.375 0.9130859375 0.375 0.8818359375 0.3193359375 0.83984375 0.291015625 0.8876953125
0 0.404296875 0.7939453125 0.41796875 0.8037109375 0.466796875 0.7646484375 0.4345703125 0.728515625 0.40234375 0.7529296875 0.404296875 0.7939453125
0 0.412109375 0.8701171875 0.4716796875 0.884765625 0.4951171875 0.912109375 0.521484375 0.9111328125 0.537109375 0.8466796875 0.5224609375 0.80859375 0.4833984375 0.8125 0.412109375 0.8701171875
0 0.66015625 0.3623046875 0.669921875 0.3291015625 0.6455078125 0.326171875 0.6328125 0.3466796875 0.66015625 0.3623046875
0 0.6591796875 0.142578125 0.681640625 0.1455078125 0.697265625 0.1357421875 0.6923828125 0.123046875 0.658203125 0.1279296875 0.6591796875 0.142578125
0 0.4970703125 0.16015625 0.5234375 0.1591796875 0.533203125 0.1494140625 0.5205078125 0.138671875 0.478515625 0.1396484375 0.4970703125 0.16015625
0 0.546875 0.1318359375 0.59765625 0.1494140625 0.62109375 0.1298828125 0.6103515625 0.11328125 0.5712890625 0.109375 0.546875 0.1318359375
0 0.751953125 0.1162109375 0.7744140625 0.15234375 0.791015625 0.1533203125 0.8046875 0.0810546875 0.81640625 0.0849609375 0.8076171875 0.068359375 0.751953125 0.1162109375
0 0.689453125 0.0458984375 0.703125 0.0654296875 0.7783203125 0.0390625 0.79296875 0.0205078125 0.7294921875 0.0234375 0.689453125 0.0458984375
0 0.9111328125 0.248046875 0.841796875 0.2529296875 0.927734375 0.2822265625 0.9111328125 0.248046875
0 0.916015625 0.4091796875 0.931640625 0.3916015625 0.9150390625 0.376953125 0.876953125 0.3974609375 0.916015625 0.4091796875
0 0.8876953125 0.544921875 0.92578125 0.5478515625 0.94140625 0.5400390625 0.9267578125 0.517578125 0.876953125 0.5244140625 0.8876953125 0.544921875
0 0.6796875 0.4638671875 0.69140625 0.4501953125 0.6748046875 0.4375 0.62109375 0.4423828125 0.6796875 0.4638671875
0 0.8076171875 0.75390625 0.76953125 0.7646484375 0.798828125 0.7822265625 0.8076171875 0.75390625
0 0.806640625 0.4169921875 0.8115234375 0.392578125 0.76953125 0.3916015625 0.7705078125 0.408203125 0.806640625 0.4169921875
0 0.556640625 0.6005859375 0.623046875 0.6181640625 0.638671875 0.6044921875 0.6103515625 0.576171875 0.5810546875 0.576171875 0.556640625 0.6005859375