0 0.533203125 0.4306640625 0.59375 0.4482421875 0.625 0.4384765625 0.625 0.4150390625 0.5673828125 0.390625 0.533203125 0.4306640625
0 0.5263671875 0.373046875 0.4921875 0.3818359375 0.5234375 0.3935546875 0.5263671875 0.373046875
0 0.451171875 0.4287109375 0.47265625 0.4189453125 0.4423828125 0.40234375 0.43359375 0.4189453125 0.451171875 0.4287109375
0 0.4765625 0.5087890625 0.4892578125 0.541015625 0.517578125 0.5439453125 0.5458984375 0.537109375 0.546875 0.5244140625 0.5068359375 0.501953125 0.4765625 0.5087890625
0 0.4169921875 0.662109375 0.44921875 0.6630859375 0.4765625 0.6494140625 0.4755859375 0.625 0.40234375 0.6259765625 0.4169921875 0.662109375
0 0.283203125 0.7236328125 0.306640625 0.6650390625 0.2880859375 0.65234375 0.26171875 0.6728515625 0.283203125 0.7236328125
0 0.384765625 0.7431640625 0.3896484375 0.693359375 0.33203125 0.7197265625 0.3369140625 0.736328125 0.384765625 0.7431640625
0 0.3076171875 0.470703125 0.1826171875 0.4375 0.158203125 0.3818359375 0.2177734375 0.306640625 0.2490234375 0.306640625 0.2578125 0.2880859375 0.1650390625 0.26171875 0.1318359375 0.234375 0.0986328125 0.2421875 0.095703125 0.2705078125 0.033203125 0.3623046875 0.0625 0.3876953125 0.025390625 0.3955078125 0.0634765625 0.4140625 0.0830078125 0.443359375 0.1044921875 0.423828125 0.1669921875 0.470703125 0.1669921875 0.484375 0.12890625 0.4853515625 0.1826171875 0.490234375 0.1875 0.5361328125 0.2265625 0.6005859375 0.263671875 0.6103515625 0.291015625 0.5810546875 0.275390625 0.5400390625 0.333984375 0.5029296875 0.3076171875 0.470703125
0 0.314453125 0.8583984375 0.314453125 0.8212890625 0.2392578125 0.75 0.22265625 0.8369140625 0.314453125 0.8583984375
0 0.5087890625 0.779296875 0.484375 0.8134765625 0.5390625 0.8505859375 0.57421875 0.8173828125 0.5537109375 0.81640625 0.5361328125 0.78125 0.5087890625 0.779296875
0 0.4296875 0.9404296875 0.49609375 0.9541015625 0.5234375 0.9423828125 0.5244140625 0.923828125 0.4833984375 0.91796875 0.4296875 0.9404296875
0 0.5849609375 0.87109375 0.560546875 0.8876953125 0.5732421875 0.904296875 0.6220703125 0.908203125 0.6533203125 0.935546875 0.689453125 0.9423828125 0.7109375 0.9267578125 0.6806640625 0.85546875 0.6708984375 0.87109375 0.5849609375 0.87109375
0 0.66015625 0.7861328125 0.6962890625 0.82421875 0.71875 0.8271484375 0.7568359375 0.822265625 0.767578125 0.8056640625 0.6884765625 0.76953125 0.66015625 0.7861328125
0 0.67578125 0.8740234375 0.7109375 0.8466796875 0.6484375 0.8525390625 0.6494140625 0.873046875 0.67578125 0.8740234375
0 0.7490234375 0.580078125 0.701171875 0.5869140625 0.7421875 0.6142578125 0.7490234375 0.580078125
0 0.8662109375 0.55859375 0.8046875 0.5830078125 0.8134765625 0.603515625 0.876953125 0.6123046875 0.890625 0.5908203125 0.857421875 0.5849609375 0.873046875 0.5693359375 0.8662109375 0.55859375
0 0.8642578125 0.642578125 0.826171875 0.6591796875 0.8515625 0.6689453125 0.8642578125 0.642578125
0 0.837890625 0.7041015625 0.845703125 0.6806640625 0.8330078125 0.671875 0.798828125 0.6943359375 0.837890625 0.7041015625
0 0.810546875 0.7509765625 0.82421875 0.7451171875 0.8173828125 0.7265625 0.78515625 0.7412109375 0.810546875 0.7509765625
0 0.728515625 0.4501953125 0.796875 0.4716796875 0.8466796875 0.455078125 0.875 0.4130859375 0.7587890625 0.396484375 0.728515625 0.4501953125
0 0.8056640625 0.28125 0.7939453125 0.310546875 0.7578125 0.3173828125 0.8232421875 0.36328125 0.8984375 0.3720703125 0.91015625 0.3701171875 0.9033203125 0.359375 0.8603515625 0.337890625 0.8056640625 0.28125
0 0.7197265625 0.205078125 0.6220703125 0.232421875 0.591796875 0.2548828125 0.6142578125 0.27734375 0.72265625 0.2939453125 0.73828125 0.2724609375 0.724609375 0.2451171875 0.732421875 0.2119140625 0.7197265625 0.205078125
0 0.669921875 0.3564453125 0.697265625 0.3603515625 0.73046875 0.3408203125 0.7294921875 0.31640625 0.69140625 0.3154296875 0.669921875 0.3564453125
0 0.4462890625 0.22265625 0.455078125 0.1708984375 0.4052734375 0.166015625 0.3779296875 0.18359375 0.345703125 0.2451171875 0.30078125 0.2646484375 0.298828125 0.2880859375 0.3203125 0.2900390625 0.3720703125 0.27734375 0.404296875 0.2548828125 0.4052734375 0.23046875 0.4462890625 0.22265625
0 0.5078125 0.1806640625 0.5234375 0.1435546875 0.4794921875 0.14453125 0.47265625 0.1630859375 0.5078125 0.1806640625
0 0.556640625 0.2509765625 0.5439453125 0.21484375 0.5 0.2119140625 0.5302734375 0.24609375 0.556640625 0.2509765625
0 0.615234375 0.2314453125 0.646484375 0.2197265625 0.6220703125 0.201171875 0.5 0.2138671875 0.615234375 0.2314453125
0 0.2490234375 0.017578125 0.2041015625 0.03125 0.1953125 0.0439453125 0.20703125 0.0556640625 0.1875 0.0654296875 0.212890625 0.0869140625 0.205078125 0.1494140625 0.2138671875 0.12890625 0.2177734375 0.14453125 0.296875 0.1572265625 0.251953125 0.0869140625 0.287109375 0.0615234375 0.279296875 0.0380859375 0.2490234375 0.017578125