0 0.0966796875 0.220703125 0.130859375 0.2197265625 0.134765625 0.1689453125 0.1484375 0.1591796875 0.134765625 0.1474609375 0.146484375 0.1279296875 0.123046875 0.1142578125 0.2666015625 0.01953125 0.2587890625 0 0.1494140625 0.0234375 0.06640625 0.1220703125 0.029296875 0.2119140625 0.01953125 0.4130859375 0.060546875 0.4306640625 0.060546875 0.3896484375 0.091796875 0.3623046875 0.072265625 0.2548828125 0.0966796875 0.220703125
0 0.1875 0.1884765625 0.2119140625 0.236328125 0.259765625 0.2529296875 0.2734375 0.2158203125 0.2568359375 0.181640625 0.2255859375 0.171875 0.1875 0.1884765625
0 0.1181640625 0.31640625 0.1669921875 0.29296875 0.1923828125 0.318359375 0.19140625 0.2548828125 0.21875 0.2412109375 0.1767578125 0.1953125 0.0810546875 0.181640625 0.033203125 0.2236328125 0.029296875 0.3232421875 0.044921875 0.3388671875 0.0986328125 0.28515625 0.150390625 0.2861328125 0.1259765625 0.2890625 0.1181640625 0.31640625
0 0.130859375 0.3701171875 0.1318359375 0.328125 0.1142578125 0.32421875 0.0986328125 0.357421875 0.07421875 0.2978515625 0.0498046875 0.30078125 0.0380859375 0.28515625 0.0322265625 0.296875 0.0302734375 0.28515625 0.01953125 0.4130859375 0.046875 0.4521484375 0.1298828125 0.427734375 0.1767578125 0.439453125 0.19140625 0.4130859375 0.130859375 0.3701171875
0 0.1484375 0.4638671875 0.1796875 0.4423828125 0.1259765625 0.408203125 0.0849609375 0.431640625 0.0498046875 0.421875 0.0625 0.3955078125 0.0380859375 0.376953125 0.02734375 0.4130859375 0.041015625 0.5146484375 0.0478515625 0.482421875 0.056640625 0.5029296875 0.052734375 0.5419921875 0.06640625 0.5419921875 0.1064453125 0.607421875 0.162109375 0.6279296875 0.2021484375 0.62109375 0.203125 0.5966796875 0.2265625 0.5966796875 0.1484375 0.4638671875
0 0.2861328125 0.626953125 0.345703125 0.6513671875 0.359375 0.6201171875 0.3447265625 0.59765625 0.279296875 0.6025390625 0.2861328125 0.626953125
0 0.359375 0.6337890625 0.35546875 0.6064453125 0.3095703125 0.58984375 0.1982421875 0.625 0.21875 0.6689453125 0.2109375 0.6865234375 0.23828125 0.6982421875 0.271484375 0.6845703125 0.2880859375 0.634765625 0.3427734375 0.654296875 0.359375 0.6337890625
0 0.40625 0.4755859375 0.4248046875 0.52734375 0.482421875 0.5400390625 0.5 0.5029296875 0.4892578125 0.486328125 0.4345703125 0.46875 0.40625 0.4755859375
0 0.3388671875 0.208984375 0.3623046875 0.21875 0.3701171875 0.205078125 0.3779296875 0.224609375 0.3857421875 0.208984375 0.3896484375 0.22265625 0.3935546875 0.20703125 0.4091796875 0.21875 0.4658203125 0.203125 0.4677734375 0.19140625 0.4814453125 0.201171875 0.4892578125 0.18359375 0.4970703125 0.20703125 0.5029296875 0.193359375 0.5107421875 0.2109375 0.5419921875 0.193359375 0.5908203125 0.21875 0.595703125 0.1826171875 0.615234375 0.1787109375 0.609375 0.1494140625 0.65234375 0.1533203125 0.4970703125 0.068359375 0.3349609375 0.013671875 0.2314453125 0 0.1455078125 0.03515625 0.07421875 0.1220703125 0.037109375 0.2177734375 0.04296875 0.2626953125 0.0888671875 0.232421875 0.1611328125 0.25390625 0.2041015625 0.23828125 0.2451171875 0.26171875 0.294921875 0.2646484375 0.3056640625 0.248046875 0.349609375 0.2373046875 0.330078125 0.2177734375 0.3388671875 0.208984375
0 0.658203125 0.3935546875 0.65625 0.3466796875 0.6220703125 0.33984375 0.609375 0.3759765625 0.658203125 0.3935546875
0 0.5888671875 0.27734375 0.654296875 0.2900390625 0.6796875 0.2822265625 0.6611328125 0.25390625 0.578125 0.2548828125 0.5888671875 0.27734375
0 0.8134765625 0.38671875 0.814453125 0.4365234375 0.83984375 0.4404296875 0.8134765625 0.38671875
0 0.7421875 0.3916015625 0.748046875 0.3662109375 0.7099609375 0.330078125 0.708984375 0.3759765625 0.7421875 0.3916015625
0 0.408203125 0.6337890625 0.408203125 0.6826171875 0.4248046875 0.701171875 0.4560546875 0.71875 0.53125 0.7216796875 0.5390625 0.6767578125 0.5185546875 0.646484375 0.4892578125 0.658203125 0.408203125 0.6337890625
0 0.5361328125 0.634765625 0.544921875 0.6806640625 0.5859375 0.7021484375 0.607421875 0.6865234375 0.599609375 0.6474609375 0.5771484375 0.626953125 0.5361328125 0.634765625
0 0.4697265625 0.8125 0.4013671875 0.85546875 0.384765625 0.8876953125 0.431640625 0.9130859375 0.4541015625 0.859375 0.5087890625 0.849609375 0.51953125 0.8349609375 0.4697265625 0.8125
0 0.546875 0.8017578125 0.56640625 0.8193359375 0.61328125 0.7822265625 0.5966796875 0.75390625 0.5732421875 0.759765625 0.546875 0.8017578125
0 0.64453125 0.7939453125 0.658203125 0.7841796875 0.6494140625 0.759765625 0.623046875 0.7783203125 0.64453125 0.7939453125
0 0.7646484375 0.77734375 0.716796875 0.8193359375 0.70703125 0.8505859375 0.771484375 0.8623046875 0.8056640625 0.859375 0.814453125 0.8349609375 0.7890625 0.7861328125 0.7646484375 0.77734375
0 0.7236328125 0.88671875 0.6953125 0.9169921875 0.7099609375 0.939453125 0.7490234375 0.921875 0.78125 0.9404296875 0.8203125 0.9052734375 0.8251953125 0.87890625 0.7685546875 0.89453125 0.7236328125 0.88671875
0 0.7119140625 0.6015625 0.728515625 0.6025390625 0.763671875 0.5771484375 0.7451171875 0.529296875 0.701171875 0.5771484375 0.7119140625 0.6015625
0 0.78515625 0.7119140625 0.80078125 0.6708984375 0.7763671875 0.6484375 0.75390625 0.6806640625 0.78515625 0.7119140625
0 0.876953125 0.7626953125 0.876953125 0.7216796875 0.7978515625 0.716796875 0.83203125 0.7978515625 0.87109375 0.8134765625 0.89453125 0.8056640625 0.880859375 0.8017578125 0.896484375 0.7666015625 0.876953125 0.7626953125
0 0.658203125 0.6943359375 0.6650390625 0.751953125 0.75390625 0.7509765625 0.76171875 0.7392578125 0.7353515625 0.703125 0.7080078125 0.7109375 0.658203125 0.6943359375
0 0.65625 0.6240234375 0.66796875 0.6064453125 0.6474609375 0.583984375 0.630859375 0.6220703125 0.65625 0.6240234375
0 0.40234375 0.4775390625 0.4306640625 0.53515625 0.48046875 0.5419921875 0.501953125 0.5166015625 0.5009765625 0.48828125 0.4365234375 0.466796875 0.40234375 0.4775390625
0 0.65234375 0.4599609375 0.671875 0.4423828125 0.6533203125 0.4140625 0.626953125 0.4345703125 0.65234375 0.4599609375
0 0.71875 0.4501953125 0.759765625 0.4677734375 0.77734375 0.4580078125 0.76953125 0.4326171875 0.7294921875 0.427734375 0.71875 0.4501953125