0 0.36328125 0.4775390625 0.41796875 0.5166015625 0.435546875 0.4443359375 0.4013671875 0.412109375 0.3671875 0.4443359375 0.36328125 0.4775390625
0 0.15234375 0.6123046875 0.171875 0.6142578125 0.212890625 0.6044921875 0.2080078125 0.5703125 0.146484375 0.5673828125 0.15234375 0.6123046875
0 0.18359375 0.5322265625 0.201171875 0.5029296875 0.1513671875 0.484375 0.140625 0.5126953125 0.18359375 0.5322265625
0 0.23828125 0.4521484375 0.26171875 0.4599609375 0.345703125 0.4033203125 0.3115234375 0.380859375 0.2587890625 0.40625 0.23828125 0.4521484375
0 0.62890625 0.1083984375 0.64453125 0.1259765625 0.6328125 0.1650390625 0.6640625 0.1845703125 0.701171875 0.1083984375 0.6728515625 0.078125 0.6435546875 0.0859375 0.62890625 0.1083984375
0 0.6982421875 0.126953125 0.66796875 0.1767578125 0.6796875 0.1904296875 0.7080078125 0.177734375 0.7490234375 0.189453125 0.765625 0.1435546875 0.6982421875 0.126953125
0 0.3564453125 0.615234375 0.326171875 0.6533203125 0.349609375 0.6767578125 0.3564453125 0.615234375
0 0.2607421875 0.62890625 0.265625 0.6474609375 0.27734375 0.6044921875 0.2392578125 0.603515625 0.232421875 0.6201171875 0.2607421875 0.62890625
0 0.3046875 0.5478515625 0.31640625 0.5244140625 0.2998046875 0.509765625 0.28515625 0.5322265625 0.3046875 0.5478515625
0 0.07421875 0.6416015625 0.1015625 0.6572265625 0.11328125 0.6474609375 0.107421875 0.6220703125 0.0634765625 0.609375 0.07421875 0.6416015625
0 0.11328125 0.7607421875 0.12109375 0.7255859375 0.1103515625 0.7109375 0.083984375 0.7451171875 0.11328125 0.7607421875
0 0.22265625 0.8525390625 0.236328125 0.8232421875 0.2041015625 0.8046875 0.19921875 0.8212890625 0.22265625 0.8525390625
0 0.26171875 0.7880859375 0.2685546875 0.779296875 0.28125 0.7958984375 0.30859375 0.7724609375 0.2841796875 0.7421875 0.2578125 0.7548828125 0.26171875 0.7880859375
0 0.68359375 0.4814453125 0.7109375 0.4482421875 0.7001953125 0.43359375 0.6640625 0.4560546875 0.68359375 0.4814453125
0 0.7529296875 0.251953125 0.794921875 0.2529296875 0.8125 0.2451171875 0.8076171875 0.22265625 0.751953125 0.2353515625 0.7529296875 0.251953125
0 0.51953125 0.3408203125 0.5234375 0.2978515625 0.4814453125 0.296875 0.4765625 0.3173828125 0.51953125 0.3408203125
0 0.7177734375 0.50390625 0.703125 0.5185546875 0.72265625 0.5322265625 0.7177734375 0.50390625
0 0.625 0.6904296875 0.6025390625 0.69140625 0.619140625 0.7177734375 0.625 0.6904296875
0 0.19921875 0.2900390625 0.220703125 0.2802734375 0.2294921875 0.248046875 0.193359375 0.2763671875 0.19921875 0.2900390625
0 0.1220703125 0.345703125 0.095703125 0.3818359375 0.119140625 0.3876953125 0.1220703125 0.345703125