0 0.3740234375 0.322265625 0.4169921875 0.322265625 0.4853515625 0.37109375 0.505859375 0.3544921875 0.484375 0.3505859375 0.4912109375 0.33203125 0.5 0.3447265625 0.494140625 0.3193359375 0.5087890625 0.30859375 0.55859375 0.3193359375 0.5478515625 0.328125 0.5927734375 0.322265625 0.6611328125 0.287109375 0.697265625 0.2451171875 0.6708984375 0.2265625 0.6513671875 0.25390625 0.5869140625 0.203125 0.4951171875 0.2109375 0.4130859375 0.126953125 0.2744140625 0.1015625 0.2431640625 0.08984375 0.2333984375 0.064453125 0.2099609375 0.0625 0.1044921875 0.1328125 0.08984375 0.1669921875 0.1025390625 0.197265625 0.154296875 0.2158203125 0.142578125 0.2216796875 0.15234375 0.2568359375 0.115234375 0.3310546875 0.11328125 0.3798828125 0.13671875 0.4208984375 0.134765625 0.4052734375 0.1689453125 0.380859375 0.2646484375 0.369140625 0.3740234375 0.322265625
0 0.1865234375 0.376953125 0.1416015625 0.39453125 0.1142578125 0.365234375 0.103515625 0.3759765625 0.107421875 0.4208984375 0.078125 0.4638671875 0.091796875 0.4912109375 0.1640625 0.4541015625 0.1640625 0.4091796875 0.19140625 0.3876953125 0.1865234375 0.376953125
0 0.3798828125 0.359375 0.3515625 0.3720703125 0.3486328125 0.396484375 0.3115234375 0.39453125 0.30859375 0.4267578125 0.34375 0.4423828125 0.3388671875 0.4296875 0.4130859375 0.404296875 0.423828125 0.3798828125 0.3798828125 0.359375
0 0.498046875 0.3798828125 0.50390625 0.4091796875 0.546875 0.4345703125 0.560546875 0.4228515625 0.548828125 0.3603515625 0.5205078125 0.357421875 0.498046875 0.3798828125
0 0.6904296875 0.373046875 0.66796875 0.3955078125 0.669921875 0.4599609375 0.69140625 0.4697265625 0.73046875 0.4404296875 0.732421875 0.4033203125 0.7158203125 0.373046875 0.6904296875 0.373046875
0 0.439453125 0.5322265625 0.470703125 0.5576171875 0.5361328125 0.533203125 0.546875 0.4990234375 0.4833984375 0.501953125 0.439453125 0.5322265625
0 0.404296875 0.6298828125 0.4580078125 0.619140625 0.46484375 0.5986328125 0.3916015625 0.58203125 0.3505859375 0.603515625 0.3017578125 0.53125 0.2470703125 0.521484375 0.2265625 0.5615234375 0.26953125 0.6025390625 0.26171875 0.6162109375 0.275390625 0.6298828125 0.25390625 0.6455078125 0.294921875 0.6845703125 0.328125 0.7841796875 0.349609375 0.7841796875 0.4609375 0.7470703125 0.421875 0.6865234375 0.423828125 0.6416015625 0.404296875 0.6298828125
0 0.58984375 0.7099609375 0.5849609375 0.744140625 0.64453125 0.7509765625 0.66796875 0.7333984375 0.6474609375 0.693359375 0.6337890625 0.68359375 0.58984375 0.7099609375
0 0.4404296875 0.65625 0.48828125 0.6611328125 0.578125 0.6376953125 0.5576171875 0.625 0.447265625 0.6240234375 0.4404296875 0.65625
0 0.587890625 0.5537109375 0.6328125 0.5673828125 0.64453125 0.5498046875 0.63671875 0.5283203125 0.6025390625 0.51953125 0.587890625 0.5537109375
0 0.595703125 0.6396484375 0.609375 0.6201171875 0.5771484375 0.6015625 0.560546875 0.6259765625 0.595703125 0.6396484375
0 0.6787109375 0.52734375 0.71484375 0.5283203125 0.7353515625 0.50390625 0.6923828125 0.49609375 0.66015625 0.5087890625 0.6787109375 0.52734375
0 0.8134765625 0.666015625 0.83203125 0.6650390625 0.859375 0.6240234375 0.8232421875 0.6015625 0.80078125 0.6376953125 0.8134765625 0.666015625
0 0.6748046875 0.685546875 0.6953125 0.6865234375 0.7109375 0.6767578125 0.7080078125 0.650390625 0.669921875 0.6650390625 0.6748046875 0.685546875
0 0.5859375 0.8525390625 0.6103515625 0.880859375 0.6552734375 0.87109375 0.677734375 0.8818359375 0.732421875 0.8720703125 0.6572265625 0.82421875 0.6201171875 0.828125 0.5859375 0.8525390625
0 0.798828125 0.7431640625 0.806640625 0.7861328125 0.857421875 0.7626953125 0.8486328125 0.73046875 0.8193359375 0.724609375 0.798828125 0.7431640625
0 0.86328125 0.7509765625 0.8955078125 0.73828125 0.93359375 0.7568359375 0.95703125 0.7041015625 0.9326171875 0.71875 0.8779296875 0.6953125 0.86328125 0.7509765625
0 0.765625 0.4228515625 0.7890625 0.4345703125 0.828125 0.4072265625 0.7880859375 0.38671875 0.7626953125 0.392578125 0.765625 0.4228515625
0 0.9423828125 0.54296875 0.8828125 0.5517578125 0.955078125 0.5654296875 0.9423828125 0.54296875
0 0.787109375 0.8134765625 0.8046875 0.7880859375 0.7939453125 0.771484375 0.759765625 0.7998046875 0.787109375 0.8134765625
0 0.8720703125 0.8671875 0.83203125 0.8564453125 0.8486328125 0.8828125 0.880859375 0.8837890625 0.927734375 0.8623046875 0.9384765625 0.818359375 0.9267578125 0.841796875 0.8720703125 0.8671875
0 0.57421875 0.3564453125 0.5673828125 0.421875 0.66015625 0.4287109375 0.681640625 0.3779296875 0.6689453125 0.361328125 0.6201171875 0.345703125 0.57421875 0.3564453125