0 0.064208984375 0.3544921859375 0.13109334374999998 0.3974609390625 0.16854858281250001 0.3740234375 0.15650940156249998 0.3222656234375 0.0815989171875 0.3320312515625 0.064208984375 0.3544921859375
0 0.1096903484375 0.1845703125 0.13644409375 0.1962890609375 0.18995157812500002 0.1611328140625 0.1725616453125 0.126953125 0.1498209640625 0.1318359390625 0.1096903484375 0.1845703125
0 0.314356484375 0.1875 0.2742258703125 0.1816406234375 0.25148518750000004 0.1943359390625 0.2407836921875 0.2236328140625 0.263524375 0.248046875 0.3397725421875 0.2529296875 0.41200765156249997 0.2158203125 0.4106699640625 0.15625 0.322382609375 0.158203125 0.314356484375 0.1875
0 0.032104489062500005 0.4599609390625 0.0294291203125 0.5654296875 0.057520546875 0.6015625015625 0.0829366046875 0.6005859390625 0.0829366046875 0.5361328140625 0.12306721875 0.5087890609375 0.070897421875 0.4121093765625 0.032104489062500005 0.4599609390625
0 0.456151328125 0.40625 0.4173583953125 0.4404296875 0.42270914531250003 0.4736328140625 0.4628397609375 0.4853515625 0.4936065671875 0.4785156234375 0.513671875 0.4521484375 0.49895731718749997 0.404296875 0.456151328125 0.40625
0 0.3585001609375 0.3564453125 0.37455240624999997 0.3603515625 0.41200765156249997 0.3369140609375 0.40799458906249997 0.314453125 0.3585001609375 0.3154296875 0.3585001609375 0.3564453125
0 0.2260691296875 0.4257812515625 0.20600382343749998 0.4345703125 0.20600382343749998 0.4423828140625 0.21269226093750002 0.4492187484375 0.2340952546875 0.453125 0.25416056249999996 0.4521484375 0.25951131250000004 0.4501953125 0.263524375 0.4257812515625 0.258173625 0.423828125 0.2260691296875 0.4257812515625
0 0.327733359375 0.486328125 0.311681109375 0.486328125 0.2956288640625 0.4921874984375 0.2688751203125 0.4941406234375 0.2648620625 0.4970703125 0.2648620625 0.5048828140625 0.27957662031249997 0.513671875 0.31836954687499996 0.5126953125 0.330408734375 0.5078125015625 0.3370971671875 0.5009765625 0.3344217921875 0.4912109390625 0.327733359375 0.486328125
0 0.5591532390625 0.2666015625 0.585906984375 0.2431640609375 0.573867796875 0.2265625015625 0.5431009953125 0.2451171859375 0.5591532390625 0.2666015625
0 0.5390879328125 0.2851562515625 0.5029703750000001 0.3251953125 0.5457763640625 0.3330078140625 0.5390879328125 0.2851562515625
0 0.7236887609375 0.2441406234375 0.64208984375 0.2958984375 0.6099853546875 0.3466796875 0.6688435890625 0.3662109390625 0.7223510734375 0.3056640609375 0.7678324375 0.2880859390625 0.76649475 0.2441406234375 0.7236887609375 0.2441406234375
0 0.36251322343750003 0 0.3397725421875 0.0009765625 0.3611755359375 0.010742185937499999 0.36251322343750003 0
0 0.4842427546875 0.0009765625 0.4106699640625 0 0.4334106453125 0.036132814062500004 0.4842427546875 0.0009765625
0 0.5992838546875 0.1123046875 0.6233622234375 0.0654296875 0.5604909265625 0.064453125 0.577880859375 0.1083984375 0.5992838546875 0.1123046875
0 0.5230356875 0.064453125 0.4360860203125 0.08300781406249999 0.449462890625 0.1435546875 0.4695281984375 0.109375 0.5230356875 0.11914062343750001 0.5404256203125 0.1083984375 0.5230356875 0.064453125
0 0.706298828125 0.2021484375 0.7517801921875 0.1884765625 0.7450917546875 0.1640625015625 0.6875712078125 0.1767578140625 0.706298828125 0.2021484375
0 0.4146830265625 0.6650390609375 0.45748901562500005 0.6728515625 0.4976196296875 0.6455078140625 0.4936065671875 0.607421875 0.42538452031249996 0.6201171859375 0.4146830265625 0.6650390609375
0 0.2461344375 0.7626953125 0.25549825 0.783203125 0.2916158015625 0.7880859390625 0.3344217921875 0.7412109390625 0.311681109375 0.7070312515625 0.2835896828125 0.7138671859375 0.2461344375 0.7626953125
0 0.6728566515625001 0.4648437484375 0.63272603125 0.470703125 0.6206868484375 0.4970703125 0.6768697078125 0.5107421859375 0.6715189640625 0.5458984375 0.7223510734375 0.5537109390625 0.7651570624999999 0.5068359390625 0.7317148859375 0.4902343765625 0.696935015625 0.501953125 0.6728566515625001 0.4648437484375
0 0.5484517390625 0.5830078140625 0.577880859375 0.5673828140625 0.568517046875 0.5429687484375 0.5083211249999999 0.5576171859375 0.5484517390625 0.5830078140625
0 0.7531178796875 0.6679687484375 0.7196756984375 0.6845703125 0.7491048171875 0.6923828140625 0.7531178796875 0.6679687484375
0 0.8708343484375 0.9316406234375 0.7972615578125 0.8857421859375 0.7905731203124999 0.859375 0.7290395109375 0.8671874984375 0.5979461671874999 0.923828125 0.46417744843750003 0.9453125015625 0.4160207140625 0.8632812515625 0.34913635468750004 0.8671874984375 0.3370971671875 0.8798828140625 0.3424479171875 0.9013671859375 0.39461771875 0.9160156234375 0.445449828125 0.9589843765625 0.710311890625 0.939453125 0.774520875 0.9628906234375 0.8668212921875 0.9716796875 0.9109649640624999 0.970703125 0.9363810203125 0.9345703125 0.9216664640625 0.919921875 0.8708343484375 0.9316406234375
0 0.89089965625 0.7900390609375 0.9016011562499999 0.7646484375 0.8601328546874999 0.7304687484375 0.8400675468750001 0.7666015625 0.89089965625 0.7900390609375
0 0.834716796875 0.6201171859375 0.8454182921875001 0.6025390609375 0.8093007390625001 0.5898437484375 0.8052876765624999 0.6142578140625 0.834716796875 0.6201171859375
0 0.7410786921875 0.3701171859375 0.7651570624999999 0.3759765625 0.8507690421874999 0.3310546875 0.8173268640625 0.2851562515625 0.7437540671875 0.3486328140625 0.7410786921875 0.3701171859375