0 0.302734375 0.9012885828125 0.310546875 0.8807714453125 0.310546875 0.8250820687499999 0.2841796875 0.788444321875 0.2763671875 0.7855133015625 0.2666015625 0.7943063609375 0.2587890625 0.7796512625 0.2548828125 0.7796512625 0.234375 0.8074959500000001 0.228515625 0.8309441078124999 0.23046875 0.8426681874999999 0.2470703125 0.8734438953125 0.26171875 0.886633484375 0.26171875 0.9012885828125 0.251953125 0.921805721875 0.25390625 0.9335298015625 0.2763671875 0.9584434671875 0.291015625 0.9599089781249999 0.3203125 0.9540469390625 0.314453125 0.9305987796874999 0.306640625 0.921805721875 0.302734375 0.9012885828125
0 0.2177734375 0.788444321875 0.205078125 0.7928408515625 0.19140625 0.8485302265625 0.1953125 0.8807714453125 0.2041015625 0.896892053125 0.20703125 0.89542654375 0.21484375 0.886633484375 0.2265625 0.8397371671875 0.224609375 0.8045649296875 0.2177734375 0.788444321875
0 0.26171875 0.7078412765625 0.259765625 0.7195653562500001 0.2666015625 0.72689290625 0.283203125 0.728358415625 0.2890625 0.7166343375 0.2763671875 0.682927609375 0.271484375 0.69904821875 0.26171875 0.7078412765625
0 0.30859375 0.8104269703125 0.310546875 0.8045649296875 0.3037109375 0.7943063609375 0.302734375 0.8074959500000001 0.30859375 0.8104269703125
0 0.33203125 0.763530653125 0.3291015625 0.7679271828124999 0.3232421875 0.7679271828124999 0.322265625 0.7605996328125 0.3115234375 0.7503410640625 0.302734375 0.7605996328125 0.3115234375 0.7767202421875 0.3203125 0.7723237125 0.322265625 0.7899098312499999 0.3173828125 0.8001684015625001 0.3125 0.801633909375 0.310546875 0.8280130890624999 0.322265625 0.8309441078124999 0.328125 0.8250820687499999 0.33203125 0.8074959500000001 0.3330078125 0.7356859640625 0.33203125 0.763530653125
0 0.26171875 0.6550829203124999 0.2734375 0.66387598125 0.2734375 0.6433588421875001 0.2705078125 0.6389623125 0.2646484375 0.64189333125 0.26171875 0.6550829203124999
0 0.2958984375 0.63603129375 0.294921875 0.6521519015624999 0.2998046875 0.6594794515625 0.306640625 0.658013940625 0.3125 0.6462898625 0.310546875 0.6374968015625 0.3076171875 0.6331002734375 0.2958984375 0.63603129375
0 0.400390625 0.8309441078124999 0.3837890625 0.8001684015625001 0.3681640625 0.79723738125 0.357421875 0.819220028125 0.3671875 0.8397371671875 0.375 0.8778404249999999 0.3828125 0.8807714453125 0.392578125 0.871978384375 0.39453125 0.8455992078125 0.400390625 0.8397371671875 0.400390625 0.8309441078124999
0 0.568359375 0.921805721875 0.576171875 0.904219603125 0.576171875 0.889564503125 0.5693359375 0.8822369546875001 0.52734375 0.886633484375 0.54296875 0.924736740625 0.5419921875 0.9408573499999999 0.5263671875 0.9262022515625 0.50390625 0.939391840625 0.51171875 0.9833571359375 0.5205078125 0.9965467265625 0.5390625 0.9980122359375001 0.544921875 0.9921501968750001 0.546875 0.9687020375 0.568359375 0.939391840625 0.568359375 0.921805721875
0 0.48828125 0.8045649296875 0.486328125 0.816289009375 0.4931640625 0.8324096187500001 0.51171875 0.833875128125 0.521484375 0.8250820687499999 0.5146484375 0.808961459375 0.5048828125 0.8030994203124999 0.48828125 0.8045649296875
0 0.583984375 0.73422045625 0.5673828125 0.67120353125 0.552734375 0.6902551578125 0.552734375 0.748875553125 0.5498046875 0.7503410640625 0.5380859375 0.7298239265625 0.5341796875 0.7298239265625 0.521484375 0.745944534375 0.51953125 0.7605996328125 0.525390625 0.7840477906250001 0.5400390625 0.8001684015625001 0.5478515625 0.8060304390624999 0.57421875 0.8074959500000001 0.5703125 0.7723237125 0.5751953125 0.756203103125 0.580078125 0.7664616718749999 0.583984375 0.73422045625
0 0.5908203125 0.58620395625 0.5791015625 0.5774108984375 0.5634765625 0.58620395625 0.55078125 0.6023245640625 0.55078125 0.611117625 0.568359375 0.666807 0.58984375 0.69904821875 0.591796875 0.7137033171875 0.599609375 0.7195653562500001 0.603515625 0.7137033171875 0.587890625 0.6609449609375 0.595703125 0.5993935453125 0.5908203125 0.58620395625
0 0.7158203125 0.5774108984375 0.71484375 0.549566209375 0.6962890625 0.5275835609375 0.6826171875 0.5305145812500001 0.65625 0.5642213078125 0.6611328125 0.5774108984375 0.6826171875 0.5774108984375 0.6982421875 0.58620395625 0.7255859375 0.58620395625 0.74609375 0.5993935453125 0.74609375 0.5876694671875 0.7314453125 0.57154885625 0.7255859375 0.5832729359375 0.7158203125 0.5774108984375
0 0.802734375 0.7869788125 0.802734375 0.7781857515625 0.791015625 0.763530653125 0.7890625 0.68439311875 0.7822265625 0.6624104703125 0.779296875 0.6697380203125001 0.779296875 0.7078412765625 0.765625 0.728358415625 0.763671875 0.745944534375 0.7568359375 0.753272084375 0.7353515625 0.7503410640625 0.720703125 0.7781857515625 0.720703125 0.7957718703125 0.7294921875 0.808961459375 0.7509765625 0.823616559375 0.7578125 0.8221510484375001 0.7744140625 0.808961459375 0.7822265625 0.808961459375 0.7919921875 0.7913753406249999 0.802734375 0.7869788125
0 0.6904296875 0.4308599078125 0.6845703125 0.4484460265625 0.64453125 0.44111847812500005 0.6474609375 0.4484460265625 0.6708984375 0.463101125 0.6962890625 0.4718941859375 0.71484375 0.47042867499999996 0.73046875 0.4645666359375 0.7060546875 0.41913582812500005 0.7001953125 0.41913582812500005 0.6904296875 0.4308599078125
0 0.70703125 0.300429528125 0.7080078125 0.26965382031249996 0.6787109375 0.26965382031249996 0.658203125 0.2974985078125 0.650390625 0.3238776859375 0.640625 0.3414638046875 0.640625 0.3766360421875 0.650390625 0.3766360421875 0.6689453125 0.345860334375 0.6806640625 0.3370672734375 0.7001953125 0.3048260578125 0.70703125 0.300429528125
0 0.5771484375 0.20224036562499997 0.5546875 0.2183609734375 0.552734375 0.2418091328125 0.5576171875 0.24913668281249998 0.5849609375 0.26672280000000004 0.58984375 0.26525729062500003 0.6015625 0.250602190625 0.5966796875 0.21396444531249997 0.5849609375 0.20224036562499997 0.5771484375 0.20224036562499997
0 0.615234375 0.5583592687500001 0.6171875 0.5700833484375 0.6328125 0.5759453875 0.640625 0.5612902875 0.638671875 0.5524972296875 0.6220703125 0.5481006984375 0.615234375 0.5583592687500001