0 0.611328125 0.33175285312499997 0.61328125 0.304974596875 0.642578125 0.23059054843750001 0.6396484375 0.2023246109375 0.609375 0.20976301562500002 0.599609375 0.24249199531249999 0.59765625 0.2900977859375 0.560546875 0.334728215625 0.56640625 0.37935864375 0.583984375 0.41803834999999995 0.59765625 0.429939796875 0.6005859375 0.41655066874999996 0.623046875 0.40018617812499996 0.625 0.370432559375 0.611328125 0.33175285312499997
0 0.7880859375 0.086285496875 0.7607421875 0.09521158125 0.748046875 0.1205021578125 0.7548828125 0.14281737187500002 0.78125 0.1532311375 0.798828125 0.13240360625 0.80859375 0.0907485390625 0.8056640625 0.0684333234375 0.7880859375 0.086285496875
0 0.8779296875 0.20827533437499998 0.890625 0.206787653125 0.90625 0.1978615671875 0.8798828125 0.16364490468749998 0.87109375 0.1948862046875 0.8779296875 0.20827533437499998
0 0.8359375 0.715574540625 0.830078125 0.742352796875 0.8427734375 0.7587172875 0.86328125 0.7572296078125 0.869140625 0.70069773125 0.8662109375 0.6873086015625 0.8583984375 0.6873086015625 0.8359375 0.715574540625
0 0.4306640625 0.5206883343750001 0.419921875 0.5340774625 0.431640625 0.5400281875 0.4306640625 0.5206883343750001
0 0.3720703125 0.47903326875 0.3671875 0.492422396875 0.369140625 0.522176015625 0.38671875 0.5281267390625 0.41015625 0.492422396875 0.41015625 0.48349631249999997 0.3955078125 0.4701071828125 0.3720703125 0.47903326875
0 0.130859375 0.5192006546875 0.1474609375 0.5504419546875 0.15234375 0.5489542734375 0.173828125 0.5132499312500001 0.1728515625 0.48498399062499997 0.1455078125 0.4909347171875 0.130859375 0.5192006546875
0 0.1923828125 0.32431445000000003 0.208984375 0.32282676875 0.21484375 0.3168760453125 0.2138671875 0.2975361921875 0.189453125 0.29902387343750003 0.1923828125 0.32431445000000003
0 0.2158203125 0.3272898109375 0.212890625 0.334728215625 0.2333984375 0.3659695140625 0.2578125 0.3644818359375 0.26171875 0.349605025 0.2509765625 0.33621589687500003 0.2294921875 0.3272898109375 0.2158203125 0.3272898109375
0 0.2978515625 0.35109270625 0.314453125 0.3525803875 0.2939453125 0.31836372343749997 0.27734375 0.3198514046875 0.279296875 0.33175285312499997 0.2978515625 0.35109270625
0 0.40234375 0.1205021578125 0.40234375 0.17703403281250002 0.427734375 0.18893548124999998 0.443359375 0.141329690625 0.4306640625 0.1160391140625 0.4150390625 0.1071130296875 0.40234375 0.1205021578125
0 0.22265625 0.5102745671875 0.2255859375 0.53258978125 0.25390625 0.5340774625 0.26171875 0.525151378125 0.2470703125 0.4998608015625 0.2314453125 0.49688543906250005 0.22265625 0.5102745671875
0 0.6103515625 0.5504419546875 0.607421875 0.560855721875 0.615234375 0.6025107890625 0.6328125 0.63523976875 0.6435546875 0.6337520890625 0.64453125 0.617387596875 0.6328125 0.581683253125 0.6103515625 0.5504419546875
0 0.771484375 0.7185499015625 0.763671875 0.7453281609375 0.767578125 0.7661556921875 0.77734375 0.7661556921875 0.802734375 0.7572296078125 0.802734375 0.7393774359374999 0.7841796875 0.7081361359375 0.771484375 0.7185499015625
0 0.6484375 0.6887962828124999 0.6455078125 0.73193903125 0.681640625 0.7334267125 0.6953125 0.7185499015625 0.681640625 0.6977223703125001 0.6806640625 0.66648106875 0.6484375 0.6887962828124999
0 0.7001953125 0.818224525 0.69140625 0.837564378125 0.689453125 0.8554165499999999 0.70703125 0.8702933609375 0.7109375 0.8464904656250001 0.724609375 0.8197122078125 0.7216796875 0.809298440625 0.7001953125 0.818224525
0 0.6376953125 0.940214365625 0.626953125 0.968480303125 0.638671875 0.9774063890625 0.6591796875 0.9729433453125 0.66796875 0.9417020468749999 0.6611328125 0.9342636421874999 0.6376953125 0.940214365625
0 0.7763671875 0.523663696875 0.763671875 0.551929634375 0.7822265625 0.589121659375 0.802734375 0.5965600640625001 0.8154296875 0.5950723828125 0.81640625 0.587633978125 0.7890625 0.5340774625 0.7763671875 0.523663696875